  2.5000E-02  1.2967E-19  3.2395E-01
  7.5180E-02  7.9992E-24  3.2816E-01
  1.2572E-01  7.1965E-25  3.2815E-01
  1.7663E-01  2.0077E-25  3.2812E-01
  2.2790E-01  7.9137E-26  3.2809E-01
  2.7954E-01  3.8757E-26  3.2805E-01
  3.3155E-01  2.2488E-26  3.2801E-01
  3.8394E-01  1.5434E-26  3.2795E-01
  4.3670E-01  1.1992E-26  3.2790E-01
  4.8985E-01  9.8146E-27  3.2784E-01
  5.4337E-01  8.5720E-27  3.2777E-01
  5.9729E-01  7.7274E-27  3.2770E-01
  6.5159E-01  6.9487E-27  3.2763E-01
  7.0628E-01  6.2728E-27  3.2755E-01
  7.6136E-01  5.6902E-27  3.2746E-01
  8.1685E-01  5.1865E-27  3.2737E-01
  8.7273E-01  4.7488E-27  3.2728E-01
  9.2901E-01  4.3662E-27  3.2718E-01
  9.8570E-01  4.0297E-27  3.2708E-01
  1.0428E+00  3.7321E-27  3.2698E-01
  1.1003E+00  3.4675E-27  3.2687E-01
  1.1582E+00  3.2311E-27  3.2676E-01
  1.2166E+00  3.0190E-27  3.2665E-01
  1.2753E+00  2.8277E-27  3.2653E-01
  1.3345E+00  2.6546E-27  3.2642E-01
  1.3941E+00  2.4974E-27  3.2630E-01
  1.4542E+00  2.3541E-27  3.2617E-01
  1.5146E+00  2.2232E-27  3.2605E-01
  1.5755E+00  2.1031E-27  3.2592E-01
  1.6369E+00  1.9927E-27  3.2579E-01
  1.6987E+00  1.8910E-27  3.2566E-01
  1.7609E+00  1.7970E-27  3.2553E-01
  1.8236E+00  1.7099E-27  3.2540E-01
  1.8867E+00  1.6292E-27  3.2526E-01
  1.9503E+00  1.5540E-27  3.2513E-01
  2.0143E+00  1.4841E-27  3.2499E-01
  2.0788E+00  1.4188E-27  3.2485E-01
  2.1438E+00  1.3577E-27  3.2471E-01
  2.2092E+00  1.3005E-27  3.2457E-01
  2.2751E+00  1.2469E-27  3.2443E-01
  2.3415E+00  1.1966E-27  3.2429E-01
  2.4084E+00  1.1492E-27  3.2414E-01
  2.4757E+00  1.1046E-27  3.2400E-01
  2.5435E+00  1.0626E-27  3.2386E-01
  2.6119E+00  1.0229E-27  3.2371E-01
  2.6807E+00  9.8540E-28  3.2357E-01
  2.7500E+00  9.4991E-28  3.2342E-01
  2.8198E+00  9.1629E-28  3.2328E-01
  2.8901E+00  8.8442E-28  3.2313E-01
  2.9609E+00  8.5417E-28  3.2298E-01
  3.0322E+00  8.2543E-28  3.2284E-01
  3.1040E+00  7.9811E-28  3.2269E-01
  3.1764E+00  7.7211E-28  3.2254E-01
  3.2492E+00  7.4735E-28  3.2240E-01
  3.3226E+00  7.2375E-28  3.2225E-01
  3.3966E+00  7.0123E-28  3.2210E-01
  3.4710E+00  6.7973E-28  3.2196E-01
  3.5460E+00  6.5919E-28  3.2181E-01
  3.6215E+00  6.3956E-28  3.2166E-01
  3.6976E+00  6.2077E-28  3.2152E-01
  3.7742E+00  6.0279E-28  3.2137E-01
  3.8514E+00  5.8556E-28  3.2122E-01
  3.9291E+00  5.6905E-28  3.2108E-01
  4.0074E+00  5.5321E-28  3.2093E-01
  4.0863E+00  5.3801E-28  3.2079E-01
  4.1657E+00  5.2342E-28  3.2064E-01
  4.2457E+00  5.0939E-28  3.2050E-01
  4.3263E+00  4.9591E-28  3.2035E-01
  4.4074E+00  4.8295E-28  3.2021E-01
  4.4891E+00  4.7047E-28  3.2006E-01
  4.5715E+00  4.5846E-28  3.1992E-01
  4.6544E+00  4.4689E-28  3.1978E-01
  4.7379E+00  4.3574E-28  3.1964E-01
  4.8220E+00  4.2500E-28  3.1949E-01
  4.9067E+00  4.1463E-28  3.1935E-01
  4.9921E+00  4.0462E-28  3.1921E-01
  5.0780E+00  3.9497E-28  3.1907E-01
  5.1646E+00  3.8564E-28  3.1893E-01
  5.2517E+00  3.7663E-28  3.1879E-01
  5.3396E+00  3.6792E-28  3.1865E-01
  5.4280E+00  3.5949E-28  3.1852E-01
  5.5171E+00  3.5135E-28  3.1838E-01
  5.6068E+00  3.4346E-28  3.1824E-01
  5.6972E+00  3.3583E-28  3.1811E-01
  5.7882E+00  3.2844E-28  3.1797E-01
  5.8799E+00  3.2129E-28  3.1783E-01
  5.9722E+00  3.1435E-28  3.1770E-01
  6.0652E+00  3.0763E-28  3.1757E-01
  6.1589E+00  3.0111E-28  3.1743E-01
  6.2532E+00  2.9478E-28  3.1730E-01
  6.3482E+00  2.8865E-28  3.1717E-01
  6.4439E+00  2.8269E-28  3.1704E-01
  6.5403E+00  2.7691E-28  3.1691E-01
  6.6374E+00  2.7130E-28  3.1678E-01
  6.7352E+00  2.6585E-28  3.1665E-01
  6.8337E+00  2.6055E-28  3.1652E-01
  6.9329E+00  2.5540E-28  3.1639E-01
  7.0328E+00  2.5039E-28  3.1626E-01
  7.1335E+00  2.4552E-28  3.1614E-01
  7.2348E+00  2.4078E-28  3.1601E-01
  7.3369E+00  2.3618E-28  3.1589E-01
  7.4398E+00  2.3169E-28  3.1576E-01
  7.5433E+00  2.2733E-28  3.1564E-01
  7.6476E+00  2.2307E-28  3.1552E-01
  7.7527E+00  2.1893E-28  3.1539E-01
  7.8585E+00  2.1490E-28  3.1527E-01
  7.9651E+00  2.1097E-28  3.1515E-01
  8.0724E+00  2.0714E-28  3.1503E-01
  8.1806E+00  2.0341E-28  3.1491E-01
  8.2895E+00  1.9977E-28  3.1479E-01
  8.3991E+00  1.9622E-28  3.1467E-01
  8.5096E+00  1.9275E-28  3.1456E-01
  8.6209E+00  1.8937E-28  3.1444E-01
  8.7330E+00  1.8608E-28  3.1432E-01
  8.8458E+00  1.8286E-28  3.1421E-01
  8.9595E+00  1.7972E-28  3.1409E-01
  9.0740E+00  1.7665E-28  3.1398E-01
  9.1894E+00  1.7365E-28  3.1387E-01
  9.3055E+00  1.7073E-28  3.1375E-01
  9.4225E+00  1.6787E-28  3.1364E-01
  9.5404E+00  1.6507E-28  3.1353E-01
  9.6591E+00  1.6234E-28  3.1342E-01
  9.7786E+00  1.5967E-28  3.1331E-01
  9.8990E+00  1.5706E-28  3.1320E-01
  1.0020E+01  1.5451E-28  3.1309E-01
  1.0142E+01  1.5202E-28  3.1299E-01
  1.0265E+01  1.4957E-28  3.1288E-01
  1.0389E+01  1.4719E-28  3.1277E-01
  1.0514E+01  1.4485E-28  3.1267E-01
  1.0640E+01  1.4256E-28  3.1256E-01
  1.0766E+01  1.4032E-28  3.1246E-01
  1.0894E+01  1.3813E-28  3.1236E-01
  1.1022E+01  1.3598E-28  3.1225E-01
  1.1152E+01  1.3388E-28  3.1215E-01
  1.1282E+01  1.3183E-28  3.1205E-01
  1.1413E+01  1.2981E-28  3.1195E-01
  1.1546E+01  1.2783E-28  3.1185E-01
  1.1679E+01  1.2590E-28  3.1175E-01
  1.1813E+01  1.2400E-28  3.1165E-01
  1.1948E+01  1.2214E-28  3.1155E-01
  1.2084E+01  1.2032E-28  3.1146E-01
  1.2221E+01  1.1853E-28  3.1136E-01
  1.2359E+01  1.1678E-28  3.1126E-01
  1.2498E+01  1.1507E-28  3.1117E-01
  1.2638E+01  1.1338E-28  3.1107E-01
  1.2779E+01  1.1173E-28  3.1098E-01
  1.2921E+01  1.1011E-28  3.1089E-01
  1.3064E+01  1.0852E-28  3.1079E-01
  1.3208E+01  1.0696E-28  3.1070E-01
  1.3353E+01  1.0543E-28  3.1061E-01
  1.3499E+01  1.0392E-28  3.1052E-01
  1.3646E+01  1.0245E-28  3.1043E-01
  1.3795E+01  1.0100E-28  3.1034E-01
  1.3944E+01  9.9578E-29  3.1025E-01
  1.4094E+01  9.8182E-29  3.1016E-01
  1.4246E+01  9.6811E-29  3.1007E-01
  1.4398E+01  9.5465E-29  3.0999E-01
  1.4552E+01  9.4142E-29  3.0990E-01
  1.4707E+01  9.2843E-29  3.0981E-01
  1.4863E+01  9.1567E-29  3.0973E-01
  1.5020E+01  9.0313E-29  3.0964E-01
  1.5178E+01  8.9081E-29  3.0956E-01
  1.5337E+01  8.7870E-29  3.0948E-01
  1.5497E+01  8.6680E-29  3.0939E-01
  1.5659E+01  8.5510E-29  3.0931E-01
  1.5822E+01  8.4360E-29  3.0923E-01
  1.5986E+01  8.3229E-29  3.0915E-01
  1.6151E+01  8.2118E-29  3.0907E-01
  1.6317E+01  8.1025E-29  3.0899E-01
  1.6485E+01  7.9950E-29  3.0891E-01
  1.6653E+01  7.8893E-29  3.0883E-01
  1.6823E+01  7.7853E-29  3.0875E-01
  1.6994E+01  7.6831E-29  3.0867E-01
  1.7167E+01  7.5825E-29  3.0860E-01
  1.7340E+01  7.4835E-29  3.0852E-01
  1.7515E+01  7.3861E-29  3.0844E-01
  1.7691E+01  7.2903E-29  3.0837E-01
  1.7869E+01  7.1961E-29  3.0829E-01
  1.8047E+01  7.1033E-29  3.0822E-01
  1.8227E+01  7.0120E-29  3.0814E-01
  1.8408E+01  6.9221E-29  3.0807E-01
  1.8591E+01  6.8336E-29  3.0800E-01
  1.8775E+01  6.7465E-29  3.0793E-01
  1.8960E+01  6.6608E-29  3.0785E-01
  1.9147E+01  6.5764E-29  3.0778E-01
  1.9334E+01  6.4932E-29  3.0771E-01
  1.9524E+01  6.4114E-29  3.0764E-01
  1.9714E+01  6.3308E-29  3.0757E-01
  1.9906E+01  6.2514E-29  3.0750E-01
  2.0099E+01  6.1732E-29  3.0743E-01
  2.0294E+01  6.0962E-29  3.0737E-01
  2.0490E+01  6.0203E-29  3.0730E-01
  2.0688E+01  5.9456E-29  3.0723E-01
  2.0887E+01  5.8720E-29  3.0716E-01
  2.1087E+01  5.7994E-29  3.0710E-01
  2.1289E+01  5.7280E-29  3.0703E-01
  2.1492E+01  5.6576E-29  3.0697E-01
  2.1697E+01  5.5882E-29  3.0690E-01
  2.1903E+01  5.5198E-29  3.0684E-01
  2.2111E+01  5.4524E-29  3.0678E-01
  2.2320E+01  5.3859E-29  3.0671E-01
  2.2531E+01  5.3205E-29  3.0665E-01
  2.2743E+01  5.2559E-29  3.0659E-01
  2.2957E+01  5.1923E-29  3.0653E-01
  2.3172E+01  5.1296E-29  3.0646E-01
  2.3389E+01  5.0678E-29  3.0640E-01
  2.3607E+01  5.0068E-29  3.0634E-01
  2.3827E+01  4.9467E-29  3.0628E-01
  2.4049E+01  4.8874E-29  3.0622E-01
  2.4272E+01  4.8290E-29  3.0616E-01
  2.4497E+01  4.7713E-29  3.0611E-01
  2.4723E+01  4.7145E-29  3.0605E-01
  2.4951E+01  4.6585E-29  3.0599E-01
  2.5181E+01  4.6032E-29  3.0593E-01
  2.5412E+01  4.5486E-29  3.0588E-01
  2.5645E+01  4.4949E-29  3.0582E-01
  2.5880E+01  4.4418E-29  3.0576E-01
  2.6116E+01  4.3895E-29  3.0571E-01
  2.6354E+01  4.3378E-29  3.0565E-01
  2.6594E+01  4.2869E-29  3.0560E-01
  2.6835E+01  4.2367E-29  3.0554E-01
  2.7078E+01  4.1871E-29  3.0549E-01
  2.7323E+01  4.1382E-29  3.0544E-01
  2.7570E+01  4.0899E-29  3.0538E-01
  2.7819E+01  4.0422E-29  3.0533E-01
  2.8069E+01  3.9952E-29  3.0528E-01
  2.8321E+01  3.9489E-29  3.0523E-01
  2.8575E+01  3.9031E-29  3.0518E-01
  2.8831E+01  3.8579E-29  3.0513E-01
  2.9088E+01  3.8133E-29  3.0507E-01
  2.9348E+01  3.7693E-29  3.0502E-01
  2.9609E+01  3.7259E-29  3.0497E-01
  2.9872E+01  3.6830E-29  3.0493E-01
  3.0137E+01  3.6407E-29  3.0488E-01
  3.0404E+01  3.5989E-29  3.0483E-01
  3.0673E+01  3.5576E-29  3.0478E-01
  3.0944E+01  3.5168E-29  3.0473E-01
  3.1217E+01  3.4766E-29  3.0468E-01
  3.1492E+01  3.4368E-29  3.0464E-01
  3.1768E+01  3.3976E-29  3.0459E-01
  3.2047E+01  3.3588E-29  3.0454E-01
  3.2328E+01  3.3205E-29  3.0450E-01
  3.2611E+01  3.2827E-29  3.0445E-01
  3.2895E+01  3.2453E-29  3.0441E-01
  3.3182E+01  3.2084E-29  3.0436E-01
  3.3471E+01  3.1720E-29  3.0432E-01
  3.3762E+01  3.1360E-29  3.0427E-01
  3.4055E+01  3.1005E-29  3.0423E-01
  3.4350E+01  3.0654E-29  3.0419E-01
  3.4648E+01  3.0307E-29  3.0414E-01
  3.4947E+01  2.9964E-29  3.0410E-01
  3.5249E+01  2.9626E-29  3.0406E-01
  3.5553E+01  2.9291E-29  3.0402E-01
  3.5859E+01  2.8961E-29  3.0398E-01
  3.6167E+01  2.8635E-29  3.0393E-01
  3.6477E+01  2.8312E-29  3.0389E-01
  3.6790E+01  2.7994E-29  3.0385E-01
  3.7105E+01  2.7679E-29  3.0381E-01
  3.7422E+01  2.7368E-29  3.0377E-01
  3.7741E+01  2.7061E-29  3.0373E-01
  3.8063E+01  2.6758E-29  3.0369E-01
  3.8387E+01  2.6458E-29  3.0365E-01
  3.8713E+01  2.6162E-29  3.0362E-01
  3.9042E+01  2.5869E-29  3.0358E-01
  3.9373E+01  2.5580E-29  3.0354E-01
  3.9707E+01  2.5294E-29  3.0350E-01
  4.0043E+01  2.5012E-29  3.0346E-01
  4.0381E+01  2.4733E-29  3.0343E-01
  4.0722E+01  2.4458E-29  3.0339E-01
  4.1065E+01  2.4185E-29  3.0335E-01
  4.1411E+01  2.3916E-29  3.0332E-01
  4.1759E+01  2.3650E-29  3.0328E-01
  4.2109E+01  2.3388E-29  3.0325E-01
  4.2463E+01  2.3128E-29  3.0321E-01
  4.2818E+01  2.2871E-29  3.0318E-01
  4.3177E+01  2.2618E-29  3.0314E-01
  4.3538E+01  2.2367E-29  3.0311E-01
  4.3901E+01  2.2120E-29  3.0307E-01
  4.4267E+01  2.1875E-29  3.0304E-01
  4.4636E+01  2.1633E-29  3.0301E-01
  4.5007E+01  2.1394E-29  3.0297E-01
  4.5381E+01  2.1158E-29  3.0294E-01
  4.5758E+01  2.0924E-29  3.0291E-01
  4.6137E+01  2.0693E-29  3.0287E-01
  4.6520E+01  2.0465E-29  3.0284E-01
  4.6905E+01  2.0240E-29  3.0281E-01
  4.7292E+01  2.0017E-29  3.0278E-01
  4.7683E+01  1.9797E-29  3.0275E-01
  4.8076E+01  1.9579E-29  3.0272E-01
  4.8472E+01  1.9364E-29  3.0269E-01
  4.8871E+01  1.9152E-29  3.0266E-01
  4.9273E+01  1.8942E-29  3.0263E-01
  4.9678E+01  1.8734E-29  3.0260E-01
  5.0086E+01  1.8529E-29  3.0257E-01
  5.0496E+01  1.8326E-29  3.0254E-01
  5.0910E+01  1.8125E-29  3.0251E-01
  5.1326E+01  1.7927E-29  3.0248E-01
  5.1746E+01  1.7731E-29  3.0245E-01
  5.2168E+01  1.7537E-29  3.0242E-01
  5.2594E+01  1.7345E-29  3.0240E-01
  5.3023E+01  1.7156E-29  3.0237E-01
  5.3454E+01  1.6969E-29  3.0234E-01
  5.3889E+01  1.6784E-29  3.0231E-01
  5.4327E+01  1.6601E-29  3.0229E-01
  5.4769E+01  1.6420E-29  3.0226E-01
  5.5213E+01  1.6241E-29  3.0223E-01
  5.5660E+01  1.6065E-29  3.0221E-01
  5.6111E+01  1.5890E-29  3.0218E-01
  5.6565E+01  1.5717E-29  3.0215E-01
  5.7022E+01  1.5547E-29  3.0213E-01
  5.7483E+01  1.5378E-29  3.0210E-01
  5.7947E+01  1.5211E-29  3.0208E-01
  5.8414E+01  1.5046E-29  3.0205E-01
  5.8885E+01  1.4883E-29  3.0203E-01
  5.9359E+01  1.4722E-29  3.0201E-01
  5.9836E+01  1.4562E-29  3.0198E-01
  6.0317E+01  1.4405E-29  3.0196E-01
  6.0801E+01  1.4249E-29  3.0193E-01
  6.1289E+01  1.4095E-29  3.0191E-01
  6.1780E+01  1.3943E-29  3.0189E-01
  6.2275E+01  1.3792E-29  3.0186E-01
  6.2773E+01  1.3643E-29  3.0184E-01
  6.3275E+01  1.3496E-29  3.0182E-01
  6.3781E+01  1.3351E-29  3.0180E-01
  6.4290E+01  1.3207E-29  3.0177E-01
  6.4803E+01  1.3064E-29  3.0175E-01
  6.5320E+01  1.2924E-29  3.0173E-01
  6.5840E+01  1.2785E-29  3.0171E-01
  6.6364E+01  1.2647E-29  3.0169E-01
  6.6892E+01  1.2511E-29  3.0167E-01
  6.7423E+01  1.2377E-29  3.0165E-01
  6.7959E+01  1.2244E-29  3.0163E-01
  6.8498E+01  1.2112E-29  3.0161E-01
  6.9041E+01  1.1982E-29  3.0158E-01
  6.9588E+01  1.1854E-29  3.0156E-01
  7.0139E+01  1.1727E-29  3.0155E-01
  7.0694E+01  1.1601E-29  3.0153E-01
  7.1253E+01  1.1477E-29  3.0151E-01
  7.1816E+01  1.1354E-29  3.0149E-01
  7.2384E+01  1.1232E-29  3.0147E-01
  7.2955E+01  1.1112E-29  3.0145E-01
  7.3530E+01  1.0993E-29  3.0143E-01
  7.4109E+01  1.0876E-29  3.0141E-01
  7.4693E+01  1.0760E-29  3.0139E-01
  7.5281E+01  1.0645E-29  3.0138E-01
  7.5873E+01  1.0531E-29  3.0136E-01
  7.6469E+01  1.0419E-29  3.0134E-01
  7.7070E+01  1.0308E-29  3.0132E-01
  7.7675E+01  1.0198E-29  3.0131E-01
  7.8284E+01  1.0089E-29  3.0129E-01
  7.8897E+01  9.9815E-30  3.0127E-01
  7.9516E+01  9.8752E-30  3.0126E-01
  8.0138E+01  9.7701E-30  3.0124E-01
  8.0765E+01  9.6662E-30  3.0122E-01
  8.1397E+01  9.5634E-30  3.0121E-01
  8.2033E+01  9.4617E-30  3.0119E-01
  8.2673E+01  9.3612E-30  3.0117E-01
  8.3318E+01  9.2617E-30  3.0116E-01
  8.3968E+01  9.1634E-30  3.0114E-01
  8.4623E+01  9.0661E-30  3.0113E-01
  8.5282E+01  8.9700E-30  3.0111E-01
  8.5946E+01  8.8748E-30  3.0110E-01
  8.6615E+01  8.7807E-30  3.0108E-01
  8.7289E+01  8.6877E-30  3.0107E-01
  8.7967E+01  8.5957E-30  3.0105E-01
  8.8651E+01  8.5046E-30  3.0104E-01
  8.9339E+01  8.4146E-30  3.0102E-01
  9.0032E+01  8.3256E-30  3.0101E-01
  9.0730E+01  8.2375E-30  3.0100E-01
  9.1434E+01  8.1504E-30  3.0098E-01
  9.2142E+01  8.0642E-30  3.0097E-01
  9.2855E+01  7.9790E-30  3.0096E-01
  9.3574E+01  7.8947E-30  3.0094E-01
  9.4298E+01  7.8113E-30  3.0093E-01
  9.5027E+01  7.7288E-30  3.0092E-01
  9.5761E+01  7.6472E-30  3.0090E-01
  9.6500E+01  7.5665E-30  3.0089E-01
  9.7245E+01  7.4867E-30  3.0088E-01
  9.7995E+01  7.4077E-30  3.0087E-01
  9.8751E+01  7.3296E-30  3.0085E-01
  9.9512E+01  7.2524E-30  3.0084E-01
  1.0028E+02  7.1759E-30  3.0083E-01
  1.0105E+02  7.1003E-30  3.0082E-01
  1.0183E+02  7.0255E-30  3.0081E-01
  1.0261E+02  6.9515E-30  3.0080E-01
  1.0340E+02  6.8784E-30  3.0078E-01
  1.0419E+02  6.8059E-30  3.0077E-01
  1.0499E+02  6.7343E-30  3.0076E-01
  1.0580E+02  6.6635E-30  3.0075E-01
  1.0661E+02  6.5933E-30  3.0074E-01
  1.0743E+02  6.5240E-30  3.0073E-01
  1.0825E+02  6.4554E-30  3.0072E-01
  1.0908E+02  6.3875E-30  3.0071E-01
  1.0992E+02  6.3203E-30  3.0070E-01
  1.1076E+02  6.2539E-30  3.0069E-01
  1.1161E+02  6.1882E-30  3.0068E-01
  1.1246E+02  6.1231E-30  3.0067E-01
  1.1332E+02  6.0588E-30  3.0066E-01
  1.1419E+02  5.9951E-30  3.0065E-01
  1.1506E+02  5.9321E-30  3.0064E-01
  1.1594E+02  5.8698E-30  3.0063E-01
  1.1682E+02  5.8082E-30  3.0062E-01
  1.1771E+02  5.7472E-30  3.0061E-01
  1.1861E+02  5.6868E-30  3.0060E-01
  1.1951E+02  5.6270E-30  3.0059E-01
  1.2042E+02  5.5679E-30  3.0059E-01
  1.2134E+02  5.5094E-30  3.0058E-01
  1.2227E+02  5.4516E-30  3.0057E-01
  1.2320E+02  5.3943E-30  3.0056E-01
  1.2413E+02  5.3376E-30  3.0055E-01
  1.2508E+02  5.2815E-30  3.0054E-01
  1.2603E+02  5.2260E-30  3.0053E-01
  1.2698E+02  5.1711E-30  3.0053E-01
  1.2795E+02  5.1168E-30  3.0052E-01
  1.2892E+02  5.0630E-30  3.0051E-01
  1.2990E+02  5.0098E-30  3.0050E-01
  1.3088E+02  4.9571E-30  3.0050E-01
  1.3188E+02  4.9050E-30  3.0049E-01
  1.3288E+02  4.8534E-30  3.0048E-01
  1.3388E+02  4.8023E-30  3.0047E-01
  1.3490E+02  4.7518E-30  3.0047E-01
  1.3592E+02  4.7018E-30  3.0046E-01
  1.3695E+02  4.6523E-30  3.0045E-01
  1.3798E+02  4.6033E-30  3.0045E-01
  1.3903E+02  4.5548E-30  3.0044E-01
  1.4008E+02  4.5068E-30  3.0043E-01
  1.4113E+02  4.4593E-30  3.0043E-01
  1.4220E+02  4.4123E-30  3.0042E-01
  1.4327E+02  4.3658E-30  3.0041E-01
  1.4436E+02  4.3197E-30  3.0041E-01
  1.4545E+02  4.2741E-30  3.0040E-01
  1.4654E+02  4.2290E-30  3.0039E-01
  1.4765E+02  4.1843E-30  3.0039E-01
  1.4876E+02  4.1401E-30  3.0038E-01
  1.4988E+02  4.0963E-30  3.0038E-01
  1.5101E+02  4.0530E-30  3.0037E-01
  1.5215E+02  4.0101E-30  3.0036E-01
  1.5329E+02  3.9677E-30  3.0036E-01
  1.5445E+02  3.9256E-30  3.0035E-01
  1.5561E+02  3.8840E-30  3.0035E-01
  1.5678E+02  3.8428E-30  3.0034E-01
  1.5796E+02  3.8020E-30  3.0034E-01
  1.5915E+02  3.7617E-30  3.0033E-01
  1.6034E+02  3.7217E-30  3.0033E-01
  1.6155E+02  3.6821E-30  3.0032E-01
  1.6276E+02  3.6430E-30  3.0032E-01
  1.6398E+02  3.6042E-30  3.0031E-01
  1.6521E+02  3.5658E-30  3.0031E-01
  1.6645E+02  3.5278E-30  3.0030E-01
  1.6770E+02  3.4902E-30  3.0030E-01
  1.6896E+02  3.4529E-30  3.0029E-01
  1.7022E+02  3.4160E-30  3.0029E-01
  1.7150E+02  3.3795E-30  3.0028E-01
  1.7278E+02  3.3433E-30  3.0028E-01
  1.7408E+02  3.3075E-30  3.0027E-01
  1.7538E+02  3.2721E-30  3.0027E-01
  1.7669E+02  3.2370E-30  3.0027E-01
  1.7802E+02  3.2022E-30  3.0026E-01
  1.7935E+02  3.1678E-30  3.0026E-01
  1.8069E+02  3.1338E-30  3.0025E-01
  1.8204E+02  3.1000E-30  3.0025E-01
  1.8340E+02  3.0666E-30  3.0025E-01
  1.8477E+02  3.0336E-30  3.0024E-01
  1.8615E+02  3.0008E-30  3.0024E-01
  1.8754E+02  2.9684E-30  3.0023E-01
  1.8894E+02  2.9363E-30  3.0023E-01
  1.9035E+02  2.9045E-30  3.0023E-01
  1.9177E+02  2.8730E-30  3.0022E-01
  1.9320E+02  2.8418E-30  3.0022E-01
  1.9465E+02  2.8109E-30  3.0022E-01
  1.9610E+02  2.7804E-30  3.0021E-01
  1.9756E+02  2.7501E-30  3.0021E-01
  1.9903E+02  2.7201E-30  3.0021E-01
  2.0051E+02  2.6905E-30  3.0020E-01
  2.0201E+02  2.6611E-30  3.0020E-01
  2.0351E+02  2.6320E-30  3.0020E-01
  2.0503E+02  2.6032E-30  3.0019E-01
  2.0655E+02  2.5746E-30  3.0019E-01
  2.0809E+02  2.5464E-30  3.0019E-01
  2.0964E+02  2.5184E-30  3.0018E-01
  2.1120E+02  2.4907E-30  3.0018E-01
  2.1277E+02  2.4633E-30  3.0018E-01
  2.1435E+02  2.4361E-30  3.0017E-01
  2.1595E+02  2.4092E-30  3.0017E-01
  2.1755E+02  2.3825E-30  3.0017E-01
  2.1917E+02  2.3562E-30  3.0017E-01
  2.2079E+02  2.3300E-30  3.0016E-01
  2.2243E+02  2.3042E-30  3.0016E-01
  2.2409E+02  2.2786E-30  3.0016E-01
  2.2575E+02  2.2532E-30  3.0016E-01
  2.2742E+02  2.2281E-30  3.0015E-01
  2.2911E+02  2.2032E-30  3.0015E-01
  2.3081E+02  2.1786E-30  3.0015E-01
  2.3252E+02  2.1542E-30  3.0015E-01
  2.3425E+02  2.1301E-30  3.0014E-01
  2.3598E+02  2.1062E-30  3.0014E-01
  2.3773E+02  2.0825E-30  3.0014E-01
  2.3949E+02  2.0590E-30  3.0014E-01
  2.4127E+02  2.0358E-30  3.0014E-01
  2.4306E+02  2.0129E-30  3.0013E-01
  2.4486E+02  1.9901E-30  3.0013E-01
  2.4667E+02  1.9676E-30  3.0013E-01
  2.4850E+02  1.9453E-30  3.0013E-01
  2.5033E+02  1.9232E-30  3.0012E-01
  2.5219E+02  1.9013E-30  3.0012E-01
  2.5405E+02  1.8796E-30  3.0012E-01
  2.5593E+02  1.8582E-30  3.0012E-01
  2.5782E+02  1.8370E-30  3.0012E-01
  2.5973E+02  1.8159E-30  3.0012E-01
  2.6165E+02  1.7951E-30  3.0011E-01
  2.6358E+02  1.7745E-30  3.0011E-01
  2.6553E+02  1.7541E-30  3.0011E-01
  2.6749E+02  1.7339E-30  3.0011E-01
  2.6947E+02  1.7139E-30  3.0011E-01
  2.7146E+02  1.6941E-30  3.0010E-01
  2.7347E+02  1.6745E-30  3.0010E-01
  2.7548E+02  1.6551E-30  3.0010E-01
  2.7752E+02  1.6359E-30  3.0010E-01
  2.7957E+02  1.6169E-30  3.0010E-01
  2.8163E+02  1.5981E-30  3.0010E-01
  2.8371E+02  1.5795E-30  3.0009E-01
  2.8580E+02  1.5610E-30  3.0009E-01
  2.8791E+02  1.5428E-30  3.0009E-01
  2.9003E+02  1.5247E-30  3.0009E-01
  2.9217E+02  1.5068E-30  3.0009E-01
  2.9432E+02  1.4891E-30  3.0009E-01
  2.9649E+02  1.4715E-30  3.0009E-01
  2.9868E+02  1.4542E-30  3.0008E-01
  3.0088E+02  1.4370E-30  3.0008E-01
  3.0309E+02  1.4200E-30  3.0008E-01
  3.0532E+02  1.4032E-30  3.0008E-01
  3.0757E+02  1.3865E-30  3.0008E-01
  3.0984E+02  1.3700E-30  3.0008E-01
  3.1212E+02  1.3537E-30  3.0008E-01
  3.1442E+02  1.3376E-30  3.0008E-01
  3.1673E+02  1.3216E-30  3.0007E-01
  3.1906E+02  1.3058E-30  3.0007E-01
  3.2141E+02  1.2901E-30  3.0007E-01
  3.2377E+02  1.2746E-30  3.0007E-01
  3.2615E+02  1.2593E-30  3.0007E-01
  3.2855E+02  1.2441E-30  3.0007E-01
  3.3097E+02  1.2291E-30  3.0007E-01
  3.3340E+02  1.2143E-30  3.0007E-01
  3.3585E+02  1.1996E-30  3.0007E-01
  3.3832E+02  1.1850E-30  3.0006E-01
  3.4080E+02  1.1706E-30  3.0006E-01
  3.4331E+02  1.1564E-30  3.0006E-01
  3.4583E+02  1.1423E-30  3.0006E-01
  3.4837E+02  1.1284E-30  3.0006E-01
  3.5093E+02  1.1146E-30  3.0006E-01
  3.5350E+02  1.1009E-30  3.0006E-01
  3.5610E+02  1.0874E-30  3.0006E-01
  3.5871E+02  1.0741E-30  3.0006E-01
  3.6135E+02  1.0609E-30  3.0006E-01
  3.6400E+02  1.0478E-30  3.0006E-01
  3.6667E+02  1.0349E-30  3.0005E-01
  3.6936E+02  1.0221E-30  3.0005E-01
  3.7207E+02  1.0094E-30  3.0005E-01
  3.7480E+02  9.9690E-31  3.0005E-01
  3.7755E+02  9.8452E-31  3.0005E-01
  3.8031E+02  9.7227E-31  3.0005E-01
  3.8310E+02  9.6016E-31  3.0005E-01
  3.8591E+02  9.4818E-31  3.0005E-01
  3.8874E+02  9.3633E-31  3.0005E-01
  3.9159E+02  9.2461E-31  3.0005E-01
  3.9446E+02  9.1302E-31  3.0005E-01
  3.9735E+02  9.0156E-31  3.0005E-01
  4.0026E+02  8.9022E-31  3.0005E-01
  4.0319E+02  8.7901E-31  3.0004E-01
  4.0614E+02  8.6792E-31  3.0004E-01
  4.0912E+02  8.5695E-31  3.0004E-01
  4.1211E+02  8.4611E-31  3.0004E-01
  4.1513E+02  8.3539E-31  3.0004E-01
  4.1817E+02  8.2479E-31  3.0004E-01
  4.2123E+02  8.1431E-31  3.0004E-01
  4.2431E+02  8.0395E-31  3.0004E-01
  4.2742E+02  7.9370E-31  3.0004E-01
  4.3054E+02  7.8357E-31  3.0004E-01
  4.3369E+02  7.7355E-31  3.0004E-01
  4.3687E+02  7.6365E-31  3.0004E-01
  4.4006E+02  7.5386E-31  3.0004E-01
  4.4328E+02  7.4418E-31  3.0004E-01
  4.4652E+02  7.3461E-31  3.0004E-01
  4.4979E+02  7.2515E-31  3.0004E-01
  4.5308E+02  7.1580E-31  3.0003E-01
  4.5639E+02  7.0656E-31  3.0003E-01
  4.5972E+02  6.9743E-31  3.0003E-01
  4.6308E+02  6.8840E-31  3.0003E-01
  4.6647E+02  6.7947E-31  3.0003E-01
  4.6988E+02  6.7065E-31  3.0003E-01
  4.7331E+02  6.6193E-31  3.0003E-01
  4.7677E+02  6.5332E-31  3.0003E-01
  4.8025E+02  6.4480E-31  3.0003E-01
  4.8376E+02  6.3639E-31  3.0003E-01
  4.8729E+02  6.2807E-31  3.0003E-01
  4.9085E+02  6.1985E-31  3.0003E-01
  4.9443E+02  6.1173E-31  3.0003E-01
  4.9804E+02  6.0371E-31  3.0003E-01
  5.0168E+02  5.9578E-31  3.0003E-01
  5.0534E+02  5.8794E-31  3.0003E-01
  5.0903E+02  5.8020E-31  3.0003E-01
  5.1275E+02  5.7255E-31  3.0003E-01
  5.1649E+02  5.6499E-31  3.0003E-01
  5.2026E+02  5.5753E-31  3.0003E-01
  5.2405E+02  5.5015E-31  3.0003E-01
  5.2788E+02  5.4286E-31  3.0003E-01
  5.3173E+02  5.3566E-31  3.0003E-01
  5.3560E+02  5.2855E-31  3.0002E-01
  5.3951E+02  5.2152E-31  3.0002E-01
  5.4345E+02  5.1458E-31  3.0002E-01
  5.4741E+02  5.0772E-31  3.0002E-01
  5.5140E+02  5.0095E-31  3.0002E-01
  5.5542E+02  4.9426E-31  3.0002E-01
  5.5947E+02  4.8766E-31  3.0002E-01
  5.6355E+02  4.8113E-31  3.0002E-01
  5.6765E+02  4.7468E-31  3.0002E-01
  5.7179E+02  4.6832E-31  3.0002E-01
  5.7596E+02  4.6203E-31  3.0002E-01
  5.8016E+02  4.5582E-31  3.0002E-01
  5.8438E+02  4.4969E-31  3.0002E-01
  5.8864E+02  4.4364E-31  3.0002E-01
  5.9293E+02  4.3766E-31  3.0002E-01
  5.9725E+02  4.3176E-31  3.0002E-01
  6.0160E+02  4.2592E-31  3.0002E-01
  6.0598E+02  4.2017E-31  3.0002E-01
  6.1039E+02  4.1448E-31  3.0002E-01
  6.1484E+02  4.0887E-31  3.0002E-01
  6.1931E+02  4.0333E-31  3.0002E-01
  6.2382E+02  3.9786E-31  3.0002E-01
  6.2836E+02  3.9246E-31  3.0002E-01
  6.3294E+02  3.8712E-31  3.0002E-01
  6.3755E+02  3.8186E-31  3.0002E-01
  6.4219E+02  3.7666E-31  3.0002E-01
  6.4686E+02  3.7153E-31  3.0002E-01
  6.5157E+02  3.6647E-31  3.0002E-01
  6.5631E+02  3.6147E-31  3.0002E-01
  6.6108E+02  3.5653E-31  3.0002E-01
  6.6589E+02  3.5166E-31  3.0002E-01
  6.7074E+02  3.4685E-31  3.0002E-01
  6.7562E+02  3.4210E-31  3.0002E-01
  6.8053E+02  3.3742E-31  3.0002E-01
  6.8548E+02  3.3279E-31  3.0001E-01
  6.9047E+02  3.2823E-31  3.0001E-01
  6.9549E+02  3.2373E-31  3.0001E-01
  7.0055E+02  3.1928E-31  3.0001E-01
  7.0564E+02  3.1489E-31  3.0001E-01
  7.1077E+02  3.1056E-31  3.0001E-01
  7.1594E+02  3.0629E-31  3.0001E-01
  7.2114E+02  3.0208E-31  3.0001E-01
  7.2639E+02  2.9792E-31  3.0001E-01
  7.3167E+02  2.9381E-31  3.0001E-01
  7.3698E+02  2.8976E-31  3.0001E-01
  7.4234E+02  2.8576E-31  3.0001E-01
  7.4773E+02  2.8182E-31  3.0001E-01
  7.5317E+02  2.7793E-31  3.0001E-01
  7.5864E+02  2.7409E-31  3.0001E-01
  7.6415E+02  2.7030E-31  3.0001E-01
  7.6970E+02  2.6656E-31  3.0001E-01
  7.7530E+02  2.6287E-31  3.0001E-01
  7.8093E+02  2.5924E-31  3.0001E-01
  7.8660E+02  2.5565E-31  3.0001E-01
  7.9231E+02  2.5211E-31  3.0001E-01
  7.9807E+02  2.4861E-31  3.0001E-01
  8.0387E+02  2.4517E-31  3.0001E-01
  8.0970E+02  2.4177E-31  3.0001E-01
  8.1558E+02  2.3841E-31  3.0001E-01
  8.2151E+02  2.3511E-31  3.0001E-01
  8.2747E+02  2.3184E-31  3.0001E-01
  8.3348E+02  2.2862E-31  3.0001E-01
  8.3953E+02  2.2545E-31  3.0001E-01
  8.4562E+02  2.2232E-31  3.0001E-01
  8.5176E+02  2.1923E-31  3.0001E-01
  8.5795E+02  2.1618E-31  3.0001E-01
  8.6417E+02  2.1318E-31  3.0001E-01
  8.7044E+02  2.1022E-31  3.0001E-01
  8.7676E+02  2.0729E-31  3.0001E-01
  8.8312E+02  2.0441E-31  3.0001E-01
  8.8953E+02  2.0157E-31  3.0001E-01
  8.9599E+02  1.9877E-31  3.0001E-01
  9.0249E+02  1.9600E-31  3.0001E-01
  9.0904E+02  1.9327E-31  3.0001E-01
  9.1563E+02  1.9059E-31  3.0001E-01
  9.2227E+02  1.8794E-31  3.0001E-01
  9.2896E+02  1.8532E-31  3.0001E-01
  9.3570E+02  1.8274E-31  3.0001E-01
  9.4249E+02  1.8020E-31  3.0001E-01
  9.4933E+02  1.7769E-31  3.0001E-01
  9.5621E+02  1.7522E-31  3.0001E-01
  9.6315E+02  1.7278E-31  3.0001E-01
  9.7013E+02  1.7038E-31  3.0001E-01
  9.7717E+02  1.6801E-31  3.0001E-01
  9.8425E+02  1.6567E-31  3.0001E-01
  9.9139E+02  1.6337E-31  3.0001E-01
  9.9858E+02  1.6110E-31  3.0001E-01
  1.0058E+03  1.5886E-31  3.0001E-01
  1.0131E+03  1.5665E-31  3.0001E-01
  1.0205E+03  1.5448E-31  3.0001E-01
  1.0278E+03  1.5233E-31  3.0001E-01
  1.0353E+03  1.5022E-31  3.0001E-01
  1.0428E+03  1.4813E-31  3.0001E-01
  1.0504E+03  1.4607E-31  3.0001E-01
  1.0580E+03  1.4405E-31  3.0001E-01
  1.0656E+03  1.4205E-31  3.0001E-01
  1.0734E+03  1.4008E-31  3.0001E-01
  1.0811E+03  1.3813E-31  3.0001E-01
  1.0890E+03  1.3622E-31  3.0001E-01
  1.0969E+03  1.3433E-31  3.0001E-01
  1.1048E+03  1.3247E-31  3.0001E-01
  1.1128E+03  1.3064E-31  3.0001E-01
  1.1209E+03  1.2883E-31  3.0001E-01
  1.1290E+03  1.2705E-31  3.0001E-01
  1.1372E+03  1.2529E-31  3.0001E-01
  1.1454E+03  1.2356E-31  3.0001E-01
  1.1537E+03  1.2185E-31  3.0001E-01
  1.1621E+03  1.2017E-31  3.0001E-01
  1.1705E+03  1.1851E-31  3.0001E-01
  1.1790E+03  1.1688E-31  3.0001E-01
  1.1875E+03  1.1526E-31  3.0000E-01
  1.1961E+03  1.1368E-31  3.0000E-01
  1.2048E+03  1.1211E-31  3.0000E-01
  1.2135E+03  1.1057E-31  3.0000E-01
  1.2223E+03  1.0905E-31  3.0000E-01
  1.2311E+03  1.0755E-31  3.0000E-01
  1.2400E+03  1.0607E-31  3.0000E-01
  1.2490E+03  1.0462E-31  3.0000E-01
  1.2581E+03  1.0318E-31  3.0000E-01
  1.2672E+03  1.0177E-31  3.0000E-01
  1.2763E+03  1.0037E-31  3.0000E-01
  1.2856E+03  9.8999E-32  3.0000E-01
  1.2949E+03  9.7644E-32  3.0000E-01
  1.3043E+03  9.6310E-32  3.0000E-01
  1.3137E+03  9.4995E-32  3.0000E-01
  1.3232E+03  9.3698E-32  3.0000E-01
  1.3328E+03  9.2420E-32  3.0000E-01
  1.3424E+03  9.1162E-32  3.0000E-01
  1.3522E+03  8.9921E-32  3.0000E-01
  1.3619E+03  8.8698E-32  3.0000E-01
  1.3718E+03  8.7492E-32  3.0000E-01
  1.3817E+03  8.6305E-32  3.0000E-01
  1.3917E+03  8.5134E-32  3.0000E-01
  1.4018E+03  8.3980E-32  3.0000E-01
  1.4119E+03  8.2843E-32  3.0000E-01
  1.4222E+03  8.1723E-32  3.0000E-01
  1.4324E+03  8.0618E-32  3.0000E-01
  1.4428E+03  7.9530E-32  3.0000E-01
  1.4532E+03  7.8458E-32  3.0000E-01
  1.4638E+03  7.7401E-32  3.0000E-01
  1.4743E+03  7.6359E-32  3.0000E-01
  1.4850E+03  7.5333E-32  3.0000E-01
  1.4958E+03  7.4322E-32  3.0000E-01
  1.5066E+03  7.3324E-32  3.0000E-01
  1.5175E+03  7.2341E-32  3.0000E-01
  1.5284E+03  7.1374E-32  3.0000E-01
  1.5395E+03  7.0419E-32  3.0000E-01
  1.5506E+03  6.9478E-32  3.0000E-01
  1.5618E+03  6.8553E-32  3.0000E-01
  1.5731E+03  6.7639E-32  3.0000E-01
  1.5845E+03  6.6738E-32  3.0000E-01
  1.5960E+03  6.5852E-32  3.0000E-01
  1.6075E+03  6.4978E-32  3.0000E-01
  1.6191E+03  6.4116E-32  3.0000E-01
  1.6309E+03  6.3268E-32  3.0000E-01
  1.6426E+03  6.2431E-32  3.0000E-01
  1.6545E+03  6.1606E-32  3.0000E-01
  1.6665E+03  6.0794E-32  3.0000E-01
  1.6785E+03  5.9994E-32  3.0000E-01
  1.6907E+03  5.9204E-32  3.0000E-01
  1.7029E+03  5.8426E-32  3.0000E-01
  1.7152E+03  5.7661E-32  3.0000E-01
  1.7276E+03  5.6904E-32  3.0000E-01
  1.7401E+03  5.6161E-32  3.0000E-01
  1.7527E+03  5.5427E-32  3.0000E-01
  1.7653E+03  5.4703E-32  3.0000E-01
  1.7781E+03  5.3992E-32  3.0000E-01
  1.7909E+03  5.3290E-32  3.0000E-01
  1.8039E+03  5.2597E-32  3.0000E-01
  1.8169E+03  5.1916E-32  3.0000E-01
  1.8301E+03  5.1243E-32  3.0000E-01
  1.8433E+03  5.0580E-32  3.0000E-01
  1.8566E+03  4.9929E-32  3.0000E-01
  1.8700E+03  4.9285E-32  3.0000E-01
  1.8835E+03  4.8650E-32  3.0000E-01
  1.8972E+03  4.8027E-32  3.0000E-01
  1.9109E+03  4.7409E-32  3.0000E-01
  1.9247E+03  4.6803E-32  3.0000E-01
  1.9386E+03  4.6205E-32  3.0000E-01
  1.9526E+03  4.5614E-32  3.0000E-01
  1.9667E+03  4.5035E-32  3.0000E-01
  1.9809E+03  4.4461E-32  3.0000E-01
  1.9952E+03  4.3896E-32  3.0000E-01
  2.0096E+03  4.3341E-32  3.0000E-01
  2.0242E+03  4.2791E-32  3.0000E-01
  2.0388E+03  4.2252E-32  3.0000E-01
  2.0535E+03  4.1719E-32  3.0000E-01
  2.0683E+03  4.1193E-32  3.0000E-01
  2.0833E+03  4.0677E-32  3.0000E-01
  2.0983E+03  4.0165E-32  3.0000E-01
  2.1135E+03  3.9664E-32  3.0000E-01
  2.1288E+03  3.9167E-32  3.0000E-01
  2.1441E+03  3.8679E-32  3.0000E-01
  2.1596E+03  3.8198E-32  3.0000E-01
  2.1752E+03  3.7722E-32  3.0000E-01
  2.1909E+03  3.7256E-32  3.0000E-01
  2.2068E+03  3.6793E-32  3.0000E-01
  2.2227E+03  3.6340E-32  3.0000E-01
  2.2388E+03  3.5891E-32  3.0000E-01
  2.2549E+03  3.5449E-32  3.0000E-01
  2.2712E+03  3.5015E-32  3.0000E-01
  2.2876E+03  3.4584E-32  3.0000E-01
  2.3041E+03  3.4163E-32  3.0000E-01
  2.3208E+03  3.3744E-32  3.0000E-01
  2.3375E+03  3.3335E-32  3.0000E-01
  2.3544E+03  3.2928E-32  3.0000E-01
  2.3714E+03  3.2529E-32  3.0000E-01
  2.3885E+03  3.2135E-32  3.0000E-01
  2.4058E+03  3.1747E-32  3.0000E-01
  2.4232E+03  3.1364E-32  3.0000E-01
  2.4407E+03  3.0986E-32  3.0000E-01
  2.4583E+03  3.0615E-32  3.0000E-01
  2.4760E+03  3.0247E-32  3.0000E-01
  2.4939E+03  2.9887E-32  3.0000E-01
  2.5119E+03  2.9529E-32  3.0000E-01
  2.5300E+03  2.9179E-32  3.0000E-01
  2.5483E+03  2.8830E-32  3.0000E-01
  2.5667E+03  2.8491E-32  3.0000E-01
  2.5852E+03  2.8152E-32  3.0000E-01
  2.6039E+03  2.7822E-32  3.0000E-01
  2.6227E+03  2.7492E-32  3.0000E-01
  2.6416E+03  2.7172E-32  3.0000E-01
  2.6607E+03  2.6851E-32  3.0000E-01
  2.6799E+03  2.6539E-32  3.0000E-01
  2.6993E+03  2.6227E-32  3.0000E-01
  2.7187E+03  2.5924E-32  3.0000E-01
  2.7384E+03  2.5621E-32  3.0000E-01
  2.7581E+03  2.5326E-32  3.0000E-01
  2.7780E+03  2.5032E-32  3.0000E-01
  2.7981E+03  2.4744E-32  3.0000E-01
  2.8183E+03  2.4460E-32  3.0000E-01
  2.8386E+03  2.4178E-32  3.0000E-01
  2.8591E+03  2.3904E-32  3.0000E-01
  2.8798E+03  2.3627E-32  3.0000E-01
  2.9005E+03  2.3362E-32  3.0000E-01
  2.9215E+03  2.3093E-32  3.0000E-01
  2.9426E+03  2.2834E-32  3.0000E-01
  2.9638E+03  2.2574E-32  3.0000E-01
  2.9852E+03  2.2319E-32  3.0000E-01
  3.0067E+03  2.2071E-32  3.0000E-01
  3.0284E+03  2.1819E-32  3.0000E-01
  3.0503E+03  2.1579E-32  3.0000E-01
  3.0723E+03  2.1334E-32  3.0000E-01
  3.0945E+03  2.1098E-32  3.0000E-01
  3.1168E+03  2.0866E-32  3.0000E-01
  3.1393E+03  2.0629E-32  3.0000E-01
  3.1619E+03  2.0407E-32  3.0000E-01
  3.1848E+03  2.0179E-32  3.0000E-01
  3.2077E+03  1.9956E-32  3.0000E-01
  3.2309E+03  1.9742E-32  3.0000E-01
  3.2542E+03  1.9520E-32  3.0000E-01
  3.2777E+03  1.9309E-32  3.0000E-01
  3.3013E+03  1.9103E-32  3.0000E-01
  3.3251E+03  1.8888E-32  3.0000E-01
  3.3491E+03  1.8688E-32  3.0000E-01
  3.3733E+03  1.8490E-32  3.0000E-01
  3.3976E+03  1.8282E-32  3.0000E-01
  3.4221E+03  1.8090E-32  3.0000E-01
  3.4468E+03  1.7902E-32  3.0000E-01
  3.4717E+03  1.7700E-32  3.0000E-01
  3.4967E+03  1.7512E-32  3.0000E-01
  3.5220E+03  1.7337E-32  3.0000E-01
  3.5474E+03  1.7145E-32  3.0000E-01
  3.5730E+03  1.6954E-32  3.0000E-01
  3.5987E+03  1.6786E-32  3.0000E-01
  3.6247E+03  1.6617E-32  3.0000E-01
  3.6509E+03  1.6428E-32  3.0000E-01
  3.6772E+03  1.6246E-32  3.0000E-01
  3.7037E+03  1.6089E-32  3.0000E-01
  3.7304E+03  1.5931E-32  3.0000E-01
  3.7573E+03  1.5748E-32  3.0000E-01
  3.7844E+03  1.5557E-32  3.0000E-01
  3.8117E+03  1.5394E-32  3.0000E-01
  3.8392E+03  1.5262E-32  3.0000E-01
  3.8669E+03  1.5132E-32  3.0000E-01
  3.8948E+03  1.4974E-32  3.0000E-01
  3.9229E+03  1.4788E-32  3.0000E-01
  3.9512E+03  1.4592E-32  3.0000E-01
  3.9797E+03  1.4405E-32  3.0000E-01
  4.0084E+03  1.4238E-32  3.0000E-01
  4.0373E+03  1.4090E-32  3.0000E-01
  4.0664E+03  1.3955E-32  3.0000E-01
  4.0958E+03  1.3828E-32  3.0000E-01
  4.1253E+03  1.3705E-32  3.0000E-01
  4.1551E+03  1.3583E-32  3.0000E-01
  4.1850E+03  1.3460E-32  3.0000E-01
  4.2152E+03  1.3338E-32  3.0000E-01
  4.2456E+03  1.3216E-32  3.0000E-01
  4.2762E+03  1.3094E-32  3.0000E-01
  4.3071E+03  1.2972E-32  3.0000E-01
  4.3381E+03  1.2852E-32  3.0000E-01
  4.3694E+03  1.2731E-32  3.0000E-01
  4.4009E+03  1.2612E-32  3.0000E-01
  4.4327E+03  1.2494E-32  3.0000E-01
  4.4646E+03  1.2377E-32  3.0000E-01
  4.4968E+03  1.2261E-32  3.0000E-01
  4.5292E+03  1.2147E-32  3.0000E-01
  4.5619E+03  1.2033E-32  3.0000E-01
  4.5948E+03  1.1921E-32  3.0000E-01
  4.6279E+03  1.1810E-32  3.0000E-01
  4.6613E+03  1.1700E-32  3.0000E-01
  4.6949E+03  1.1591E-32  3.0000E-01
  4.7288E+03  1.1484E-32  3.0000E-01
  4.7629E+03  1.1377E-32  3.0000E-01
  4.7972E+03  1.1272E-32  3.0000E-01
  4.8318E+03  1.1169E-32  3.0000E-01
  4.8666E+03  1.1066E-32  3.0000E-01
  4.9017E+03  1.0965E-32  3.0000E-01
  4.9371E+03  1.0865E-32  3.0000E-01
  4.9727E+03  1.0766E-32  3.0000E-01
  5.0085E+03  1.0668E-32  3.0000E-01
  5.0446E+03  1.0572E-32  3.0000E-01
  5.0810E+03  1.0476E-32  3.0000E-01
  5.1176E+03  1.0382E-32  3.0000E-01
  5.1545E+03  1.0289E-32  3.0000E-01
  5.1917E+03  1.0197E-32  3.0000E-01
  5.2291E+03  1.0106E-32  3.0000E-01
  5.2668E+03  1.0016E-32  3.0000E-01
  5.3048E+03  9.9273E-33  3.0000E-01
  5.3430E+03  9.8396E-33  3.0000E-01
  5.3816E+03  9.7530E-33  3.0000E-01
  5.4204E+03  9.6675E-33  3.0000E-01
  5.4594E+03  9.5830E-33  3.0000E-01
  5.4988E+03  9.4994E-33  3.0000E-01
  5.5384E+03  9.4169E-33  3.0000E-01
  5.5784E+03  9.3354E-33  3.0000E-01
  5.6186E+03  9.2549E-33  3.0000E-01
  5.6591E+03  9.1753E-33  3.0000E-01
  5.6999E+03  9.0967E-33  3.0000E-01
  5.7410E+03  9.0190E-33  3.0000E-01
  5.7824E+03  8.9422E-33  3.0000E-01
  5.8240E+03  8.8664E-33  3.0000E-01
  5.8660E+03  8.7915E-33  3.0000E-01
  5.9083E+03  8.7174E-33  3.0000E-01
  5.9509E+03  8.6443E-33  3.0000E-01
  5.9938E+03  8.5720E-33  3.0000E-01
  6.0370E+03  8.5005E-33  3.0000E-01
  6.0805E+03  8.4300E-33  3.0000E-01
  6.1243E+03  8.3602E-33  3.0000E-01
  6.1685E+03  8.2913E-33  3.0000E-01
  6.2130E+03  8.2232E-33  3.0000E-01
  6.2577E+03  8.1558E-33  3.0000E-01
  6.3028E+03  8.0893E-33  3.0000E-01
  6.3483E+03  8.0236E-33  3.0000E-01
  6.3940E+03  7.9586E-33  3.0000E-01
  6.4401E+03  7.8944E-33  3.0000E-01
  6.4865E+03  7.8309E-33  3.0000E-01
  6.5333E+03  7.7682E-33  3.0000E-01
  6.5804E+03  7.7062E-33  3.0000E-01
  6.6278E+03  7.6449E-33  3.0000E-01
  6.6756E+03  7.5844E-33  3.0000E-01
  6.7237E+03  7.5245E-33  3.0000E-01
  6.7722E+03  7.4653E-33  3.0000E-01
  6.8210E+03  7.4068E-33  3.0000E-01
  6.8701E+03  7.3490E-33  3.0000E-01
  6.9196E+03  7.2919E-33  3.0000E-01
  6.9695E+03  7.2354E-33  3.0000E-01
  7.0197E+03  7.1795E-33  3.0000E-01
  7.0703E+03  7.1243E-33  3.0000E-01
  7.1213E+03  7.0698E-33  3.0000E-01
  7.1726E+03  7.0158E-33  3.0000E-01
  7.2243E+03  6.9625E-33  3.0000E-01
  7.2764E+03  6.9098E-33  3.0000E-01
  7.3288E+03  6.8576E-33  3.0000E-01
  7.3816E+03  6.8061E-33  3.0000E-01
  7.4348E+03  6.7551E-33  3.0000E-01
  7.4884E+03  6.7047E-33  3.0000E-01
  7.5424E+03  6.6549E-33  3.0000E-01
  7.5967E+03  6.6057E-33  3.0000E-01
  7.6515E+03  6.5570E-33  3.0000E-01
  7.7066E+03  6.5088E-33  3.0000E-01
  7.7622E+03  6.4612E-33  3.0000E-01
  7.8181E+03  6.4141E-33  3.0000E-01
  7.8744E+03  6.3676E-33  3.0000E-01
  7.9312E+03  6.3215E-33  3.0000E-01
  7.9883E+03  6.2760E-33  3.0000E-01
  8.0459E+03  6.2310E-33  3.0000E-01
  8.1039E+03  6.1865E-33  3.0000E-01
  8.1623E+03  6.1424E-33  3.0000E-01
  8.2211E+03  6.0989E-33  3.0000E-01
  8.2803E+03  6.0558E-33  3.0000E-01
  8.3400E+03  6.0132E-33  3.0000E-01
  8.4001E+03  5.9711E-33  3.0000E-01
  8.4606E+03  5.9295E-33  3.0000E-01
  8.5216E+03  5.8883E-33  3.0000E-01
  8.5830E+03  5.8475E-33  3.0000E-01
  8.6449E+03  5.8072E-33  3.0000E-01
  8.7071E+03  5.7673E-33  3.0000E-01
  8.7699E+03  5.7279E-33  3.0000E-01
  8.8331E+03  5.6889E-33  3.0000E-01
  8.8967E+03  5.6503E-33  3.0000E-01
  8.9608E+03  5.6123E-33  3.0000E-01
  9.0249E+03  5.6123E-33  3.0000E-01
