  2.5000E-02  5.0745E-20  3.2035E-01
  7.5180E-02  1.1537E-23  3.2116E-01
  1.2572E-01  1.0512E-24  3.2116E-01
  1.7663E-01  2.9132E-25  3.2115E-01
  2.2790E-01  1.1363E-25  3.2113E-01
  2.7954E-01  5.4915E-26  3.2110E-01
  3.3155E-01  3.1330E-26  3.2106E-01
  3.8394E-01  2.0935E-26  3.2102E-01
  4.3670E-01  1.6051E-26  3.2097E-01
  4.8985E-01  1.2868E-26  3.2092E-01
  5.4337E-01  1.0581E-26  3.2087E-01
  5.9729E-01  9.0275E-27  3.2081E-01
  6.5159E-01  8.1065E-27  3.2075E-01
  7.0628E-01  7.4028E-27  3.2068E-01
  7.6136E-01  6.7466E-27  3.2061E-01
  8.1685E-01  6.1640E-27  3.2054E-01
  8.7273E-01  5.6510E-27  3.2047E-01
  9.2901E-01  5.1994E-27  3.2039E-01
  9.8570E-01  4.8004E-27  3.2031E-01
  1.0428E+00  4.4465E-27  3.2022E-01
  1.1003E+00  4.1312E-27  3.2014E-01
  1.1582E+00  3.8492E-27  3.2005E-01
  1.2166E+00  3.5958E-27  3.1996E-01
  1.2753E+00  3.3673E-27  3.1986E-01
  1.3345E+00  3.1605E-27  3.1977E-01
  1.3941E+00  2.9725E-27  3.1967E-01
  1.4542E+00  2.8013E-27  3.1957E-01
  1.5146E+00  2.6447E-27  3.1947E-01
  1.5755E+00  2.5011E-27  3.1937E-01
  1.6369E+00  2.3692E-27  3.1927E-01
  1.6987E+00  2.2476E-27  3.1916E-01
  1.7609E+00  2.1352E-27  3.1906E-01
  1.8236E+00  2.0312E-27  3.1895E-01
  1.8867E+00  1.9347E-27  3.1884E-01
  1.9503E+00  1.8449E-27  3.1873E-01
  2.0143E+00  1.7613E-27  3.1862E-01
  2.0788E+00  1.6834E-27  3.1851E-01
  2.1438E+00  1.6105E-27  3.1840E-01
  2.2092E+00  1.5422E-27  3.1828E-01
  2.2751E+00  1.4782E-27  3.1817E-01
  2.3415E+00  1.4182E-27  3.1805E-01
  2.4084E+00  1.3617E-27  3.1794E-01
  2.4757E+00  1.3085E-27  3.1782E-01
  2.5435E+00  1.2584E-27  3.1771E-01
  2.6119E+00  1.2110E-27  3.1759E-01
  2.6807E+00  1.1663E-27  3.1747E-01
  2.7500E+00  1.1240E-27  3.1736E-01
  2.8198E+00  1.0840E-27  3.1724E-01
  2.8901E+00  1.0460E-27  3.1712E-01
  2.9609E+00  1.0100E-27  3.1700E-01
  3.0322E+00  9.7573E-28  3.1689E-01
  3.1040E+00  9.4320E-28  3.1677E-01
  3.1764E+00  9.1225E-28  3.1665E-01
  3.2492E+00  8.8277E-28  3.1653E-01
  3.3226E+00  8.5468E-28  3.1642E-01
  3.3966E+00  8.2788E-28  3.1630E-01
  3.4710E+00  8.0231E-28  3.1618E-01
  3.5460E+00  7.7787E-28  3.1606E-01
  3.6215E+00  7.5452E-28  3.1594E-01
  3.6976E+00  7.3218E-28  3.1583E-01
  3.7742E+00  7.1080E-28  3.1571E-01
  3.8514E+00  6.9032E-28  3.1559E-01
  3.9291E+00  6.7070E-28  3.1547E-01
  4.0074E+00  6.5187E-28  3.1536E-01
  4.0863E+00  6.3381E-28  3.1524E-01
  4.1657E+00  6.1647E-28  3.1513E-01
  4.2457E+00  5.9982E-28  3.1501E-01
  4.3263E+00  5.8381E-28  3.1489E-01
  4.4074E+00  5.6841E-28  3.1478E-01
  4.4891E+00  5.5360E-28  3.1466E-01
  4.5715E+00  5.3934E-28  3.1455E-01
  4.6544E+00  5.2560E-28  3.1444E-01
  4.7379E+00  5.1237E-28  3.1432E-01
  4.8220E+00  4.9962E-28  3.1421E-01
  4.9067E+00  4.8732E-28  3.1410E-01
  4.9921E+00  4.7545E-28  3.1398E-01
  5.0780E+00  4.6399E-28  3.1387E-01
  5.1646E+00  4.5293E-28  3.1376E-01
  5.2517E+00  4.4224E-28  3.1365E-01
  5.3396E+00  4.3191E-28  3.1354E-01
  5.4280E+00  4.2193E-28  3.1343E-01
  5.5171E+00  4.1227E-28  3.1332E-01
  5.6068E+00  4.0293E-28  3.1321E-01
  5.6972E+00  3.9388E-28  3.1310E-01
  5.7882E+00  3.8513E-28  3.1299E-01
  5.8799E+00  3.7665E-28  3.1289E-01
  5.9722E+00  3.6843E-28  3.1278E-01
  6.0652E+00  3.6046E-28  3.1267E-01
  6.1589E+00  3.5274E-28  3.1257E-01
  6.2532E+00  3.4526E-28  3.1246E-01
  6.3482E+00  3.3799E-28  3.1236E-01
  6.4439E+00  3.3094E-28  3.1225E-01
  6.5403E+00  3.2410E-28  3.1215E-01
  6.6374E+00  3.1745E-28  3.1205E-01
  6.7352E+00  3.1100E-28  3.1194E-01
  6.8337E+00  3.0473E-28  3.1184E-01
  6.9329E+00  2.9864E-28  3.1174E-01
  7.0328E+00  2.9271E-28  3.1164E-01
  7.1335E+00  2.8695E-28  3.1154E-01
  7.2348E+00  2.8135E-28  3.1144E-01
  7.3369E+00  2.7590E-28  3.1134E-01
  7.4398E+00  2.7060E-28  3.1124E-01
  7.5433E+00  2.6544E-28  3.1114E-01
  7.6476E+00  2.6041E-28  3.1105E-01
  7.7527E+00  2.5552E-28  3.1095E-01
  7.8585E+00  2.5075E-28  3.1085E-01
  7.9651E+00  2.4611E-28  3.1076E-01
  8.0724E+00  2.4158E-28  3.1066E-01
  8.1806E+00  2.3717E-28  3.1057E-01
  8.2895E+00  2.3287E-28  3.1048E-01
  8.3991E+00  2.2867E-28  3.1038E-01
  8.5096E+00  2.2458E-28  3.1029E-01
  8.6209E+00  2.2059E-28  3.1020E-01
  8.7330E+00  2.1670E-28  3.1011E-01
  8.8458E+00  2.1290E-28  3.1002E-01
  8.9595E+00  2.0919E-28  3.0993E-01
  9.0740E+00  2.0557E-28  3.0984E-01
  9.1894E+00  2.0203E-28  3.0975E-01
  9.3055E+00  1.9858E-28  3.0966E-01
  9.4225E+00  1.9521E-28  3.0957E-01
  9.5404E+00  1.9191E-28  3.0949E-01
  9.6591E+00  1.8869E-28  3.0940E-01
  9.7786E+00  1.8554E-28  3.0932E-01
  9.8990E+00  1.8246E-28  3.0923E-01
  1.0020E+01  1.7945E-28  3.0915E-01
  1.0142E+01  1.7651E-28  3.0906E-01
  1.0265E+01  1.7363E-28  3.0898E-01
  1.0389E+01  1.7081E-28  3.0890E-01
  1.0514E+01  1.6806E-28  3.0881E-01
  1.0640E+01  1.6536E-28  3.0873E-01
  1.0766E+01  1.6272E-28  3.0865E-01
  1.0894E+01  1.6014E-28  3.0857E-01
  1.1022E+01  1.5761E-28  3.0849E-01
  1.1152E+01  1.5513E-28  3.0841E-01
  1.1282E+01  1.5271E-28  3.0833E-01
  1.1413E+01  1.5033E-28  3.0825E-01
  1.1546E+01  1.4801E-28  3.0818E-01
  1.1679E+01  1.4573E-28  3.0810E-01
  1.1813E+01  1.4349E-28  3.0802E-01
  1.1948E+01  1.4130E-28  3.0795E-01
  1.2084E+01  1.3916E-28  3.0787E-01
  1.2221E+01  1.3706E-28  3.0780E-01
  1.2359E+01  1.3499E-28  3.0772E-01
  1.2498E+01  1.3297E-28  3.0765E-01
  1.2638E+01  1.3099E-28  3.0758E-01
  1.2779E+01  1.2904E-28  3.0750E-01
  1.2921E+01  1.2714E-28  3.0743E-01
  1.3064E+01  1.2527E-28  3.0736E-01
  1.3208E+01  1.2343E-28  3.0729E-01
  1.3353E+01  1.2163E-28  3.0722E-01
  1.3499E+01  1.1986E-28  3.0715E-01
  1.3646E+01  1.1813E-28  3.0708E-01
  1.3795E+01  1.1642E-28  3.0701E-01
  1.3944E+01  1.1475E-28  3.0694E-01
  1.4094E+01  1.1311E-28  3.0688E-01
  1.4246E+01  1.1150E-28  3.0681E-01
  1.4398E+01  1.0991E-28  3.0674E-01
  1.4552E+01  1.0836E-28  3.0668E-01
  1.4707E+01  1.0683E-28  3.0661E-01
  1.4863E+01  1.0533E-28  3.0655E-01
  1.5020E+01  1.0386E-28  3.0648E-01
  1.5178E+01  1.0241E-28  3.0642E-01
  1.5337E+01  1.0099E-28  3.0635E-01
  1.5497E+01  9.9587E-29  3.0629E-01
  1.5659E+01  9.8212E-29  3.0623E-01
  1.5822E+01  9.6861E-29  3.0617E-01
  1.5986E+01  9.5533E-29  3.0611E-01
  1.6151E+01  9.4227E-29  3.0604E-01
  1.6317E+01  9.2943E-29  3.0598E-01
  1.6485E+01  9.1681E-29  3.0592E-01
  1.6653E+01  9.0440E-29  3.0586E-01
  1.6823E+01  8.9219E-29  3.0581E-01
  1.6994E+01  8.8018E-29  3.0575E-01
  1.7167E+01  8.6837E-29  3.0569E-01
  1.7340E+01  8.5675E-29  3.0563E-01
  1.7515E+01  8.4532E-29  3.0557E-01
  1.7691E+01  8.3407E-29  3.0552E-01
  1.7869E+01  8.2300E-29  3.0546E-01
  1.8047E+01  8.1211E-29  3.0541E-01
  1.8227E+01  8.0139E-29  3.0535E-01
  1.8408E+01  7.9085E-29  3.0530E-01
  1.8591E+01  7.8046E-29  3.0524E-01
  1.8775E+01  7.7024E-29  3.0519E-01
  1.8960E+01  7.6018E-29  3.0513E-01
  1.9147E+01  7.5028E-29  3.0508E-01
  1.9334E+01  7.4052E-29  3.0503E-01
  1.9524E+01  7.3092E-29  3.0498E-01
  1.9714E+01  7.2147E-29  3.0492E-01
  1.9906E+01  7.1215E-29  3.0487E-01
  2.0099E+01  7.0298E-29  3.0482E-01
  2.0294E+01  6.9395E-29  3.0477E-01
  2.0490E+01  6.8505E-29  3.0472E-01
  2.0688E+01  6.7629E-29  3.0467E-01
  2.0887E+01  6.6766E-29  3.0462E-01
  2.1087E+01  6.5915E-29  3.0457E-01
  2.1289E+01  6.5077E-29  3.0453E-01
  2.1492E+01  6.4252E-29  3.0448E-01
  2.1697E+01  6.3438E-29  3.0443E-01
  2.1903E+01  6.2636E-29  3.0438E-01
  2.2111E+01  6.1846E-29  3.0434E-01
  2.2320E+01  6.1068E-29  3.0429E-01
  2.2531E+01  6.0300E-29  3.0425E-01
  2.2743E+01  5.9544E-29  3.0420E-01
  2.2957E+01  5.8799E-29  3.0415E-01
  2.3172E+01  5.8064E-29  3.0411E-01
  2.3389E+01  5.7339E-29  3.0407E-01
  2.3607E+01  5.6625E-29  3.0402E-01
  2.3827E+01  5.5921E-29  3.0398E-01
  2.4049E+01  5.5226E-29  3.0394E-01
  2.4272E+01  5.4542E-29  3.0389E-01
  2.4497E+01  5.3867E-29  3.0385E-01
  2.4723E+01  5.3201E-29  3.0381E-01
  2.4951E+01  5.2544E-29  3.0377E-01
  2.5181E+01  5.1897E-29  3.0373E-01
  2.5412E+01  5.1258E-29  3.0369E-01
  2.5645E+01  5.0629E-29  3.0365E-01
  2.5880E+01  5.0007E-29  3.0360E-01
  2.6116E+01  4.9395E-29  3.0357E-01
  2.6354E+01  4.8790E-29  3.0353E-01
  2.6594E+01  4.8194E-29  3.0349E-01
  2.6835E+01  4.7606E-29  3.0345E-01
  2.7078E+01  4.7025E-29  3.0341E-01
  2.7323E+01  4.6453E-29  3.0337E-01
  2.7570E+01  4.5888E-29  3.0333E-01
  2.7819E+01  4.5330E-29  3.0330E-01
  2.8069E+01  4.4780E-29  3.0326E-01
  2.8321E+01  4.4238E-29  3.0322E-01
  2.8575E+01  4.3702E-29  3.0319E-01
  2.8831E+01  4.3174E-29  3.0315E-01
  2.9088E+01  4.2652E-29  3.0312E-01
  2.9348E+01  4.2137E-29  3.0308E-01
  2.9609E+01  4.1629E-29  3.0305E-01
  2.9872E+01  4.1128E-29  3.0301E-01
  3.0137E+01  4.0633E-29  3.0298E-01
  3.0404E+01  4.0144E-29  3.0294E-01
  3.0673E+01  3.9662E-29  3.0291E-01
  3.0944E+01  3.9186E-29  3.0288E-01
  3.1217E+01  3.8716E-29  3.0284E-01
  3.1492E+01  3.8252E-29  3.0281E-01
  3.1768E+01  3.7795E-29  3.0278E-01
  3.2047E+01  3.7342E-29  3.0275E-01
  3.2328E+01  3.6896E-29  3.0272E-01
  3.2611E+01  3.6455E-29  3.0268E-01
  3.2895E+01  3.6020E-29  3.0265E-01
  3.3182E+01  3.5591E-29  3.0262E-01
  3.3471E+01  3.5167E-29  3.0259E-01
  3.3762E+01  3.4748E-29  3.0256E-01
  3.4055E+01  3.4334E-29  3.0253E-01
  3.4350E+01  3.3926E-29  3.0250E-01
  3.4648E+01  3.3523E-29  3.0247E-01
  3.4947E+01  3.3125E-29  3.0244E-01
  3.5249E+01  3.2731E-29  3.0241E-01
  3.5553E+01  3.2343E-29  3.0239E-01
  3.5859E+01  3.1959E-29  3.0236E-01
  3.6167E+01  3.1580E-29  3.0233E-01
  3.6477E+01  3.1205E-29  3.0230E-01
  3.6790E+01  3.0835E-29  3.0227E-01
  3.7105E+01  3.0469E-29  3.0225E-01
  3.7422E+01  3.0108E-29  3.0222E-01
  3.7741E+01  2.9751E-29  3.0219E-01
  3.8063E+01  2.9398E-29  3.0217E-01
  3.8387E+01  2.9050E-29  3.0214E-01
  3.8713E+01  2.8706E-29  3.0212E-01
  3.9042E+01  2.8366E-29  3.0209E-01
  3.9373E+01  2.8030E-29  3.0207E-01
  3.9707E+01  2.7698E-29  3.0204E-01
  4.0043E+01  2.7370E-29  3.0202E-01
  4.0381E+01  2.7046E-29  3.0199E-01
  4.0722E+01  2.6726E-29  3.0197E-01
  4.1065E+01  2.6409E-29  3.0194E-01
  4.1411E+01  2.6097E-29  3.0192E-01
  4.1759E+01  2.5788E-29  3.0190E-01
  4.2109E+01  2.5483E-29  3.0187E-01
  4.2463E+01  2.5182E-29  3.0185E-01
  4.2818E+01  2.4884E-29  3.0183E-01
  4.3177E+01  2.4590E-29  3.0180E-01
  4.3538E+01  2.4299E-29  3.0178E-01
  4.3901E+01  2.4012E-29  3.0176E-01
  4.4267E+01  2.3728E-29  3.0174E-01
  4.4636E+01  2.3448E-29  3.0172E-01
  4.5007E+01  2.3170E-29  3.0170E-01
  4.5381E+01  2.2897E-29  3.0167E-01
  4.5758E+01  2.2626E-29  3.0165E-01
  4.6137E+01  2.2359E-29  3.0163E-01
  4.6520E+01  2.2095E-29  3.0161E-01
  4.6905E+01  2.1834E-29  3.0159E-01
  4.7292E+01  2.1576E-29  3.0157E-01
  4.7683E+01  2.1322E-29  3.0155E-01
  4.8076E+01  2.1070E-29  3.0153E-01
  4.8472E+01  2.0822E-29  3.0151E-01
  4.8871E+01  2.0576E-29  3.0149E-01
  4.9273E+01  2.0333E-29  3.0147E-01
  4.9678E+01  2.0093E-29  3.0146E-01
  5.0086E+01  1.9856E-29  3.0144E-01
  5.0496E+01  1.9622E-29  3.0142E-01
  5.0910E+01  1.9391E-29  3.0140E-01
  5.1326E+01  1.9163E-29  3.0138E-01
  5.1746E+01  1.8937E-29  3.0136E-01
  5.2168E+01  1.8714E-29  3.0135E-01
  5.2594E+01  1.8493E-29  3.0133E-01
  5.3023E+01  1.8276E-29  3.0131E-01
  5.3454E+01  1.8061E-29  3.0130E-01
  5.3889E+01  1.7848E-29  3.0128E-01
  5.4327E+01  1.7638E-29  3.0126E-01
  5.4769E+01  1.7431E-29  3.0125E-01
  5.5213E+01  1.7226E-29  3.0123E-01
  5.5660E+01  1.7023E-29  3.0121E-01
  5.6111E+01  1.6823E-29  3.0120E-01
  5.6565E+01  1.6625E-29  3.0118E-01
  5.7022E+01  1.6430E-29  3.0117E-01
  5.7483E+01  1.6237E-29  3.0115E-01
  5.7947E+01  1.6046E-29  3.0113E-01
  5.8414E+01  1.5858E-29  3.0112E-01
  5.8885E+01  1.5672E-29  3.0110E-01
  5.9359E+01  1.5488E-29  3.0109E-01
  5.9836E+01  1.5307E-29  3.0108E-01
  6.0317E+01  1.5127E-29  3.0106E-01
  6.0801E+01  1.4950E-29  3.0105E-01
  6.1289E+01  1.4775E-29  3.0103E-01
  6.1780E+01  1.4602E-29  3.0102E-01
  6.2275E+01  1.4431E-29  3.0100E-01
  6.2773E+01  1.4263E-29  3.0099E-01
  6.3275E+01  1.4096E-29  3.0098E-01
  6.3781E+01  1.3931E-29  3.0096E-01
  6.4290E+01  1.3768E-29  3.0095E-01
  6.4803E+01  1.3608E-29  3.0094E-01
  6.5320E+01  1.3449E-29  3.0093E-01
  6.5840E+01  1.3292E-29  3.0091E-01
  6.6364E+01  1.3137E-29  3.0090E-01
  6.6892E+01  1.2984E-29  3.0089E-01
  6.7423E+01  1.2833E-29  3.0088E-01
  6.7959E+01  1.2684E-29  3.0086E-01
  6.8498E+01  1.2536E-29  3.0085E-01
  6.9041E+01  1.2391E-29  3.0084E-01
  6.9588E+01  1.2247E-29  3.0083E-01
  7.0139E+01  1.2105E-29  3.0082E-01
  7.0694E+01  1.1964E-29  3.0080E-01
  7.1253E+01  1.1826E-29  3.0079E-01
  7.1816E+01  1.1689E-29  3.0078E-01
  7.2384E+01  1.1553E-29  3.0077E-01
  7.2955E+01  1.1420E-29  3.0076E-01
  7.3530E+01  1.1288E-29  3.0075E-01
  7.4109E+01  1.1157E-29  3.0074E-01
  7.4693E+01  1.1029E-29  3.0073E-01
  7.5281E+01  1.0901E-29  3.0072E-01
  7.5873E+01  1.0776E-29  3.0071E-01
  7.6469E+01  1.0652E-29  3.0070E-01
  7.7070E+01  1.0529E-29  3.0069E-01
  7.7675E+01  1.0408E-29  3.0068E-01
  7.8284E+01  1.0289E-29  3.0067E-01
  7.8897E+01  1.0171E-29  3.0066E-01
  7.9516E+01  1.0054E-29  3.0065E-01
  8.0138E+01  9.9390E-30  3.0064E-01
  8.0765E+01  9.8253E-30  3.0063E-01
  8.1397E+01  9.7130E-30  3.0062E-01
  8.2033E+01  9.6021E-30  3.0061E-01
  8.2673E+01  9.4926E-30  3.0060E-01
  8.3318E+01  9.3844E-30  3.0059E-01
  8.3968E+01  9.2776E-30  3.0058E-01
  8.4623E+01  9.1720E-30  3.0058E-01
  8.5282E+01  9.0678E-30  3.0057E-01
  8.5946E+01  8.9649E-30  3.0056E-01
  8.6615E+01  8.8633E-30  3.0055E-01
  8.7289E+01  8.7629E-30  3.0054E-01
  8.7967E+01  8.6638E-30  3.0053E-01
  8.8651E+01  8.5658E-30  3.0053E-01
  8.9339E+01  8.4691E-30  3.0052E-01
  9.0032E+01  8.3736E-30  3.0051E-01
  9.0730E+01  8.2793E-30  3.0050E-01
  9.1434E+01  8.1862E-30  3.0050E-01
  9.2142E+01  8.0942E-30  3.0049E-01
  9.2855E+01  8.0033E-30  3.0048E-01
  9.3574E+01  7.9136E-30  3.0047E-01
  9.4298E+01  7.8250E-30  3.0047E-01
  9.5027E+01  7.7375E-30  3.0046E-01
  9.5761E+01  7.6510E-30  3.0045E-01
  9.6500E+01  7.5656E-30  3.0044E-01
  9.7245E+01  7.4813E-30  3.0044E-01
  9.7995E+01  7.3980E-30  3.0043E-01
  9.8751E+01  7.3158E-30  3.0042E-01
  9.9512E+01  7.2345E-30  3.0042E-01
  1.0028E+02  7.1543E-30  3.0041E-01
  1.0105E+02  7.0750E-30  3.0040E-01
  1.0183E+02  6.9967E-30  3.0040E-01
  1.0261E+02  6.9194E-30  3.0039E-01
  1.0340E+02  6.8430E-30  3.0039E-01
  1.0419E+02  6.7676E-30  3.0038E-01
  1.0499E+02  6.6931E-30  3.0037E-01
  1.0580E+02  6.6194E-30  3.0037E-01
  1.0661E+02  6.5467E-30  3.0036E-01
  1.0743E+02  6.4749E-30  3.0036E-01
  1.0825E+02  6.4039E-30  3.0035E-01
  1.0908E+02  6.3339E-30  3.0035E-01
  1.0992E+02  6.2646E-30  3.0034E-01
  1.1076E+02  6.1962E-30  3.0033E-01
  1.1161E+02  6.1286E-30  3.0033E-01
  1.1246E+02  6.0619E-30  3.0032E-01
  1.1332E+02  5.9959E-30  3.0032E-01
  1.1419E+02  5.9307E-30  3.0031E-01
  1.1506E+02  5.8664E-30  3.0031E-01
  1.1594E+02  5.8027E-30  3.0030E-01
  1.1682E+02  5.7399E-30  3.0030E-01
  1.1771E+02  5.6778E-30  3.0029E-01
  1.1861E+02  5.6164E-30  3.0029E-01
  1.1951E+02  5.5558E-30  3.0028E-01
  1.2042E+02  5.4959E-30  3.0028E-01
  1.2134E+02  5.4366E-30  3.0027E-01
  1.2227E+02  5.3781E-30  3.0027E-01
  1.2320E+02  5.3203E-30  3.0027E-01
  1.2413E+02  5.2632E-30  3.0026E-01
  1.2508E+02  5.2067E-30  3.0026E-01
  1.2603E+02  5.1509E-30  3.0025E-01
  1.2698E+02  5.0957E-30  3.0025E-01
  1.2795E+02  5.0412E-30  3.0024E-01
  1.2892E+02  4.9873E-30  3.0024E-01
  1.2990E+02  4.9340E-30  3.0024E-01
  1.3088E+02  4.8814E-30  3.0023E-01
  1.3188E+02  4.8293E-30  3.0023E-01
  1.3288E+02  4.7778E-30  3.0022E-01
  1.3388E+02  4.7270E-30  3.0022E-01
  1.3490E+02  4.6767E-30  3.0022E-01
  1.3592E+02  4.6270E-30  3.0021E-01
  1.3695E+02  4.5778E-30  3.0021E-01
  1.3798E+02  4.5292E-30  3.0021E-01
  1.3903E+02  4.4812E-30  3.0020E-01
  1.4008E+02  4.4336E-30  3.0020E-01
  1.4113E+02  4.3867E-30  3.0020E-01
  1.4220E+02  4.3402E-30  3.0019E-01
  1.4327E+02  4.2943E-30  3.0019E-01
  1.4436E+02  4.2488E-30  3.0019E-01
  1.4545E+02  4.2039E-30  3.0018E-01
  1.4654E+02  4.1595E-30  3.0018E-01
  1.4765E+02  4.1155E-30  3.0018E-01
  1.4876E+02  4.0720E-30  3.0017E-01
  1.4988E+02  4.0290E-30  3.0017E-01
  1.5101E+02  3.9865E-30  3.0017E-01
  1.5215E+02  3.9445E-30  3.0017E-01
  1.5329E+02  3.9028E-30  3.0016E-01
  1.5445E+02  3.8617E-30  3.0016E-01
  1.5561E+02  3.8210E-30  3.0016E-01
  1.5678E+02  3.7807E-30  3.0015E-01
  1.5796E+02  3.7408E-30  3.0015E-01
  1.5915E+02  3.7014E-30  3.0015E-01
  1.6034E+02  3.6624E-30  3.0015E-01
  1.6155E+02  3.6238E-30  3.0014E-01
  1.6276E+02  3.5856E-30  3.0014E-01
  1.6398E+02  3.5478E-30  3.0014E-01
  1.6521E+02  3.5104E-30  3.0014E-01
  1.6645E+02  3.4733E-30  3.0013E-01
  1.6770E+02  3.4367E-30  3.0013E-01
  1.6896E+02  3.4005E-30  3.0013E-01
  1.7022E+02  3.3646E-30  3.0013E-01
  1.7150E+02  3.3291E-30  3.0013E-01
  1.7278E+02  3.2939E-30  3.0012E-01
  1.7408E+02  3.2592E-30  3.0012E-01
  1.7538E+02  3.2247E-30  3.0012E-01
  1.7669E+02  3.1907E-30  3.0012E-01
  1.7802E+02  3.1569E-30  3.0011E-01
  1.7935E+02  3.1235E-30  3.0011E-01
  1.8069E+02  3.0905E-30  3.0011E-01
  1.8204E+02  3.0578E-30  3.0011E-01
  1.8340E+02  3.0254E-30  3.0011E-01
  1.8477E+02  2.9933E-30  3.0011E-01
  1.8615E+02  2.9615E-30  3.0010E-01
  1.8754E+02  2.9301E-30  3.0010E-01
  1.8894E+02  2.8990E-30  3.0010E-01
  1.9035E+02  2.8682E-30  3.0010E-01
  1.9177E+02  2.8377E-30  3.0010E-01
  1.9320E+02  2.8075E-30  3.0009E-01
  1.9465E+02  2.7776E-30  3.0009E-01
  1.9610E+02  2.7479E-30  3.0009E-01
  1.9756E+02  2.7186E-30  3.0009E-01
  1.9903E+02  2.6896E-30  3.0009E-01
  2.0051E+02  2.6608E-30  3.0009E-01
  2.0201E+02  2.6324E-30  3.0009E-01
  2.0351E+02  2.6042E-30  3.0008E-01
  2.0503E+02  2.5762E-30  3.0008E-01
  2.0655E+02  2.5486E-30  3.0008E-01
  2.0809E+02  2.5212E-30  3.0008E-01
  2.0964E+02  2.4941E-30  3.0008E-01
  2.1120E+02  2.4672E-30  3.0008E-01
  2.1277E+02  2.4406E-30  3.0008E-01
  2.1435E+02  2.4143E-30  3.0007E-01
  2.1595E+02  2.3882E-30  3.0007E-01
  2.1755E+02  2.3623E-30  3.0007E-01
  2.1917E+02  2.3367E-30  3.0007E-01
  2.2079E+02  2.3114E-30  3.0007E-01
  2.2243E+02  2.2863E-30  3.0007E-01
  2.2409E+02  2.2614E-30  3.0007E-01
  2.2575E+02  2.2368E-30  3.0007E-01
  2.2742E+02  2.2124E-30  3.0006E-01
  2.2911E+02  2.1882E-30  3.0006E-01
  2.3081E+02  2.1643E-30  3.0006E-01
  2.3252E+02  2.1406E-30  3.0006E-01
  2.3425E+02  2.1171E-30  3.0006E-01
  2.3598E+02  2.0938E-30  3.0006E-01
  2.3773E+02  2.0708E-30  3.0006E-01
  2.3949E+02  2.0480E-30  3.0006E-01
  2.4127E+02  2.0254E-30  3.0006E-01
  2.4306E+02  2.0030E-30  3.0006E-01
  2.4486E+02  1.9808E-30  3.0005E-01
  2.4667E+02  1.9589E-30  3.0005E-01
  2.4850E+02  1.9371E-30  3.0005E-01
  2.5033E+02  1.9156E-30  3.0005E-01
  2.5219E+02  1.8943E-30  3.0005E-01
  2.5405E+02  1.8731E-30  3.0005E-01
  2.5593E+02  1.8522E-30  3.0005E-01
  2.5782E+02  1.8315E-30  3.0005E-01
  2.5973E+02  1.8109E-30  3.0005E-01
  2.6165E+02  1.7906E-30  3.0005E-01
  2.6358E+02  1.7704E-30  3.0005E-01
  2.6553E+02  1.7505E-30  3.0004E-01
  2.6749E+02  1.7307E-30  3.0004E-01
  2.6947E+02  1.7111E-30  3.0004E-01
  2.7146E+02  1.6918E-30  3.0004E-01
  2.7347E+02  1.6726E-30  3.0004E-01
  2.7548E+02  1.6535E-30  3.0004E-01
  2.7752E+02  1.6347E-30  3.0004E-01
  2.7957E+02  1.6161E-30  3.0004E-01
  2.8163E+02  1.5976E-30  3.0004E-01
  2.8371E+02  1.5793E-30  3.0004E-01
  2.8580E+02  1.5612E-30  3.0004E-01
  2.8791E+02  1.5432E-30  3.0004E-01
  2.9003E+02  1.5255E-30  3.0004E-01
  2.9217E+02  1.5079E-30  3.0004E-01
  2.9432E+02  1.4904E-30  3.0004E-01
  2.9649E+02  1.4732E-30  3.0003E-01
  2.9868E+02  1.4561E-30  3.0003E-01
  3.0088E+02  1.4392E-30  3.0003E-01
  3.0309E+02  1.4224E-30  3.0003E-01
  3.0532E+02  1.4058E-30  3.0003E-01
  3.0757E+02  1.3894E-30  3.0003E-01
  3.0984E+02  1.3732E-30  3.0003E-01
  3.1212E+02  1.3571E-30  3.0003E-01
  3.1442E+02  1.3411E-30  3.0003E-01
  3.1673E+02  1.3253E-30  3.0003E-01
  3.1906E+02  1.3097E-30  3.0003E-01
  3.2141E+02  1.2942E-30  3.0003E-01
  3.2377E+02  1.2789E-30  3.0003E-01
  3.2615E+02  1.2637E-30  3.0003E-01
  3.2855E+02  1.2487E-30  3.0003E-01
  3.3097E+02  1.2339E-30  3.0003E-01
  3.3340E+02  1.2191E-30  3.0003E-01
  3.3585E+02  1.2046E-30  3.0003E-01
  3.3832E+02  1.1902E-30  3.0003E-01
  3.4080E+02  1.1759E-30  3.0003E-01
  3.4331E+02  1.1618E-30  3.0002E-01
  3.4583E+02  1.1478E-30  3.0002E-01
  3.4837E+02  1.1339E-30  3.0002E-01
  3.5093E+02  1.1202E-30  3.0002E-01
  3.5350E+02  1.1067E-30  3.0002E-01
  3.5610E+02  1.0933E-30  3.0002E-01
  3.5871E+02  1.0800E-30  3.0002E-01
  3.6135E+02  1.0668E-30  3.0002E-01
  3.6400E+02  1.0538E-30  3.0002E-01
  3.6667E+02  1.0410E-30  3.0002E-01
  3.6936E+02  1.0282E-30  3.0002E-01
  3.7207E+02  1.0156E-30  3.0002E-01
  3.7480E+02  1.0031E-30  3.0002E-01
  3.7755E+02  9.9079E-31  3.0002E-01
  3.8031E+02  9.7858E-31  3.0002E-01
  3.8310E+02  9.6650E-31  3.0002E-01
  3.8591E+02  9.5454E-31  3.0002E-01
  3.8874E+02  9.4271E-31  3.0002E-01
  3.9159E+02  9.3101E-31  3.0002E-01
  3.9446E+02  9.1943E-31  3.0002E-01
  3.9735E+02  9.0798E-31  3.0002E-01
  4.0026E+02  8.9665E-31  3.0002E-01
  4.0319E+02  8.8544E-31  3.0002E-01
  4.0614E+02  8.7435E-31  3.0002E-01
  4.0912E+02  8.6338E-31  3.0002E-01
  4.1211E+02  8.5253E-31  3.0002E-01
  4.1513E+02  8.4180E-31  3.0002E-01
  4.1817E+02  8.3119E-31  3.0002E-01
  4.2123E+02  8.2069E-31  3.0002E-01
  4.2431E+02  8.1031E-31  3.0002E-01
  4.2742E+02  8.0004E-31  3.0002E-01
  4.3054E+02  7.8988E-31  3.0002E-01
  4.3369E+02  7.7984E-31  3.0001E-01
  4.3687E+02  7.6991E-31  3.0001E-01
  4.4006E+02  7.6009E-31  3.0001E-01
  4.4328E+02  7.5038E-31  3.0001E-01
  4.4652E+02  7.4077E-31  3.0001E-01
  4.4979E+02  7.3128E-31  3.0001E-01
  4.5308E+02  7.2189E-31  3.0001E-01
  4.5639E+02  7.1261E-31  3.0001E-01
  4.5972E+02  7.0343E-31  3.0001E-01
  4.6308E+02  6.9436E-31  3.0001E-01
  4.6647E+02  6.8539E-31  3.0001E-01
  4.6988E+02  6.7652E-31  3.0001E-01
  4.7331E+02  6.6776E-31  3.0001E-01
  4.7677E+02  6.5909E-31  3.0001E-01
  4.8025E+02  6.5052E-31  3.0001E-01
  4.8376E+02  6.4206E-31  3.0001E-01
  4.8729E+02  6.3369E-31  3.0001E-01
  4.9085E+02  6.2542E-31  3.0001E-01
  4.9443E+02  6.1724E-31  3.0001E-01
  4.9804E+02  6.0916E-31  3.0001E-01
  5.0168E+02  6.0118E-31  3.0001E-01
  5.0534E+02  5.9328E-31  3.0001E-01
  5.0903E+02  5.8548E-31  3.0001E-01
  5.1275E+02  5.7778E-31  3.0001E-01
  5.1649E+02  5.7016E-31  3.0001E-01
  5.2026E+02  5.6263E-31  3.0001E-01
  5.2405E+02  5.5520E-31  3.0001E-01
  5.2788E+02  5.4785E-31  3.0001E-01
  5.3173E+02  5.4059E-31  3.0001E-01
  5.3560E+02  5.3342E-31  3.0001E-01
  5.3951E+02  5.2633E-31  3.0001E-01
  5.4345E+02  5.1933E-31  3.0001E-01
  5.4741E+02  5.1241E-31  3.0001E-01
  5.5140E+02  5.0558E-31  3.0001E-01
  5.5542E+02  4.9883E-31  3.0001E-01
  5.5947E+02  4.9216E-31  3.0001E-01
  5.6355E+02  4.8557E-31  3.0001E-01
  5.6765E+02  4.7906E-31  3.0001E-01
  5.7179E+02  4.7264E-31  3.0001E-01
  5.7596E+02  4.6629E-31  3.0001E-01
  5.8016E+02  4.6002E-31  3.0001E-01
  5.8438E+02  4.5383E-31  3.0001E-01
  5.8864E+02  4.4771E-31  3.0001E-01
  5.9293E+02  4.4167E-31  3.0001E-01
  5.9725E+02  4.3570E-31  3.0001E-01
  6.0160E+02  4.2981E-31  3.0001E-01
  6.0598E+02  4.2400E-31  3.0001E-01
  6.1039E+02  4.1825E-31  3.0001E-01
  6.1484E+02  4.1258E-31  3.0001E-01
  6.1931E+02  4.0698E-31  3.0001E-01
  6.2382E+02  4.0145E-31  3.0001E-01
  6.2836E+02  3.9599E-31  3.0001E-01
  6.3294E+02  3.9060E-31  3.0001E-01
  6.3755E+02  3.8528E-31  3.0001E-01
  6.4219E+02  3.8002E-31  3.0001E-01
  6.4686E+02  3.7483E-31  3.0001E-01
  6.5157E+02  3.6971E-31  3.0001E-01
  6.5631E+02  3.6466E-31  3.0001E-01
  6.6108E+02  3.5967E-31  3.0001E-01
  6.6589E+02  3.5474E-31  3.0001E-01
  6.7074E+02  3.4988E-31  3.0001E-01
  6.7562E+02  3.4507E-31  3.0001E-01
  6.8053E+02  3.4034E-31  3.0001E-01
  6.8548E+02  3.3566E-31  3.0001E-01
  6.9047E+02  3.3104E-31  3.0001E-01
  6.9549E+02  3.2649E-31  3.0001E-01
  7.0055E+02  3.2199E-31  3.0001E-01
  7.0564E+02  3.1755E-31  3.0001E-01
  7.1077E+02  3.1317E-31  3.0001E-01
  7.1594E+02  3.0885E-31  3.0001E-01
  7.2114E+02  3.0458E-31  3.0001E-01
  7.2639E+02  3.0038E-31  3.0001E-01
  7.3167E+02  2.9622E-31  3.0000E-01
  7.3698E+02  2.9212E-31  3.0000E-01
  7.4234E+02  2.8808E-31  3.0000E-01
  7.4773E+02  2.8409E-31  3.0000E-01
  7.5317E+02  2.8015E-31  3.0000E-01
  7.5864E+02  2.7626E-31  3.0000E-01
  7.6415E+02  2.7243E-31  3.0000E-01
  7.6970E+02  2.6865E-31  3.0000E-01
  7.7530E+02  2.6492E-31  3.0000E-01
  7.8093E+02  2.6124E-31  3.0000E-01
  7.8660E+02  2.5760E-31  3.0000E-01
  7.9231E+02  2.5402E-31  3.0000E-01
  7.9807E+02  2.5049E-31  3.0000E-01
  8.0387E+02  2.4700E-31  3.0000E-01
  8.0970E+02  2.4356E-31  3.0000E-01
  8.1558E+02  2.4017E-31  3.0000E-01
  8.2151E+02  2.3682E-31  3.0000E-01
  8.2747E+02  2.3352E-31  3.0000E-01
  8.3348E+02  2.3026E-31  3.0000E-01
  8.3953E+02  2.2705E-31  3.0000E-01
  8.4562E+02  2.2388E-31  3.0000E-01
  8.5176E+02  2.2075E-31  3.0000E-01
  8.5795E+02  2.1767E-31  3.0000E-01
  8.6417E+02  2.1463E-31  3.0000E-01
  8.7044E+02  2.1163E-31  3.0000E-01
  8.7676E+02  2.0867E-31  3.0000E-01
  8.8312E+02  2.0575E-31  3.0000E-01
  8.8953E+02  2.0288E-31  3.0000E-01
  8.9599E+02  2.0004E-31  3.0000E-01
  9.0249E+02  1.9724E-31  3.0000E-01
  9.0904E+02  1.9448E-31  3.0000E-01
  9.1563E+02  1.9176E-31  3.0000E-01
  9.2227E+02  1.8907E-31  3.0000E-01
  9.2896E+02  1.8642E-31  3.0000E-01
  9.3570E+02  1.8381E-31  3.0000E-01
  9.4249E+02  1.8124E-31  3.0000E-01
  9.4933E+02  1.7870E-31  3.0000E-01
  9.5621E+02  1.7619E-31  3.0000E-01
  9.6315E+02  1.7372E-31  3.0000E-01
  9.7013E+02  1.7129E-31  3.0000E-01
  9.7717E+02  1.6888E-31  3.0000E-01
  9.8425E+02  1.6652E-31  3.0000E-01
  9.9139E+02  1.6418E-31  3.0000E-01
  9.9858E+02  1.6187E-31  3.0000E-01
  1.0058E+03  1.5960E-31  3.0000E-01
  1.0131E+03  1.5736E-31  3.0000E-01
  1.0205E+03  1.5515E-31  3.0000E-01
  1.0278E+03  1.5297E-31  3.0000E-01
  1.0353E+03  1.5083E-31  3.0000E-01
  1.0428E+03  1.4871E-31  3.0000E-01
  1.0504E+03  1.4663E-31  3.0000E-01
  1.0580E+03  1.4457E-31  3.0000E-01
  1.0656E+03  1.4255E-31  3.0000E-01
  1.0734E+03  1.4055E-31  3.0000E-01
  1.0811E+03  1.3859E-31  3.0000E-01
  1.0890E+03  1.3665E-31  3.0000E-01
  1.0969E+03  1.3474E-31  3.0000E-01
  1.1048E+03  1.3287E-31  3.0000E-01
  1.1128E+03  1.3102E-31  3.0000E-01
  1.1209E+03  1.2919E-31  3.0000E-01
  1.1290E+03  1.2741E-31  3.0000E-01
  1.1372E+03  1.2565E-31  3.0000E-01
  1.1454E+03  1.2390E-31  3.0000E-01
  1.1537E+03  1.2219E-31  3.0000E-01
  1.1621E+03  1.2052E-31  3.0000E-01
  1.1705E+03  1.1885E-31  3.0000E-01
  1.1790E+03  1.1720E-31  3.0000E-01
  1.1875E+03  1.1559E-31  3.0000E-01
  1.1961E+03  1.1401E-31  3.0000E-01
  1.2048E+03  1.1242E-31  3.0000E-01
  1.2135E+03  1.1083E-31  3.0000E-01
  1.2223E+03  1.0927E-31  3.0000E-01
  1.2311E+03  1.0775E-31  3.0000E-01
  1.2400E+03  1.0621E-31  3.0000E-01
  1.2490E+03  1.0461E-31  3.0000E-01
  1.2581E+03  1.0294E-31  3.0000E-01
  1.2672E+03  1.0126E-31  3.0000E-01
  1.2763E+03  9.9633E-32  3.0000E-01
  1.2856E+03  9.8097E-32  3.0000E-01
  1.2949E+03  9.6660E-32  3.0000E-01
  1.3043E+03  9.5308E-32  3.0000E-01
  1.3137E+03  9.4020E-32  3.0000E-01
  1.3232E+03  9.2777E-32  3.0000E-01
  1.3328E+03  9.1568E-32  3.0000E-01
  1.3424E+03  9.0384E-32  3.0000E-01
  1.3522E+03  8.9219E-32  3.0000E-01
  1.3619E+03  8.8072E-32  3.0000E-01
  1.3718E+03  8.6939E-32  3.0000E-01
  1.3817E+03  8.5819E-32  3.0000E-01
  1.3917E+03  8.4711E-32  3.0000E-01
  1.4018E+03  8.3615E-32  3.0000E-01
  1.4119E+03  8.2529E-32  3.0000E-01
  1.4222E+03  8.1455E-32  3.0000E-01
  1.4324E+03  8.0392E-32  3.0000E-01
  1.4428E+03  7.9340E-32  3.0000E-01
  1.4532E+03  7.8300E-32  3.0000E-01
  1.4638E+03  7.7271E-32  3.0000E-01
  1.4743E+03  7.6255E-32  3.0000E-01
  1.4850E+03  7.5251E-32  3.0000E-01
  1.4958E+03  7.4260E-32  3.0000E-01
  1.5066E+03  7.3281E-32  3.0000E-01
  1.5175E+03  7.2315E-32  3.0000E-01
  1.5284E+03  7.1361E-32  3.0000E-01
  1.5395E+03  7.0421E-32  3.0000E-01
  1.5506E+03  6.9492E-32  3.0000E-01
  1.5618E+03  6.8576E-32  3.0000E-01
  1.5731E+03  6.7673E-32  3.0000E-01
  1.5845E+03  6.6782E-32  3.0000E-01
  1.5960E+03  6.5903E-32  3.0000E-01
  1.6075E+03  6.5036E-32  3.0000E-01
  1.6191E+03  6.4181E-32  3.0000E-01
  1.6309E+03  6.3338E-32  3.0000E-01
  1.6426E+03  6.2507E-32  3.0000E-01
  1.6545E+03  6.1687E-32  3.0000E-01
  1.6665E+03  6.0879E-32  3.0000E-01
  1.6785E+03  6.0081E-32  3.0000E-01
  1.6907E+03  5.9295E-32  3.0000E-01
  1.7029E+03  5.8521E-32  3.0000E-01
  1.7152E+03  5.7757E-32  3.0000E-01
  1.7276E+03  5.7003E-32  3.0000E-01
  1.7401E+03  5.6261E-32  3.0000E-01
  1.7527E+03  5.5528E-32  3.0000E-01
  1.7653E+03  5.4807E-32  3.0000E-01
  1.7781E+03  5.4095E-32  3.0000E-01
  1.7909E+03  5.3393E-32  3.0000E-01
  1.8039E+03  5.2702E-32  3.0000E-01
  1.8169E+03  5.2020E-32  3.0000E-01
  1.8301E+03  5.1348E-32  3.0000E-01
  1.8433E+03  5.0685E-32  3.0000E-01
  1.8566E+03  5.0032E-32  3.0000E-01
  1.8700E+03  4.9388E-32  3.0000E-01
  1.8835E+03  4.8754E-32  3.0000E-01
  1.8972E+03  4.8128E-32  3.0000E-01
  1.9109E+03  4.7512E-32  3.0000E-01
  1.9247E+03  4.6904E-32  3.0000E-01
  1.9386E+03  4.6305E-32  3.0000E-01
  1.9526E+03  4.5714E-32  3.0000E-01
  1.9667E+03  4.5132E-32  3.0000E-01
  1.9809E+03  4.4558E-32  3.0000E-01
  1.9952E+03  4.3992E-32  3.0000E-01
  2.0096E+03  4.3435E-32  3.0000E-01
  2.0242E+03  4.2885E-32  3.0000E-01
  2.0388E+03  4.2343E-32  3.0000E-01
  2.0535E+03  4.1809E-32  3.0000E-01
  2.0683E+03  4.1283E-32  3.0000E-01
  2.0833E+03  4.0764E-32  3.0000E-01
  2.0983E+03  4.0253E-32  3.0000E-01
  2.1135E+03  3.9748E-32  3.0000E-01
  2.1288E+03  3.9251E-32  3.0000E-01
  2.1441E+03  3.8762E-32  3.0000E-01
  2.1596E+03  3.8279E-32  3.0000E-01
  2.1752E+03  3.7803E-32  3.0000E-01
  2.1909E+03  3.7333E-32  3.0000E-01
  2.2068E+03  3.6871E-32  3.0000E-01
  2.2227E+03  3.6415E-32  3.0000E-01
  2.2388E+03  3.5966E-32  3.0000E-01
  2.2549E+03  3.5523E-32  3.0000E-01
  2.2712E+03  3.5086E-32  3.0000E-01
  2.2876E+03  3.4655E-32  3.0000E-01
  2.3041E+03  3.4231E-32  3.0000E-01
  2.3208E+03  3.3813E-32  3.0000E-01
  2.3375E+03  3.3400E-32  3.0000E-01
  2.3544E+03  3.2994E-32  3.0000E-01
  2.3714E+03  3.2593E-32  3.0000E-01
  2.3885E+03  3.2198E-32  3.0000E-01
  2.4058E+03  3.1808E-32  3.0000E-01
  2.4232E+03  3.1424E-32  3.0000E-01
  2.4407E+03  3.1046E-32  3.0000E-01
  2.4583E+03  3.0672E-32  3.0000E-01
  2.4760E+03  3.0304E-32  3.0000E-01
  2.4939E+03  2.9942E-32  3.0000E-01
  2.5119E+03  2.9584E-32  3.0000E-01
  2.5300E+03  2.9231E-32  3.0000E-01
  2.5483E+03  2.8884E-32  3.0000E-01
  2.5667E+03  2.8541E-32  3.0000E-01
  2.5852E+03  2.8203E-32  3.0000E-01
  2.6039E+03  2.7870E-32  3.0000E-01
  2.6227E+03  2.7542E-32  3.0000E-01
  2.6416E+03  2.7218E-32  3.0000E-01
  2.6607E+03  2.6898E-32  3.0000E-01
  2.6799E+03  2.6583E-32  3.0000E-01
  2.6993E+03  2.6273E-32  3.0000E-01
  2.7187E+03  2.5967E-32  3.0000E-01
  2.7384E+03  2.5665E-32  3.0000E-01
  2.7581E+03  2.5367E-32  3.0000E-01
  2.7780E+03  2.5074E-32  3.0000E-01
  2.7981E+03  2.4784E-32  3.0000E-01
  2.8183E+03  2.4499E-32  3.0000E-01
  2.8386E+03  2.4218E-32  3.0000E-01
  2.8591E+03  2.3940E-32  3.0000E-01
  2.8798E+03  2.3666E-32  3.0000E-01
  2.9005E+03  2.3397E-32  3.0000E-01
  2.9215E+03  2.3130E-32  3.0000E-01
  2.9426E+03  2.2868E-32  3.0000E-01
  2.9638E+03  2.2609E-32  3.0000E-01
  2.9852E+03  2.2354E-32  3.0000E-01
  3.0067E+03  2.2102E-32  3.0000E-01
  3.0284E+03  2.1854E-32  3.0000E-01
  3.0503E+03  2.1609E-32  3.0000E-01
  3.0723E+03  2.1367E-32  3.0000E-01
  3.0945E+03  2.1129E-32  3.0000E-01
  3.1168E+03  2.0894E-32  3.0000E-01
  3.1393E+03  2.0663E-32  3.0000E-01
  3.1619E+03  2.0434E-32  3.0000E-01
  3.1848E+03  2.0209E-32  3.0000E-01
  3.2077E+03  1.9986E-32  3.0000E-01
  3.2309E+03  1.9767E-32  3.0000E-01
  3.2542E+03  1.9551E-32  3.0000E-01
  3.2777E+03  1.9337E-32  3.0000E-01
  3.3013E+03  1.9127E-32  3.0000E-01
  3.3251E+03  1.8919E-32  3.0000E-01
  3.3491E+03  1.8714E-32  3.0000E-01
  3.3733E+03  1.8512E-32  3.0000E-01
  3.3976E+03  1.8313E-32  3.0000E-01
  3.4221E+03  1.8116E-32  3.0000E-01
  3.4468E+03  1.7922E-32  3.0000E-01
  3.4717E+03  1.7731E-32  3.0000E-01
  3.4967E+03  1.7542E-32  3.0000E-01
  3.5220E+03  1.7355E-32  3.0000E-01
  3.5474E+03  1.7172E-32  3.0000E-01
  3.5730E+03  1.6990E-32  3.0000E-01
  3.5987E+03  1.6811E-32  3.0000E-01
  3.6247E+03  1.6635E-32  3.0000E-01
  3.6509E+03  1.6461E-32  3.0000E-01
  3.6772E+03  1.6289E-32  3.0000E-01
  3.7037E+03  1.6119E-32  3.0000E-01
  3.7304E+03  1.5952E-32  3.0000E-01
  3.7573E+03  1.5787E-32  3.0000E-01
  3.7844E+03  1.5624E-32  3.0000E-01
  3.8117E+03  1.5463E-32  3.0000E-01
  3.8392E+03  1.5304E-32  3.0000E-01
  3.8669E+03  1.5148E-32  3.0000E-01
  3.8948E+03  1.4993E-32  3.0000E-01
  3.9229E+03  1.4841E-32  3.0000E-01
  3.9512E+03  1.4690E-32  3.0000E-01
  3.9797E+03  1.4542E-32  3.0000E-01
  4.0084E+03  1.4395E-32  3.0000E-01
  4.0373E+03  1.4251E-32  3.0000E-01
  4.0664E+03  1.4108E-32  3.0000E-01
  4.0958E+03  1.3967E-32  3.0000E-01
  4.1253E+03  1.3828E-32  3.0000E-01
  4.1551E+03  1.3691E-32  3.0000E-01
  4.1850E+03  1.3555E-32  3.0000E-01
  4.2152E+03  1.3421E-32  3.0000E-01
  4.2456E+03  1.3289E-32  3.0000E-01
  4.2762E+03  1.3159E-32  3.0000E-01
  4.3071E+03  1.3030E-32  3.0000E-01
  4.3381E+03  1.2904E-32  3.0000E-01
  4.3694E+03  1.2778E-32  3.0000E-01
  4.4009E+03  1.2654E-32  3.0000E-01
  4.4327E+03  1.2532E-32  3.0000E-01
  4.4646E+03  1.2412E-32  3.0000E-01
  4.4968E+03  1.2293E-32  3.0000E-01
  4.5292E+03  1.2175E-32  3.0000E-01
  4.5619E+03  1.2059E-32  3.0000E-01
  4.5948E+03  1.1945E-32  3.0000E-01
  4.6279E+03  1.1832E-32  3.0000E-01
  4.6613E+03  1.1720E-32  3.0000E-01
  4.6949E+03  1.1610E-32  3.0000E-01
  4.7288E+03  1.1501E-32  3.0000E-01
  4.7629E+03  1.1393E-32  3.0000E-01
  4.7972E+03  1.1287E-32  3.0000E-01
  4.8318E+03  1.1182E-32  3.0000E-01
  4.8666E+03  1.1079E-32  3.0000E-01
  4.9017E+03  1.0977E-32  3.0000E-01
  4.9371E+03  1.0876E-32  3.0000E-01
  4.9727E+03  1.0776E-32  3.0000E-01
  5.0085E+03  1.0678E-32  3.0000E-01
  5.0446E+03  1.0580E-32  3.0000E-01
  5.0810E+03  1.0484E-32  3.0000E-01
  5.1176E+03  1.0390E-32  3.0000E-01
  5.1545E+03  1.0296E-32  3.0000E-01
  5.1917E+03  1.0204E-32  3.0000E-01
  5.2291E+03  1.0112E-32  3.0000E-01
  5.2668E+03  1.0022E-32  3.0000E-01
  5.3048E+03  9.9330E-33  3.0000E-01
  5.3430E+03  9.8450E-33  3.0000E-01
  5.3816E+03  9.7581E-33  3.0000E-01
  5.4204E+03  9.6723E-33  3.0000E-01
  5.4594E+03  9.5875E-33  3.0000E-01
  5.4988E+03  9.5037E-33  3.0000E-01
  5.5384E+03  9.4210E-33  3.0000E-01
  5.5784E+03  9.3392E-33  3.0000E-01
  5.6186E+03  9.2585E-33  3.0000E-01
  5.6591E+03  9.1787E-33  3.0000E-01
  5.6999E+03  9.0999E-33  3.0000E-01
  5.7410E+03  9.0221E-33  3.0000E-01
  5.7824E+03  8.9452E-33  3.0000E-01
  5.8240E+03  8.8692E-33  3.0000E-01
  5.8660E+03  8.7941E-33  3.0000E-01
  5.9083E+03  8.7199E-33  3.0000E-01
  5.9509E+03  8.6466E-33  3.0000E-01
  5.9938E+03  8.5742E-33  3.0000E-01
  6.0370E+03  8.5027E-33  3.0000E-01
  6.0805E+03  8.4320E-33  3.0000E-01
  6.1243E+03  8.3621E-33  3.0000E-01
  6.1685E+03  8.2931E-33  3.0000E-01
  6.2130E+03  8.2249E-33  3.0000E-01
  6.2577E+03  8.1575E-33  3.0000E-01
  6.3028E+03  8.0909E-33  3.0000E-01
  6.3483E+03  8.0251E-33  3.0000E-01
  6.3940E+03  7.9600E-33  3.0000E-01
  6.4401E+03  7.8957E-33  3.0000E-01
  6.4865E+03  7.8322E-33  3.0000E-01
  6.5333E+03  7.7694E-33  3.0000E-01
  6.5804E+03  7.7074E-33  3.0000E-01
  6.6278E+03  7.6460E-33  3.0000E-01
  6.6756E+03  7.5854E-33  3.0000E-01
  6.7237E+03  7.5255E-33  3.0000E-01
  6.7722E+03  7.4663E-33  3.0000E-01
  6.8210E+03  7.4078E-33  3.0000E-01
  6.8701E+03  7.3499E-33  3.0000E-01
  6.9196E+03  7.2927E-33  3.0000E-01
  6.9695E+03  7.2362E-33  3.0000E-01
  7.0197E+03  7.1803E-33  3.0000E-01
  7.0703E+03  7.1251E-33  3.0000E-01
  7.1213E+03  7.0704E-33  3.0000E-01
  7.1726E+03  7.0165E-33  3.0000E-01
  7.2243E+03  6.9631E-33  3.0000E-01
  7.2764E+03  6.9103E-33  3.0000E-01
  7.3288E+03  6.8582E-33  3.0000E-01
  7.3816E+03  6.8066E-33  3.0000E-01
  7.4348E+03  6.7556E-33  3.0000E-01
  7.4884E+03  6.7052E-33  3.0000E-01
  7.5424E+03  6.6554E-33  3.0000E-01
  7.5967E+03  6.6061E-33  3.0000E-01
  7.6515E+03  6.5574E-33  3.0000E-01
  7.7066E+03  6.5092E-33  3.0000E-01
  7.7622E+03  6.4616E-33  3.0000E-01
  7.8181E+03  6.4144E-33  3.0000E-01
  7.8744E+03  6.3679E-33  3.0000E-01
  7.9312E+03  6.3218E-33  3.0000E-01
  7.9883E+03  6.2763E-33  3.0000E-01
  8.0459E+03  6.2312E-33  3.0000E-01
  8.1039E+03  6.1867E-33  3.0000E-01
  8.1623E+03  6.1426E-33  3.0000E-01
  8.2211E+03  6.0991E-33  3.0000E-01
  8.2803E+03  6.0560E-33  3.0000E-01
  8.3400E+03  6.0134E-33  3.0000E-01
  8.4001E+03  5.9712E-33  3.0000E-01
  8.4606E+03  5.9295E-33  3.0000E-01
  8.5216E+03  5.8883E-33  3.0000E-01
  8.5830E+03  5.8475E-33  3.0000E-01
  8.6449E+03  5.8072E-33  3.0000E-01
  8.7071E+03  5.7673E-33  3.0000E-01
  8.7699E+03  5.7279E-33  3.0000E-01
  8.8331E+03  5.6888E-33  3.0000E-01
  8.8967E+03  5.6502E-33  3.0000E-01
  8.9608E+03  5.6120E-33  3.0000E-01
  9.0249E+03  5.6120E-33  3.0000E-01
