  2.5000E-02  1.6424E-19  3.2467E-01
  7.5180E-02  7.9472E-24  3.2640E-01
  1.2572E-01  7.1490E-25  3.2638E-01
  1.7663E-01  1.9945E-25  3.2636E-01
  2.2790E-01  7.8623E-26  3.2633E-01
  2.7954E-01  3.8509E-26  3.2629E-01
  3.3155E-01  2.2346E-26  3.2625E-01
  3.8394E-01  1.5339E-26  3.2620E-01
  4.3670E-01  1.1919E-26  3.2615E-01
  4.8985E-01  9.7594E-27  3.2609E-01
  5.4337E-01  8.5299E-27  3.2603E-01
  5.9729E-01  7.6866E-27  3.2597E-01
  6.5159E-01  6.9117E-27  3.2590E-01
  7.0628E-01  6.2394E-27  3.2583E-01
  7.6136E-01  5.6600E-27  3.2575E-01
  8.1685E-01  5.1592E-27  3.2567E-01
  8.7273E-01  4.7239E-27  3.2558E-01
  9.2901E-01  4.3435E-27  3.2549E-01
  9.8570E-01  4.0089E-27  3.2540E-01
  1.0428E+00  3.7130E-27  3.2531E-01
  1.1003E+00  3.4499E-27  3.2521E-01
  1.1582E+00  3.2149E-27  3.2511E-01
  1.2166E+00  3.0039E-27  3.2501E-01
  1.2753E+00  2.8137E-27  3.2490E-01
  1.3345E+00  2.6416E-27  3.2479E-01
  1.3941E+00  2.4853E-27  3.2468E-01
  1.4542E+00  2.3429E-27  3.2457E-01
  1.5146E+00  2.2126E-27  3.2446E-01
  1.5755E+00  2.0933E-27  3.2434E-01
  1.6369E+00  1.9835E-27  3.2422E-01
  1.6987E+00  1.8823E-27  3.2410E-01
  1.7609E+00  1.7888E-27  3.2398E-01
  1.8236E+00  1.7023E-27  3.2386E-01
  1.8867E+00  1.6219E-27  3.2374E-01
  1.9503E+00  1.5472E-27  3.2361E-01
  2.0143E+00  1.4777E-27  3.2348E-01
  2.0788E+00  1.4127E-27  3.2336E-01
  2.1438E+00  1.3520E-27  3.2323E-01
  2.2092E+00  1.2951E-27  3.2310E-01
  2.2751E+00  1.2418E-27  3.2297E-01
  2.3415E+00  1.1917E-27  3.2284E-01
  2.4084E+00  1.1447E-27  3.2271E-01
  2.4757E+00  1.1003E-27  3.2258E-01
  2.5435E+00  1.0585E-27  3.2245E-01
  2.6119E+00  1.0190E-27  3.2231E-01
  2.6807E+00  9.8170E-28  3.2218E-01
  2.7500E+00  9.4639E-28  3.2205E-01
  2.8198E+00  9.1295E-28  3.2191E-01
  2.8901E+00  8.8125E-28  3.2178E-01
  2.9609E+00  8.5116E-28  3.2165E-01
  3.0322E+00  8.2257E-28  3.2151E-01
  3.1040E+00  7.9539E-28  3.2138E-01
  3.1764E+00  7.6952E-28  3.2124E-01
  3.2492E+00  7.4489E-28  3.2111E-01
  3.3226E+00  7.2140E-28  3.2097E-01
  3.3966E+00  6.9900E-28  3.2084E-01
  3.4710E+00  6.7761E-28  3.2070E-01
  3.5460E+00  6.5717E-28  3.2057E-01
  3.6215E+00  6.3764E-28  3.2043E-01
  3.6976E+00  6.1894E-28  3.2030E-01
  3.7742E+00  6.0105E-28  3.2016E-01
  3.8514E+00  5.8390E-28  3.2003E-01
  3.9291E+00  5.6747E-28  3.1990E-01
  4.0074E+00  5.5171E-28  3.1976E-01
  4.0863E+00  5.3658E-28  3.1963E-01
  4.1657E+00  5.2206E-28  3.1950E-01
  4.2457E+00  5.0810E-28  3.1936E-01
  4.3263E+00  4.9468E-28  3.1923E-01
  4.4074E+00  4.8178E-28  3.1910E-01
  4.4891E+00  4.6936E-28  3.1897E-01
  4.5715E+00  4.5740E-28  3.1883E-01
  4.6544E+00  4.4589E-28  3.1870E-01
  4.7379E+00  4.3479E-28  3.1857E-01
  4.8220E+00  4.2409E-28  3.1844E-01
  4.9067E+00  4.1377E-28  3.1831E-01
  4.9921E+00  4.0381E-28  3.1818E-01
  5.0780E+00  3.9419E-28  3.1806E-01
  5.1646E+00  3.8490E-28  3.1793E-01
  5.2517E+00  3.7593E-28  3.1780E-01
  5.3396E+00  3.6726E-28  3.1767E-01
  5.4280E+00  3.5887E-28  3.1754E-01
  5.5171E+00  3.5076E-28  3.1742E-01
  5.6068E+00  3.4291E-28  3.1729E-01
  5.6972E+00  3.3531E-28  3.1717E-01
  5.7882E+00  3.2795E-28  3.1704E-01
  5.8799E+00  3.2082E-28  3.1692E-01
  5.9722E+00  3.1391E-28  3.1679E-01
  6.0652E+00  3.0721E-28  3.1667E-01
  6.1589E+00  3.0072E-28  3.1655E-01
  6.2532E+00  2.9442E-28  3.1643E-01
  6.3482E+00  2.8831E-28  3.1631E-01
  6.4439E+00  2.8238E-28  3.1619E-01
  6.5403E+00  2.7662E-28  3.1607E-01
  6.6374E+00  2.7103E-28  3.1595E-01
  6.7352E+00  2.6559E-28  3.1583E-01
  6.8337E+00  2.6031E-28  3.1571E-01
  6.9329E+00  2.5518E-28  3.1559E-01
  7.0328E+00  2.5019E-28  3.1547E-01
  7.1335E+00  2.4534E-28  3.1536E-01
  7.2348E+00  2.4062E-28  3.1524E-01
  7.3369E+00  2.3603E-28  3.1513E-01
  7.4398E+00  2.3156E-28  3.1501E-01
  7.5433E+00  2.2721E-28  3.1490E-01
  7.6476E+00  2.2297E-28  3.1479E-01
  7.7527E+00  2.1885E-28  3.1467E-01
  7.8585E+00  2.1483E-28  3.1456E-01
  7.9651E+00  2.1091E-28  3.1445E-01
  8.0724E+00  2.0709E-28  3.1434E-01
  8.1806E+00  2.0337E-28  3.1423E-01
  8.2895E+00  1.9974E-28  3.1412E-01
  8.3991E+00  1.9620E-28  3.1401E-01
  8.5096E+00  1.9275E-28  3.1390E-01
  8.6209E+00  1.8938E-28  3.1380E-01
  8.7330E+00  1.8609E-28  3.1369E-01
  8.8458E+00  1.8288E-28  3.1358E-01
  8.9595E+00  1.7975E-28  3.1348E-01
  9.0740E+00  1.7669E-28  3.1337E-01
  9.1894E+00  1.7370E-28  3.1327E-01
  9.3055E+00  1.7079E-28  3.1316E-01
  9.4225E+00  1.6793E-28  3.1306E-01
  9.5404E+00  1.6515E-28  3.1296E-01
  9.6591E+00  1.6242E-28  3.1286E-01
  9.7786E+00  1.5976E-28  3.1276E-01
  9.8990E+00  1.5716E-28  3.1265E-01
  1.0020E+01  1.5461E-28  3.1256E-01
  1.0142E+01  1.5212E-28  3.1246E-01
  1.0265E+01  1.4969E-28  3.1236E-01
  1.0389E+01  1.4731E-28  3.1226E-01
  1.0514E+01  1.4497E-28  3.1216E-01
  1.0640E+01  1.4269E-28  3.1207E-01
  1.0766E+01  1.4046E-28  3.1197E-01
  1.0894E+01  1.3827E-28  3.1187E-01
  1.1022E+01  1.3613E-28  3.1178E-01
  1.1152E+01  1.3403E-28  3.1168E-01
  1.1282E+01  1.3198E-28  3.1159E-01
  1.1413E+01  1.2997E-28  3.1150E-01
  1.1546E+01  1.2800E-28  3.1141E-01
  1.1679E+01  1.2606E-28  3.1131E-01
  1.1813E+01  1.2417E-28  3.1122E-01
  1.1948E+01  1.2232E-28  3.1113E-01
  1.2084E+01  1.2050E-28  3.1104E-01
  1.2221E+01  1.1872E-28  3.1095E-01
  1.2359E+01  1.1697E-28  3.1086E-01
  1.2498E+01  1.1525E-28  3.1078E-01
  1.2638E+01  1.1357E-28  3.1069E-01
  1.2779E+01  1.1192E-28  3.1060E-01
  1.2921E+01  1.1030E-28  3.1051E-01
  1.3064E+01  1.0872E-28  3.1043E-01
  1.3208E+01  1.0716E-28  3.1034E-01
  1.3353E+01  1.0563E-28  3.1026E-01
  1.3499E+01  1.0413E-28  3.1017E-01
  1.3646E+01  1.0266E-28  3.1009E-01
  1.3795E+01  1.0121E-28  3.1001E-01
  1.3944E+01  9.9791E-29  3.0992E-01
  1.4094E+01  9.8396E-29  3.0984E-01
  1.4246E+01  9.7027E-29  3.0976E-01
  1.4398E+01  9.5683E-29  3.0968E-01
  1.4552E+01  9.4362E-29  3.0960E-01
  1.4707E+01  9.3064E-29  3.0952E-01
  1.4863E+01  9.1790E-29  3.0944E-01
  1.5020E+01  9.0537E-29  3.0936E-01
  1.5178E+01  8.9306E-29  3.0929E-01
  1.5337E+01  8.8097E-29  3.0921E-01
  1.5497E+01  8.6908E-29  3.0913E-01
  1.5659E+01  8.5739E-29  3.0905E-01
  1.5822E+01  8.4591E-29  3.0898E-01
  1.5986E+01  8.3461E-29  3.0890E-01
  1.6151E+01  8.2351E-29  3.0883E-01
  1.6317E+01  8.1259E-29  3.0875E-01
  1.6485E+01  8.0185E-29  3.0868E-01
  1.6653E+01  7.9129E-29  3.0861E-01
  1.6823E+01  7.8090E-29  3.0853E-01
  1.6994E+01  7.7068E-29  3.0846E-01
  1.7167E+01  7.6063E-29  3.0839E-01
  1.7340E+01  7.5074E-29  3.0832E-01
  1.7515E+01  7.4101E-29  3.0825E-01
  1.7691E+01  7.3144E-29  3.0818E-01
  1.7869E+01  7.2202E-29  3.0811E-01
  1.8047E+01  7.1274E-29  3.0804E-01
  1.8227E+01  7.0362E-29  3.0797E-01
  1.8408E+01  6.9463E-29  3.0790E-01
  1.8591E+01  6.8579E-29  3.0783E-01
  1.8775E+01  6.7709E-29  3.0776E-01
  1.8960E+01  6.6852E-29  3.0770E-01
  1.9147E+01  6.6008E-29  3.0763E-01
  1.9334E+01  6.5177E-29  3.0757E-01
  1.9524E+01  6.4359E-29  3.0750E-01
  1.9714E+01  6.3553E-29  3.0743E-01
  1.9906E+01  6.2759E-29  3.0737E-01
  2.0099E+01  6.1978E-29  3.0731E-01
  2.0294E+01  6.1208E-29  3.0724E-01
  2.0490E+01  6.0449E-29  3.0718E-01
  2.0688E+01  5.9702E-29  3.0712E-01
  2.0887E+01  5.8966E-29  3.0705E-01
  2.1087E+01  5.8241E-29  3.0699E-01
  2.1289E+01  5.7526E-29  3.0693E-01
  2.1492E+01  5.6822E-29  3.0687E-01
  2.1697E+01  5.6128E-29  3.0681E-01
  2.1903E+01  5.5444E-29  3.0675E-01
  2.2111E+01  5.4770E-29  3.0669E-01
  2.2320E+01  5.4106E-29  3.0663E-01
  2.2531E+01  5.3451E-29  3.0657E-01
  2.2743E+01  5.2805E-29  3.0651E-01
  2.2957E+01  5.2169E-29  3.0645E-01
  2.3172E+01  5.1542E-29  3.0640E-01
  2.3389E+01  5.0923E-29  3.0634E-01
  2.3607E+01  5.0313E-29  3.0628E-01
  2.3827E+01  4.9712E-29  3.0623E-01
  2.4049E+01  4.9119E-29  3.0617E-01
  2.4272E+01  4.8535E-29  3.0612E-01
  2.4497E+01  4.7958E-29  3.0606E-01
  2.4723E+01  4.7390E-29  3.0601E-01
  2.4951E+01  4.6829E-29  3.0595E-01
  2.5181E+01  4.6276E-29  3.0590E-01
  2.5412E+01  4.5730E-29  3.0584E-01
  2.5645E+01  4.5192E-29  3.0579E-01
  2.5880E+01  4.4661E-29  3.0574E-01
  2.6116E+01  4.4138E-29  3.0569E-01
  2.6354E+01  4.3621E-29  3.0563E-01
  2.6594E+01  4.3111E-29  3.0558E-01
  2.6835E+01  4.2609E-29  3.0553E-01
  2.7078E+01  4.2112E-29  3.0548E-01
  2.7323E+01  4.1623E-29  3.0543E-01
  2.7570E+01  4.1140E-29  3.0538E-01
  2.7819E+01  4.0663E-29  3.0533E-01
  2.8069E+01  4.0193E-29  3.0528E-01
  2.8321E+01  3.9729E-29  3.0523E-01
  2.8575E+01  3.9270E-29  3.0518E-01
  2.8831E+01  3.8818E-29  3.0513E-01
  2.9088E+01  3.8372E-29  3.0509E-01
  2.9348E+01  3.7931E-29  3.0504E-01
  2.9609E+01  3.7496E-29  3.0499E-01
  2.9872E+01  3.7067E-29  3.0494E-01
  3.0137E+01  3.6643E-29  3.0490E-01
  3.0404E+01  3.6225E-29  3.0485E-01
  3.0673E+01  3.5812E-29  3.0481E-01
  3.0944E+01  3.5404E-29  3.0476E-01
  3.1217E+01  3.5001E-29  3.0471E-01
  3.1492E+01  3.4603E-29  3.0467E-01
  3.1768E+01  3.4210E-29  3.0463E-01
  3.2047E+01  3.3821E-29  3.0458E-01
  3.2328E+01  3.3438E-29  3.0454E-01
  3.2611E+01  3.3059E-29  3.0449E-01
  3.2895E+01  3.2685E-29  3.0445E-01
  3.3182E+01  3.2316E-29  3.0441E-01
  3.3471E+01  3.1951E-29  3.0437E-01
  3.3762E+01  3.1590E-29  3.0432E-01
  3.4055E+01  3.1234E-29  3.0428E-01
  3.4350E+01  3.0882E-29  3.0424E-01
  3.4648E+01  3.0535E-29  3.0420E-01
  3.4947E+01  3.0192E-29  3.0416E-01
  3.5249E+01  2.9853E-29  3.0412E-01
  3.5553E+01  2.9518E-29  3.0408E-01
  3.5859E+01  2.9187E-29  3.0404E-01
  3.6167E+01  2.8860E-29  3.0400E-01
  3.6477E+01  2.8537E-29  3.0396E-01
  3.6790E+01  2.8218E-29  3.0392E-01
  3.7105E+01  2.7903E-29  3.0388E-01
  3.7422E+01  2.7591E-29  3.0384E-01
  3.7741E+01  2.7283E-29  3.0380E-01
  3.8063E+01  2.6979E-29  3.0377E-01
  3.8387E+01  2.6679E-29  3.0373E-01
  3.8713E+01  2.6382E-29  3.0369E-01
  3.9042E+01  2.6089E-29  3.0365E-01
  3.9373E+01  2.5799E-29  3.0362E-01
  3.9707E+01  2.5513E-29  3.0358E-01
  4.0043E+01  2.5230E-29  3.0354E-01
  4.0381E+01  2.4950E-29  3.0351E-01
  4.0722E+01  2.4674E-29  3.0347E-01
  4.1065E+01  2.4401E-29  3.0344E-01
  4.1411E+01  2.4131E-29  3.0340E-01
  4.1759E+01  2.3865E-29  3.0337E-01
  4.2109E+01  2.3601E-29  3.0333E-01
  4.2463E+01  2.3341E-29  3.0330E-01
  4.2818E+01  2.3083E-29  3.0327E-01
  4.3177E+01  2.2829E-29  3.0323E-01
  4.3538E+01  2.2578E-29  3.0320E-01
  4.3901E+01  2.2329E-29  3.0317E-01
  4.4267E+01  2.2084E-29  3.0313E-01
  4.4636E+01  2.1841E-29  3.0310E-01
  4.5007E+01  2.1602E-29  3.0307E-01
  4.5381E+01  2.1365E-29  3.0304E-01
  4.5758E+01  2.1130E-29  3.0300E-01
  4.6137E+01  2.0899E-29  3.0297E-01
  4.6520E+01  2.0670E-29  3.0294E-01
  4.6905E+01  2.0444E-29  3.0291E-01
  4.7292E+01  2.0220E-29  3.0288E-01
  4.7683E+01  1.9999E-29  3.0285E-01
  4.8076E+01  1.9781E-29  3.0282E-01
  4.8472E+01  1.9565E-29  3.0279E-01
  4.8871E+01  1.9351E-29  3.0276E-01
  4.9273E+01  1.9140E-29  3.0273E-01
  4.9678E+01  1.8932E-29  3.0270E-01
  5.0086E+01  1.8726E-29  3.0267E-01
  5.0496E+01  1.8522E-29  3.0264E-01
  5.0910E+01  1.8320E-29  3.0261E-01
  5.1326E+01  1.8121E-29  3.0258E-01
  5.1746E+01  1.7924E-29  3.0256E-01
  5.2168E+01  1.7730E-29  3.0253E-01
  5.2594E+01  1.7537E-29  3.0250E-01
  5.3023E+01  1.7347E-29  3.0247E-01
  5.3454E+01  1.7159E-29  3.0245E-01
  5.3889E+01  1.6973E-29  3.0242E-01
  5.4327E+01  1.6789E-29  3.0239E-01
  5.4769E+01  1.6608E-29  3.0237E-01
  5.5213E+01  1.6428E-29  3.0234E-01
  5.5660E+01  1.6250E-29  3.0231E-01
  5.6111E+01  1.6075E-29  3.0229E-01
  5.6565E+01  1.5901E-29  3.0226E-01
  5.7022E+01  1.5730E-29  3.0224E-01
  5.7483E+01  1.5560E-29  3.0221E-01
  5.7947E+01  1.5392E-29  3.0219E-01
  5.8414E+01  1.5226E-29  3.0216E-01
  5.8885E+01  1.5062E-29  3.0214E-01
  5.9359E+01  1.4900E-29  3.0211E-01
  5.9836E+01  1.4740E-29  3.0209E-01
  6.0317E+01  1.4581E-29  3.0207E-01
  6.0801E+01  1.4424E-29  3.0204E-01
  6.1289E+01  1.4269E-29  3.0202E-01
  6.1780E+01  1.4116E-29  3.0200E-01
  6.2275E+01  1.3964E-29  3.0197E-01
  6.2773E+01  1.3814E-29  3.0195E-01
  6.3275E+01  1.3666E-29  3.0193E-01
  6.3781E+01  1.3520E-29  3.0191E-01
  6.4290E+01  1.3375E-29  3.0188E-01
  6.4803E+01  1.3231E-29  3.0186E-01
  6.5320E+01  1.3090E-29  3.0184E-01
  6.5840E+01  1.2949E-29  3.0182E-01
  6.6364E+01  1.2811E-29  3.0180E-01
  6.6892E+01  1.2674E-29  3.0178E-01
  6.7423E+01  1.2538E-29  3.0176E-01
  6.7959E+01  1.2404E-29  3.0173E-01
  6.8498E+01  1.2272E-29  3.0171E-01
  6.9041E+01  1.2141E-29  3.0169E-01
  6.9588E+01  1.2011E-29  3.0167E-01
  7.0139E+01  1.1883E-29  3.0165E-01
  7.0694E+01  1.1756E-29  3.0163E-01
  7.1253E+01  1.1631E-29  3.0161E-01
  7.1816E+01  1.1506E-29  3.0159E-01
  7.2384E+01  1.1384E-29  3.0158E-01
  7.2955E+01  1.1263E-29  3.0156E-01
  7.3530E+01  1.1143E-29  3.0154E-01
  7.4109E+01  1.1024E-29  3.0152E-01
  7.4693E+01  1.0907E-29  3.0150E-01
  7.5281E+01  1.0790E-29  3.0148E-01
  7.5873E+01  1.0676E-29  3.0146E-01
  7.6469E+01  1.0562E-29  3.0145E-01
  7.7070E+01  1.0450E-29  3.0143E-01
  7.7675E+01  1.0339E-29  3.0141E-01
  7.8284E+01  1.0229E-29  3.0139E-01
  7.8897E+01  1.0120E-29  3.0138E-01
  7.9516E+01  1.0013E-29  3.0136E-01
  8.0138E+01  9.9063E-30  3.0134E-01
  8.0765E+01  9.8012E-30  3.0132E-01
  8.1397E+01  9.6972E-30  3.0131E-01
  8.2033E+01  9.5943E-30  3.0129E-01
  8.2673E+01  9.4925E-30  3.0128E-01
  8.3318E+01  9.3919E-30  3.0126E-01
  8.3968E+01  9.2923E-30  3.0124E-01
  8.4623E+01  9.1938E-30  3.0123E-01
  8.5282E+01  9.0964E-30  3.0121E-01
  8.5946E+01  9.0000E-30  3.0120E-01
  8.6615E+01  8.9047E-30  3.0118E-01
  8.7289E+01  8.8104E-30  3.0117E-01
  8.7967E+01  8.7171E-30  3.0115E-01
  8.8651E+01  8.6248E-30  3.0114E-01
  8.9339E+01  8.5336E-30  3.0112E-01
  9.0032E+01  8.4433E-30  3.0111E-01
  9.0730E+01  8.3540E-30  3.0109E-01
  9.1434E+01  8.2656E-30  3.0108E-01
  9.2142E+01  8.1782E-30  3.0106E-01
  9.2855E+01  8.0917E-30  3.0105E-01
  9.3574E+01  8.0062E-30  3.0104E-01
  9.4298E+01  7.9215E-30  3.0102E-01
  9.5027E+01  7.8378E-30  3.0101E-01
  9.5761E+01  7.7550E-30  3.0100E-01
  9.6500E+01  7.6730E-30  3.0098E-01
  9.7245E+01  7.5920E-30  3.0097E-01
  9.7995E+01  7.5118E-30  3.0096E-01
  9.8751E+01  7.4324E-30  3.0094E-01
  9.9512E+01  7.3539E-30  3.0093E-01
  1.0028E+02  7.2762E-30  3.0092E-01
  1.0105E+02  7.1994E-30  3.0091E-01
  1.0183E+02  7.1234E-30  3.0089E-01
  1.0261E+02  7.0481E-30  3.0088E-01
  1.0340E+02  6.9737E-30  3.0087E-01
  1.0419E+02  6.9001E-30  3.0086E-01
  1.0499E+02  6.8272E-30  3.0085E-01
  1.0580E+02  6.7551E-30  3.0084E-01
  1.0661E+02  6.6838E-30  3.0082E-01
  1.0743E+02  6.6132E-30  3.0081E-01
  1.0825E+02  6.5433E-30  3.0080E-01
  1.0908E+02  6.4742E-30  3.0079E-01
  1.0992E+02  6.4058E-30  3.0078E-01
  1.1076E+02  6.3382E-30  3.0077E-01
  1.1161E+02  6.2712E-30  3.0076E-01
  1.1246E+02  6.2050E-30  3.0075E-01
  1.1332E+02  6.1394E-30  3.0074E-01
  1.1419E+02  6.0745E-30  3.0073E-01
  1.1506E+02  6.0104E-30  3.0072E-01
  1.1594E+02  5.9468E-30  3.0071E-01
  1.1682E+02  5.8840E-30  3.0070E-01
  1.1771E+02  5.8218E-30  3.0069E-01
  1.1861E+02  5.7602E-30  3.0068E-01
  1.1951E+02  5.6993E-30  3.0067E-01
  1.2042E+02  5.6390E-30  3.0066E-01
  1.2134E+02  5.5794E-30  3.0065E-01
  1.2227E+02  5.5204E-30  3.0064E-01
  1.2320E+02  5.4620E-30  3.0063E-01
  1.2413E+02  5.4042E-30  3.0062E-01
  1.2508E+02  5.3470E-30  3.0061E-01
  1.2603E+02  5.2903E-30  3.0061E-01
  1.2698E+02  5.2343E-30  3.0060E-01
  1.2795E+02  5.1789E-30  3.0059E-01
  1.2892E+02  5.1240E-30  3.0058E-01
  1.2990E+02  5.0697E-30  3.0057E-01
  1.3088E+02  5.0159E-30  3.0056E-01
  1.3188E+02  4.9627E-30  3.0056E-01
  1.3288E+02  4.9101E-30  3.0055E-01
  1.3388E+02  4.8580E-30  3.0054E-01
  1.3490E+02  4.8064E-30  3.0053E-01
  1.3592E+02  4.7553E-30  3.0052E-01
  1.3695E+02  4.7048E-30  3.0052E-01
  1.3798E+02  4.6548E-30  3.0051E-01
  1.3903E+02  4.6053E-30  3.0050E-01
  1.4008E+02  4.5563E-30  3.0049E-01
  1.4113E+02  4.5078E-30  3.0049E-01
  1.4220E+02  4.4598E-30  3.0048E-01
  1.4327E+02  4.4123E-30  3.0047E-01
  1.4436E+02  4.3653E-30  3.0047E-01
  1.4545E+02  4.3187E-30  3.0046E-01
  1.4654E+02  4.2726E-30  3.0045E-01
  1.4765E+02  4.2270E-30  3.0045E-01
  1.4876E+02  4.1818E-30  3.0044E-01
  1.4988E+02  4.1372E-30  3.0043E-01
  1.5101E+02  4.0929E-30  3.0043E-01
  1.5215E+02  4.0491E-30  3.0042E-01
  1.5329E+02  4.0058E-30  3.0041E-01
  1.5445E+02  3.9628E-30  3.0041E-01
  1.5561E+02  3.9204E-30  3.0040E-01
  1.5678E+02  3.8783E-30  3.0040E-01
  1.5796E+02  3.8367E-30  3.0039E-01
  1.5915E+02  3.7955E-30  3.0038E-01
  1.6034E+02  3.7547E-30  3.0038E-01
  1.6155E+02  3.7143E-30  3.0037E-01
  1.6276E+02  3.6743E-30  3.0037E-01
  1.6398E+02  3.6348E-30  3.0036E-01
  1.6521E+02  3.5956E-30  3.0036E-01
  1.6645E+02  3.5568E-30  3.0035E-01
  1.6770E+02  3.5184E-30  3.0035E-01
  1.6896E+02  3.4804E-30  3.0034E-01
  1.7022E+02  3.4428E-30  3.0034E-01
  1.7150E+02  3.4055E-30  3.0033E-01
  1.7278E+02  3.3687E-30  3.0033E-01
  1.7408E+02  3.3321E-30  3.0032E-01
  1.7538E+02  3.2960E-30  3.0032E-01
  1.7669E+02  3.2602E-30  3.0031E-01
  1.7802E+02  3.2248E-30  3.0031E-01
  1.7935E+02  3.1897E-30  3.0030E-01
  1.8069E+02  3.1550E-30  3.0030E-01
  1.8204E+02  3.1206E-30  3.0029E-01
  1.8340E+02  3.0865E-30  3.0029E-01
  1.8477E+02  3.0528E-30  3.0028E-01
  1.8615E+02  3.0195E-30  3.0028E-01
  1.8754E+02  2.9864E-30  3.0027E-01
  1.8894E+02  2.9537E-30  3.0027E-01
  1.9035E+02  2.9214E-30  3.0027E-01
  1.9177E+02  2.8893E-30  3.0026E-01
  1.9320E+02  2.8576E-30  3.0026E-01
  1.9465E+02  2.8261E-30  3.0025E-01
  1.9610E+02  2.7950E-30  3.0025E-01
  1.9756E+02  2.7642E-30  3.0025E-01
  1.9903E+02  2.7337E-30  3.0024E-01
  2.0051E+02  2.7036E-30  3.0024E-01
  2.0201E+02  2.6737E-30  3.0024E-01
  2.0351E+02  2.6441E-30  3.0023E-01
  2.0503E+02  2.6148E-30  3.0023E-01
  2.0655E+02  2.5858E-30  3.0023E-01
  2.0809E+02  2.5571E-30  3.0022E-01
  2.0964E+02  2.5286E-30  3.0022E-01
  2.1120E+02  2.5005E-30  3.0021E-01
  2.1277E+02  2.4726E-30  3.0021E-01
  2.1435E+02  2.4450E-30  3.0021E-01
  2.1595E+02  2.4177E-30  3.0021E-01
  2.1755E+02  2.3907E-30  3.0020E-01
  2.1917E+02  2.3639E-30  3.0020E-01
  2.2079E+02  2.3374E-30  3.0020E-01
  2.2243E+02  2.3111E-30  3.0019E-01
  2.2409E+02  2.2852E-30  3.0019E-01
  2.2575E+02  2.2594E-30  3.0019E-01
  2.2742E+02  2.2340E-30  3.0018E-01
  2.2911E+02  2.2087E-30  3.0018E-01
  2.3081E+02  2.1838E-30  3.0018E-01
  2.3252E+02  2.1591E-30  3.0018E-01
  2.3425E+02  2.1346E-30  3.0017E-01
  2.3598E+02  2.1104E-30  3.0017E-01
  2.3773E+02  2.0864E-30  3.0017E-01
  2.3949E+02  2.0627E-30  3.0017E-01
  2.4127E+02  2.0392E-30  3.0016E-01
  2.4306E+02  2.0159E-30  3.0016E-01
  2.4486E+02  1.9929E-30  3.0016E-01
  2.4667E+02  1.9701E-30  3.0016E-01
  2.4850E+02  1.9475E-30  3.0015E-01
  2.5033E+02  1.9252E-30  3.0015E-01
  2.5219E+02  1.9031E-30  3.0015E-01
  2.5405E+02  1.8812E-30  3.0015E-01
  2.5593E+02  1.8595E-30  3.0014E-01
  2.5782E+02  1.8381E-30  3.0014E-01
  2.5973E+02  1.8169E-30  3.0014E-01
  2.6165E+02  1.7958E-30  3.0014E-01
  2.6358E+02  1.7750E-30  3.0013E-01
  2.6553E+02  1.7544E-30  3.0013E-01
  2.6749E+02  1.7340E-30  3.0013E-01
  2.6947E+02  1.7139E-30  3.0013E-01
  2.7146E+02  1.6939E-30  3.0013E-01
  2.7347E+02  1.6741E-30  3.0012E-01
  2.7548E+02  1.6546E-30  3.0012E-01
  2.7752E+02  1.6352E-30  3.0012E-01
  2.7957E+02  1.6160E-30  3.0012E-01
  2.8163E+02  1.5971E-30  3.0012E-01
  2.8371E+02  1.5783E-30  3.0012E-01
  2.8580E+02  1.5597E-30  3.0011E-01
  2.8791E+02  1.5413E-30  3.0011E-01
  2.9003E+02  1.5231E-30  3.0011E-01
  2.9217E+02  1.5051E-30  3.0011E-01
  2.9432E+02  1.4873E-30  3.0011E-01
  2.9649E+02  1.4696E-30  3.0011E-01
  2.9868E+02  1.4522E-30  3.0010E-01
  3.0088E+02  1.4349E-30  3.0010E-01
  3.0309E+02  1.4178E-30  3.0010E-01
  3.0532E+02  1.4009E-30  3.0010E-01
  3.0757E+02  1.3841E-30  3.0010E-01
  3.0984E+02  1.3675E-30  3.0010E-01
  3.1212E+02  1.3511E-30  3.0009E-01
  3.1442E+02  1.3349E-30  3.0009E-01
  3.1673E+02  1.3189E-30  3.0009E-01
  3.1906E+02  1.3030E-30  3.0009E-01
  3.2141E+02  1.2873E-30  3.0009E-01
  3.2377E+02  1.2717E-30  3.0009E-01
  3.2615E+02  1.2563E-30  3.0009E-01
  3.2855E+02  1.2411E-30  3.0008E-01
  3.3097E+02  1.2260E-30  3.0008E-01
  3.3340E+02  1.2111E-30  3.0008E-01
  3.3585E+02  1.1964E-30  3.0008E-01
  3.3832E+02  1.1818E-30  3.0008E-01
  3.4080E+02  1.1674E-30  3.0008E-01
  3.4331E+02  1.1531E-30  3.0008E-01
  3.4583E+02  1.1390E-30  3.0008E-01
  3.4837E+02  1.1250E-30  3.0007E-01
  3.5093E+02  1.1112E-30  3.0007E-01
  3.5350E+02  1.0975E-30  3.0007E-01
  3.5610E+02  1.0840E-30  3.0007E-01
  3.5871E+02  1.0706E-30  3.0007E-01
  3.6135E+02  1.0574E-30  3.0007E-01
  3.6400E+02  1.0443E-30  3.0007E-01
  3.6667E+02  1.0314E-30  3.0007E-01
  3.6936E+02  1.0186E-30  3.0007E-01
  3.7207E+02  1.0059E-30  3.0007E-01
  3.7480E+02  9.9337E-31  3.0006E-01
  3.7755E+02  9.8099E-31  3.0006E-01
  3.8031E+02  9.6874E-31  3.0006E-01
  3.8310E+02  9.5662E-31  3.0006E-01
  3.8591E+02  9.4464E-31  3.0006E-01
  3.8874E+02  9.3279E-31  3.0006E-01
  3.9159E+02  9.2108E-31  3.0006E-01
  3.9446E+02  9.0949E-31  3.0006E-01
  3.9735E+02  8.9803E-31  3.0006E-01
  4.0026E+02  8.8670E-31  3.0006E-01
  4.0319E+02  8.7550E-31  3.0006E-01
  4.0614E+02  8.6442E-31  3.0005E-01
  4.0912E+02  8.5347E-31  3.0005E-01
  4.1211E+02  8.4265E-31  3.0005E-01
  4.1513E+02  8.3194E-31  3.0005E-01
  4.1817E+02  8.2136E-31  3.0005E-01
  4.2123E+02  8.1090E-31  3.0005E-01
  4.2431E+02  8.0055E-31  3.0005E-01
  4.2742E+02  7.9032E-31  3.0005E-01
  4.3054E+02  7.8021E-31  3.0005E-01
  4.3369E+02  7.7021E-31  3.0005E-01
  4.3687E+02  7.6033E-31  3.0005E-01
  4.4006E+02  7.5056E-31  3.0005E-01
  4.4328E+02  7.4091E-31  3.0005E-01
  4.4652E+02  7.3137E-31  3.0004E-01
  4.4979E+02  7.2193E-31  3.0004E-01
  4.5308E+02  7.1261E-31  3.0004E-01
  4.5639E+02  7.0340E-31  3.0004E-01
  4.5972E+02  6.9429E-31  3.0004E-01
  4.6308E+02  6.8529E-31  3.0004E-01
  4.6647E+02  6.7640E-31  3.0004E-01
  4.6988E+02  6.6760E-31  3.0004E-01
  4.7331E+02  6.5891E-31  3.0004E-01
  4.7677E+02  6.5033E-31  3.0004E-01
  4.8025E+02  6.4184E-31  3.0004E-01
  4.8376E+02  6.3345E-31  3.0004E-01
  4.8729E+02  6.2517E-31  3.0004E-01
  4.9085E+02  6.1698E-31  3.0004E-01
  4.9443E+02  6.0889E-31  3.0004E-01
  4.9804E+02  6.0090E-31  3.0004E-01
  5.0168E+02  5.9300E-31  3.0004E-01
  5.0534E+02  5.8520E-31  3.0003E-01
  5.0903E+02  5.7749E-31  3.0003E-01
  5.1275E+02  5.6987E-31  3.0003E-01
  5.1649E+02  5.6235E-31  3.0003E-01
  5.2026E+02  5.5491E-31  3.0003E-01
  5.2405E+02  5.4757E-31  3.0003E-01
  5.2788E+02  5.4031E-31  3.0003E-01
  5.3173E+02  5.3315E-31  3.0003E-01
  5.3560E+02  5.2607E-31  3.0003E-01
  5.3951E+02  5.1907E-31  3.0003E-01
  5.4345E+02  5.1217E-31  3.0003E-01
  5.4741E+02  5.0534E-31  3.0003E-01
  5.5140E+02  4.9861E-31  3.0003E-01
  5.5542E+02  4.9195E-31  3.0003E-01
  5.5947E+02  4.8537E-31  3.0003E-01
  5.6355E+02  4.7888E-31  3.0003E-01
  5.6765E+02  4.7247E-31  3.0003E-01
  5.7179E+02  4.6613E-31  3.0003E-01
  5.7596E+02  4.5988E-31  3.0003E-01
  5.8016E+02  4.5370E-31  3.0003E-01
  5.8438E+02  4.4760E-31  3.0003E-01
  5.8864E+02  4.4158E-31  3.0003E-01
  5.9293E+02  4.3564E-31  3.0003E-01
  5.9725E+02  4.2976E-31  3.0002E-01
  6.0160E+02  4.2396E-31  3.0002E-01
  6.0598E+02  4.1823E-31  3.0002E-01
  6.1039E+02  4.1258E-31  3.0002E-01
  6.1484E+02  4.0700E-31  3.0002E-01
  6.1931E+02  4.0149E-31  3.0002E-01
  6.2382E+02  3.9605E-31  3.0002E-01
  6.2836E+02  3.9068E-31  3.0002E-01
  6.3294E+02  3.8537E-31  3.0002E-01
  6.3755E+02  3.8014E-31  3.0002E-01
  6.4219E+02  3.7497E-31  3.0002E-01
  6.4686E+02  3.6987E-31  3.0002E-01
  6.5157E+02  3.6483E-31  3.0002E-01
  6.5631E+02  3.5986E-31  3.0002E-01
  6.6108E+02  3.5495E-31  3.0002E-01
  6.6589E+02  3.5010E-31  3.0002E-01
  6.7074E+02  3.4532E-31  3.0002E-01
  6.7562E+02  3.4061E-31  3.0002E-01
  6.8053E+02  3.3595E-31  3.0002E-01
  6.8548E+02  3.3135E-31  3.0002E-01
  6.9047E+02  3.2681E-31  3.0002E-01
  6.9549E+02  3.2233E-31  3.0002E-01
  7.0055E+02  3.1791E-31  3.0002E-01
  7.0564E+02  3.1355E-31  3.0002E-01
  7.1077E+02  3.0925E-31  3.0002E-01
  7.1594E+02  3.0500E-31  3.0002E-01
  7.2114E+02  3.0081E-31  3.0002E-01
  7.2639E+02  2.9667E-31  3.0002E-01
  7.3167E+02  2.9259E-31  3.0002E-01
  7.3698E+02  2.8856E-31  3.0002E-01
  7.4234E+02  2.8459E-31  3.0002E-01
  7.4773E+02  2.8066E-31  3.0002E-01
  7.5317E+02  2.7680E-31  3.0002E-01
  7.5864E+02  2.7298E-31  3.0002E-01
  7.6415E+02  2.6921E-31  3.0002E-01
  7.6970E+02  2.6550E-31  3.0001E-01
  7.7530E+02  2.6183E-31  3.0001E-01
  7.8093E+02  2.5821E-31  3.0001E-01
  7.8660E+02  2.5464E-31  3.0001E-01
  7.9231E+02  2.5112E-31  3.0001E-01
  7.9807E+02  2.4765E-31  3.0001E-01
  8.0387E+02  2.4422E-31  3.0001E-01
  8.0970E+02  2.4084E-31  3.0001E-01
  8.1558E+02  2.3751E-31  3.0001E-01
  8.2151E+02  2.3422E-31  3.0001E-01
  8.2747E+02  2.3097E-31  3.0001E-01
  8.3348E+02  2.2777E-31  3.0001E-01
  8.3953E+02  2.2462E-31  3.0001E-01
  8.4562E+02  2.2150E-31  3.0001E-01
  8.5176E+02  2.1843E-31  3.0001E-01
  8.5795E+02  2.1540E-31  3.0001E-01
  8.6417E+02  2.1242E-31  3.0001E-01
  8.7044E+02  2.0947E-31  3.0001E-01
  8.7676E+02  2.0656E-31  3.0001E-01
  8.8312E+02  2.0369E-31  3.0001E-01
  8.8953E+02  2.0087E-31  3.0001E-01
  8.9599E+02  1.9808E-31  3.0001E-01
  9.0249E+02  1.9533E-31  3.0001E-01
  9.0904E+02  1.9262E-31  3.0001E-01
  9.1563E+02  1.8994E-31  3.0001E-01
  9.2227E+02  1.8731E-31  3.0001E-01
  9.2896E+02  1.8471E-31  3.0001E-01
  9.3570E+02  1.8214E-31  3.0001E-01
  9.4249E+02  1.7961E-31  3.0001E-01
  9.4933E+02  1.7712E-31  3.0001E-01
  9.5621E+02  1.7466E-31  3.0001E-01
  9.6315E+02  1.7224E-31  3.0001E-01
  9.7013E+02  1.6984E-31  3.0001E-01
  9.7717E+02  1.6749E-31  3.0001E-01
  9.8425E+02  1.6516E-31  3.0001E-01
  9.9139E+02  1.6287E-31  3.0001E-01
  9.9858E+02  1.6061E-31  3.0001E-01
  1.0058E+03  1.5838E-31  3.0001E-01
  1.0131E+03  1.5619E-31  3.0001E-01
  1.0205E+03  1.5402E-31  3.0001E-01
  1.0278E+03  1.5189E-31  3.0001E-01
  1.0353E+03  1.4978E-31  3.0001E-01
  1.0428E+03  1.4770E-31  3.0001E-01
  1.0504E+03  1.4566E-31  3.0001E-01
  1.0580E+03  1.4364E-31  3.0001E-01
  1.0656E+03  1.4165E-31  3.0001E-01
  1.0734E+03  1.3969E-31  3.0001E-01
  1.0811E+03  1.3776E-31  3.0001E-01
  1.0890E+03  1.3585E-31  3.0001E-01
  1.0969E+03  1.3397E-31  3.0001E-01
  1.1048E+03  1.3212E-31  3.0001E-01
  1.1128E+03  1.3030E-31  3.0001E-01
  1.1209E+03  1.2850E-31  3.0001E-01
  1.1290E+03  1.2672E-31  3.0001E-01
  1.1372E+03  1.2497E-31  3.0001E-01
  1.1454E+03  1.2325E-31  3.0001E-01
  1.1537E+03  1.2155E-31  3.0001E-01
  1.1621E+03  1.1987E-31  3.0001E-01
  1.1705E+03  1.1822E-31  3.0001E-01
  1.1790E+03  1.1660E-31  3.0001E-01
  1.1875E+03  1.1499E-31  3.0001E-01
  1.1961E+03  1.1341E-31  3.0001E-01
  1.2048E+03  1.1185E-31  3.0001E-01
  1.2135E+03  1.1032E-31  3.0001E-01
  1.2223E+03  1.0880E-31  3.0001E-01
  1.2311E+03  1.0731E-31  3.0001E-01
  1.2400E+03  1.0584E-31  3.0001E-01
  1.2490E+03  1.0439E-31  3.0001E-01
  1.2581E+03  1.0296E-31  3.0001E-01
  1.2672E+03  1.0155E-31  3.0001E-01
  1.2763E+03  1.0016E-31  3.0001E-01
  1.2856E+03  9.8791E-32  3.0001E-01
  1.2949E+03  9.7443E-32  3.0001E-01
  1.3043E+03  9.6114E-32  3.0001E-01
  1.3137E+03  9.4804E-32  3.0001E-01
  1.3232E+03  9.3512E-32  3.0001E-01
  1.3328E+03  9.2238E-32  3.0000E-01
  1.3424E+03  9.0985E-32  3.0000E-01
  1.3522E+03  8.9749E-32  3.0000E-01
  1.3619E+03  8.8531E-32  3.0000E-01
  1.3718E+03  8.7329E-32  3.0000E-01
  1.3817E+03  8.6145E-32  3.0000E-01
  1.3917E+03  8.4979E-32  3.0000E-01
  1.4018E+03  8.3830E-32  3.0000E-01
  1.4119E+03  8.2697E-32  3.0000E-01
  1.4222E+03  8.1579E-32  3.0000E-01
  1.4324E+03  8.0479E-32  3.0000E-01
  1.4428E+03  7.9395E-32  3.0000E-01
  1.4532E+03  7.8327E-32  3.0000E-01
  1.4638E+03  7.7272E-32  3.0000E-01
  1.4743E+03  7.6234E-32  3.0000E-01
  1.4850E+03  7.5211E-32  3.0000E-01
  1.4958E+03  7.4204E-32  3.0000E-01
  1.5066E+03  7.3209E-32  3.0000E-01
  1.5175E+03  7.2229E-32  3.0000E-01
  1.5284E+03  7.1264E-32  3.0000E-01
  1.5395E+03  7.0314E-32  3.0000E-01
  1.5506E+03  6.9377E-32  3.0000E-01
  1.5618E+03  6.8452E-32  3.0000E-01
  1.5731E+03  6.7541E-32  3.0000E-01
  1.5845E+03  6.6645E-32  3.0000E-01
  1.5960E+03  6.5761E-32  3.0000E-01
  1.6075E+03  6.4888E-32  3.0000E-01
  1.6191E+03  6.4029E-32  3.0000E-01
  1.6309E+03  6.3184E-32  3.0000E-01
  1.6426E+03  6.2350E-32  3.0000E-01
  1.6545E+03  6.1526E-32  3.0000E-01
  1.6665E+03  6.0716E-32  3.0000E-01
  1.6785E+03  5.9919E-32  3.0000E-01
  1.6907E+03  5.9132E-32  3.0000E-01
  1.7029E+03  5.8355E-32  3.0000E-01
  1.7152E+03  5.7591E-32  3.0000E-01
  1.7276E+03  5.6838E-32  3.0000E-01
  1.7401E+03  5.6096E-32  3.0000E-01
  1.7527E+03  5.5363E-32  3.0000E-01
  1.7653E+03  5.4642E-32  3.0000E-01
  1.7781E+03  5.3933E-32  3.0000E-01
  1.7909E+03  5.3232E-32  3.0000E-01
  1.8039E+03  5.2541E-32  3.0000E-01
  1.8169E+03  5.1861E-32  3.0000E-01
  1.8301E+03  5.1191E-32  3.0000E-01
  1.8433E+03  5.0530E-32  3.0000E-01
  1.8566E+03  4.9878E-32  3.0000E-01
  1.8700E+03  4.9237E-32  3.0000E-01
  1.8835E+03  4.8605E-32  3.0000E-01
  1.8972E+03  4.7980E-32  3.0000E-01
  1.9109E+03  4.7366E-32  3.0000E-01
  1.9247E+03  4.6761E-32  3.0000E-01
  1.9386E+03  4.6163E-32  3.0000E-01
  1.9526E+03  4.5574E-32  3.0000E-01
  1.9667E+03  4.4996E-32  3.0000E-01
  1.9809E+03  4.4424E-32  3.0000E-01
  1.9952E+03  4.3859E-32  3.0000E-01
  2.0096E+03  4.3305E-32  3.0000E-01
  2.0242E+03  4.2759E-32  3.0000E-01
  2.0388E+03  4.2218E-32  3.0000E-01
  2.0535E+03  4.1686E-32  3.0000E-01
  2.0683E+03  4.1163E-32  3.0000E-01
  2.0833E+03  4.0646E-32  3.0000E-01
  2.0983E+03  4.0136E-32  3.0000E-01
  2.1135E+03  3.9636E-32  3.0000E-01
  2.1288E+03  3.9141E-32  3.0000E-01
  2.1441E+03  3.8652E-32  3.0000E-01
  2.1596E+03  3.8173E-32  3.0000E-01
  2.1752E+03  3.7699E-32  3.0000E-01
  2.1909E+03  3.7231E-32  3.0000E-01
  2.2068E+03  3.6772E-32  3.0000E-01
  2.2227E+03  3.6318E-32  3.0000E-01
  2.2388E+03  3.5869E-32  3.0000E-01
  2.2549E+03  3.5429E-32  3.0000E-01
  2.2712E+03  3.4995E-32  3.0000E-01
  2.2876E+03  3.4565E-32  3.0000E-01
  2.3041E+03  3.4144E-32  3.0000E-01
  2.3208E+03  3.3728E-32  3.0000E-01
  2.3375E+03  3.3316E-32  3.0000E-01
  2.3544E+03  3.2913E-32  3.0000E-01
  2.3714E+03  3.2513E-32  3.0000E-01
  2.3885E+03  3.2119E-32  3.0000E-01
  2.4058E+03  3.1733E-32  3.0000E-01
  2.4232E+03  3.1350E-32  3.0000E-01
  2.4407E+03  3.0972E-32  3.0000E-01
  2.4583E+03  3.0602E-32  3.0000E-01
  2.4760E+03  3.0235E-32  3.0000E-01
  2.4939E+03  2.9874E-32  3.0000E-01
  2.5119E+03  2.9519E-32  3.0000E-01
  2.5300E+03  2.9166E-32  3.0000E-01
  2.5483E+03  2.8821E-32  3.0000E-01
  2.5667E+03  2.8480E-32  3.0000E-01
  2.5852E+03  2.8142E-32  3.0000E-01
  2.6039E+03  2.7812E-32  3.0000E-01
  2.6227E+03  2.7484E-32  3.0000E-01
  2.6416E+03  2.7161E-32  3.0000E-01
  2.6607E+03  2.6844E-32  3.0000E-01
  2.6799E+03  2.6529E-32  3.0000E-01
  2.6993E+03  2.6221E-32  3.0000E-01
  2.7187E+03  2.5916E-32  3.0000E-01
  2.7384E+03  2.5615E-32  3.0000E-01
  2.7581E+03  2.5320E-32  3.0000E-01
  2.7780E+03  2.5025E-32  3.0000E-01
  2.7981E+03  2.4739E-32  3.0000E-01
  2.8183E+03  2.4454E-32  3.0000E-01
  2.8386E+03  2.4173E-32  3.0000E-01
  2.8591E+03  2.3898E-32  3.0000E-01
  2.8798E+03  2.3623E-32  3.0000E-01
  2.9005E+03  2.3356E-32  3.0000E-01
  2.9215E+03  2.3090E-32  3.0000E-01
  2.9426E+03  2.2829E-32  3.0000E-01
  2.9638E+03  2.2571E-32  3.0000E-01
  2.9852E+03  2.2316E-32  3.0000E-01
  3.0067E+03  2.2067E-32  3.0000E-01
  3.0284E+03  2.1817E-32  3.0000E-01
  3.0503E+03  2.1575E-32  3.0000E-01
  3.0723E+03  2.1332E-32  3.0000E-01
  3.0945E+03  2.1097E-32  3.0000E-01
  3.1168E+03  2.0862E-32  3.0000E-01
  3.1393E+03  2.0631E-32  3.0000E-01
  3.1619E+03  2.0403E-32  3.0000E-01
  3.1848E+03  2.0177E-32  3.0000E-01
  3.2077E+03  1.9958E-32  3.0000E-01
  3.2309E+03  1.9737E-32  3.0000E-01
  3.2542E+03  1.9523E-32  3.0000E-01
  3.2777E+03  1.9308E-32  3.0000E-01
  3.3013E+03  1.9101E-32  3.0000E-01
  3.3251E+03  1.8891E-32  3.0000E-01
  3.3491E+03  1.8689E-32  3.0000E-01
  3.3733E+03  1.8485E-32  3.0000E-01
  3.3976E+03  1.8289E-32  3.0000E-01
  3.4221E+03  1.8090E-32  3.0000E-01
  3.4468E+03  1.7899E-32  3.0000E-01
  3.4717E+03  1.7706E-32  3.0000E-01
  3.4967E+03  1.7520E-32  3.0000E-01
  3.5220E+03  1.7332E-32  3.0000E-01
  3.5474E+03  1.7151E-32  3.0000E-01
  3.5730E+03  1.6967E-32  3.0000E-01
  3.5987E+03  1.6792E-32  3.0000E-01
  3.6247E+03  1.6613E-32  3.0000E-01
  3.6509E+03  1.6442E-32  3.0000E-01
  3.6772E+03  1.6267E-32  3.0000E-01
  3.7037E+03  1.6101E-32  3.0000E-01
  3.7304E+03  1.5931E-32  3.0000E-01
  3.7573E+03  1.5769E-32  3.0000E-01
  3.7844E+03  1.5605E-32  3.0000E-01
  3.8117E+03  1.5445E-32  3.0000E-01
  3.8392E+03  1.5287E-32  3.0000E-01
  3.8669E+03  1.5129E-32  3.0000E-01
  3.8948E+03  1.4978E-32  3.0000E-01
  3.9229E+03  1.4822E-32  3.0000E-01
  3.9512E+03  1.4676E-32  3.0000E-01
  3.9797E+03  1.4524E-32  3.0000E-01
  4.0084E+03  1.4380E-32  3.0000E-01
  4.0373E+03  1.4235E-32  3.0000E-01
  4.0664E+03  1.4091E-32  3.0000E-01
  4.0958E+03  1.3954E-32  3.0000E-01
  4.1253E+03  1.3810E-32  3.0000E-01
  4.1551E+03  1.3677E-32  3.0000E-01
  4.1850E+03  1.3541E-32  3.0000E-01
  4.2152E+03  1.3405E-32  3.0000E-01
  4.2456E+03  1.3279E-32  3.0000E-01
  4.2762E+03  1.3143E-32  3.0000E-01
  4.3071E+03  1.3016E-32  3.0000E-01
  4.3381E+03  1.2893E-32  3.0000E-01
  4.3694E+03  1.2761E-32  3.0000E-01
  4.4009E+03  1.2643E-32  3.0000E-01
  4.4327E+03  1.2522E-32  3.0000E-01
  4.4646E+03  1.2395E-32  3.0000E-01
  4.4968E+03  1.2282E-32  3.0000E-01
  4.5292E+03  1.2165E-32  3.0000E-01
  4.5619E+03  1.2042E-32  3.0000E-01
  4.5948E+03  1.1934E-32  3.0000E-01
  4.6279E+03  1.1823E-32  3.0000E-01
  4.6613E+03  1.1703E-32  3.0000E-01
  4.6949E+03  1.1596E-32  3.0000E-01
  4.7288E+03  1.1495E-32  3.0000E-01
  4.7629E+03  1.1379E-32  3.0000E-01
  4.7972E+03  1.1268E-32  3.0000E-01
  4.8318E+03  1.1174E-32  3.0000E-01
  4.8666E+03  1.1074E-32  3.0000E-01
  4.9017E+03  1.0958E-32  3.0000E-01
  4.9371E+03  1.0853E-32  3.0000E-01
  4.9727E+03  1.0767E-32  3.0000E-01
  5.0085E+03  1.0676E-32  3.0000E-01
  5.0446E+03  1.0565E-32  3.0000E-01
  5.0810E+03  1.0450E-32  3.0000E-01
  5.1176E+03  1.0354E-32  3.0000E-01
  5.1545E+03  1.0277E-32  3.0000E-01
  5.1917E+03  1.0198E-32  3.0000E-01
  5.2291E+03  1.0102E-32  3.0000E-01
  5.2668E+03  9.9888E-33  3.0000E-01
  5.3048E+03  9.8724E-33  3.0000E-01
  5.3430E+03  9.7639E-33  3.0000E-01
  5.3816E+03  9.6679E-33  3.0000E-01
  5.4204E+03  9.5829E-33  3.0000E-01
  5.4594E+03  9.5051E-33  3.0000E-01
  5.4988E+03  9.4307E-33  3.0000E-01
  5.5384E+03  9.3576E-33  3.0000E-01
  5.5784E+03  9.2847E-33  3.0000E-01
  5.6186E+03  9.2115E-33  3.0000E-01
  5.6591E+03  9.1380E-33  3.0000E-01
  5.6999E+03  9.0645E-33  3.0000E-01
  5.7410E+03  8.9911E-33  3.0000E-01
  5.7824E+03  8.9179E-33  3.0000E-01
  5.8240E+03  8.8450E-33  3.0000E-01
  5.8660E+03  8.7726E-33  3.0000E-01
  5.9083E+03  8.7008E-33  3.0000E-01
  5.9509E+03  8.6294E-33  3.0000E-01
  5.9938E+03  8.5588E-33  3.0000E-01
  6.0370E+03  8.4887E-33  3.0000E-01
  6.0805E+03  8.4193E-33  3.0000E-01
  6.1243E+03  8.3506E-33  3.0000E-01
  6.1685E+03  8.2826E-33  3.0000E-01
  6.2130E+03  8.2153E-33  3.0000E-01
  6.2577E+03  8.1487E-33  3.0000E-01
  6.3028E+03  8.0828E-33  3.0000E-01
  6.3483E+03  8.0176E-33  3.0000E-01
  6.3940E+03  7.9531E-33  3.0000E-01
  6.4401E+03  7.8893E-33  3.0000E-01
  6.4865E+03  7.8263E-33  3.0000E-01
  6.5333E+03  7.7639E-33  3.0000E-01
  6.5804E+03  7.7022E-33  3.0000E-01
  6.6278E+03  7.6413E-33  3.0000E-01
  6.6756E+03  7.5810E-33  3.0000E-01
  6.7237E+03  7.5214E-33  3.0000E-01
  6.7722E+03  7.4624E-33  3.0000E-01
  6.8210E+03  7.4041E-33  3.0000E-01
  6.8701E+03  7.3465E-33  3.0000E-01
  6.9196E+03  7.2896E-33  3.0000E-01
  6.9695E+03  7.2332E-33  3.0000E-01
  7.0197E+03  7.1775E-33  3.0000E-01
  7.0703E+03  7.1225E-33  3.0000E-01
  7.1213E+03  7.0680E-33  3.0000E-01
  7.1726E+03  7.0142E-33  3.0000E-01
  7.2243E+03  6.9610E-33  3.0000E-01
  7.2764E+03  6.9084E-33  3.0000E-01
  7.3288E+03  6.8563E-33  3.0000E-01
  7.3816E+03  6.8049E-33  3.0000E-01
  7.4348E+03  6.7540E-33  3.0000E-01
  7.4884E+03  6.7037E-33  3.0000E-01
  7.5424E+03  6.6540E-33  3.0000E-01
  7.5967E+03  6.6048E-33  3.0000E-01
  7.6515E+03  6.5562E-33  3.0000E-01
  7.7066E+03  6.5081E-33  3.0000E-01
  7.7622E+03  6.4605E-33  3.0000E-01
  7.8181E+03  6.4135E-33  3.0000E-01
  7.8744E+03  6.3670E-33  3.0000E-01
  7.9312E+03  6.3210E-33  3.0000E-01
  7.9883E+03  6.2755E-33  3.0000E-01
  8.0459E+03  6.2306E-33  3.0000E-01
  8.1039E+03  6.1861E-33  3.0000E-01
  8.1623E+03  6.1421E-33  3.0000E-01
  8.2211E+03  6.0986E-33  3.0000E-01
  8.2803E+03  6.0556E-33  3.0000E-01
  8.3400E+03  6.0130E-33  3.0000E-01
  8.4001E+03  5.9709E-33  3.0000E-01
  8.4606E+03  5.9293E-33  3.0000E-01
  8.5216E+03  5.8881E-33  3.0000E-01
  8.5830E+03  5.8474E-33  3.0000E-01
  8.6449E+03  5.8071E-33  3.0000E-01
  8.7071E+03  5.7673E-33  3.0000E-01
  8.7699E+03  5.7279E-33  3.0000E-01
  8.8331E+03  5.6889E-33  3.0000E-01
  8.8967E+03  5.6504E-33  3.0000E-01
  8.9608E+03  5.6129E-33  3.0000E-01
  9.0249E+03  5.6129E-33  3.0000E-01
