  2.5000E-02  1.9918E-19  3.2476E-01
  7.5180E-02  8.0887E-24  3.2393E-01
  1.2572E-01  7.3096E-25  3.2392E-01
  1.7663E-01  2.0385E-25  3.2390E-01
  2.2790E-01  8.0286E-26  3.2387E-01
  2.7954E-01  3.9278E-26  3.2384E-01
  3.3155E-01  2.2759E-26  3.2380E-01
  3.8394E-01  1.5584E-26  3.2376E-01
  4.3670E-01  1.2096E-26  3.2371E-01
  4.8985E-01  9.8356E-27  3.2366E-01
  5.4337E-01  8.5109E-27  3.2361E-01
  5.9729E-01  7.7315E-27  3.2355E-01
  6.5159E-01  6.9612E-27  3.2349E-01
  7.0628E-01  6.2872E-27  3.2343E-01
  7.6136E-01  5.7047E-27  3.2336E-01
  8.1685E-01  5.2006E-27  3.2328E-01
  8.7273E-01  4.7623E-27  3.2321E-01
  9.2901E-01  4.3791E-27  3.2313E-01
  9.8570E-01  4.0420E-27  3.2305E-01
  1.0428E+00  3.7438E-27  3.2296E-01
  1.1003E+00  3.4786E-27  3.2287E-01
  1.1582E+00  3.2417E-27  3.2278E-01
  1.2166E+00  3.0291E-27  3.2269E-01
  1.2753E+00  2.8374E-27  3.2260E-01
  1.3345E+00  2.6639E-27  3.2250E-01
  1.3941E+00  2.5063E-27  3.2240E-01
  1.4542E+00  2.3627E-27  3.2230E-01
  1.5146E+00  2.2315E-27  3.2220E-01
  1.5755E+00  2.1111E-27  3.2210E-01
  1.6369E+00  2.0005E-27  3.2199E-01
  1.6987E+00  1.8985E-27  3.2189E-01
  1.7609E+00  1.8042E-27  3.2178E-01
  1.8236E+00  1.7170E-27  3.2167E-01
  1.8867E+00  1.6360E-27  3.2156E-01
  1.9503E+00  1.5607E-27  3.2145E-01
  2.0143E+00  1.4905E-27  3.2133E-01
  2.0788E+00  1.4251E-27  3.2122E-01
  2.1438E+00  1.3639E-27  3.2111E-01
  2.2092E+00  1.3066E-27  3.2099E-01
  2.2751E+00  1.2528E-27  3.2088E-01
  2.3415E+00  1.2023E-27  3.2076E-01
  2.4084E+00  1.1549E-27  3.2064E-01
  2.4757E+00  1.1102E-27  3.2053E-01
  2.5435E+00  1.0680E-27  3.2041E-01
  2.6119E+00  1.0282E-27  3.2029E-01
  2.6807E+00  9.9059E-28  3.2017E-01
  2.7500E+00  9.5500E-28  3.2005E-01
  2.8198E+00  9.2129E-28  3.1993E-01
  2.8901E+00  8.8932E-28  3.1981E-01
  2.9609E+00  8.5899E-28  3.1969E-01
  3.0322E+00  8.3017E-28  3.1957E-01
  3.1040E+00  8.0277E-28  3.1945E-01
  3.1764E+00  7.7669E-28  3.1933E-01
  3.2492E+00  7.5185E-28  3.1921E-01
  3.3226E+00  7.2818E-28  3.1909E-01
  3.3966E+00  7.0559E-28  3.1897E-01
  3.4710E+00  6.8402E-28  3.1885E-01
  3.5460E+00  6.6342E-28  3.1873E-01
  3.6215E+00  6.4372E-28  3.1861E-01
  3.6976E+00  6.2487E-28  3.1849E-01
  3.7742E+00  6.0683E-28  3.1837E-01
  3.8514E+00  5.8955E-28  3.1825E-01
  3.9291E+00  5.7298E-28  3.1813E-01
  4.0074E+00  5.5708E-28  3.1801E-01
  4.0863E+00  5.4183E-28  3.1789E-01
  4.1657E+00  5.2718E-28  3.1777E-01
  4.2457E+00  5.1311E-28  3.1766E-01
  4.3263E+00  4.9958E-28  3.1754E-01
  4.4074E+00  4.8656E-28  3.1742E-01
  4.4891E+00  4.7404E-28  3.1730E-01
  4.5715E+00  4.6198E-28  3.1718E-01
  4.6544E+00  4.5037E-28  3.1707E-01
  4.7379E+00  4.3918E-28  3.1695E-01
  4.8220E+00  4.2838E-28  3.1683E-01
  4.9067E+00  4.1797E-28  3.1672E-01
  4.9921E+00  4.0793E-28  3.1660E-01
  5.0780E+00  3.9823E-28  3.1649E-01
  5.1646E+00  3.8886E-28  3.1637E-01
  5.2517E+00  3.7981E-28  3.1626E-01
  5.3396E+00  3.7106E-28  3.1615E-01
  5.4280E+00  3.6260E-28  3.1603E-01
  5.5171E+00  3.5442E-28  3.1592E-01
  5.6068E+00  3.4650E-28  3.1581E-01
  5.6972E+00  3.3884E-28  3.1570E-01
  5.7882E+00  3.3141E-28  3.1558E-01
  5.8799E+00  3.2422E-28  3.1547E-01
  5.9722E+00  3.1725E-28  3.1536E-01
  6.0652E+00  3.1049E-28  3.1525E-01
  6.1589E+00  3.0394E-28  3.1514E-01
  6.2532E+00  2.9759E-28  3.1503E-01
  6.3482E+00  2.9142E-28  3.1493E-01
  6.4439E+00  2.8544E-28  3.1482E-01
  6.5403E+00  2.7963E-28  3.1471E-01
  6.6374E+00  2.7398E-28  3.1460E-01
  6.7352E+00  2.6850E-28  3.1450E-01
  6.8337E+00  2.6317E-28  3.1439E-01
  6.9329E+00  2.5799E-28  3.1429E-01
  7.0328E+00  2.5296E-28  3.1418E-01
  7.1335E+00  2.4806E-28  3.1408E-01
  7.2348E+00  2.4330E-28  3.1398E-01
  7.3369E+00  2.3866E-28  3.1387E-01
  7.4398E+00  2.3415E-28  3.1377E-01
  7.5433E+00  2.2976E-28  3.1367E-01
  7.6476E+00  2.2549E-28  3.1357E-01
  7.7527E+00  2.2132E-28  3.1347E-01
  7.8585E+00  2.1726E-28  3.1337E-01
  7.9651E+00  2.1331E-28  3.1327E-01
  8.0724E+00  2.0946E-28  3.1317E-01
  8.1806E+00  2.0570E-28  3.1307E-01
  8.2895E+00  2.0203E-28  3.1297E-01
  8.3991E+00  1.9846E-28  3.1288E-01
  8.5096E+00  1.9498E-28  3.1278E-01
  8.6209E+00  1.9158E-28  3.1268E-01
  8.7330E+00  1.8826E-28  3.1259E-01
  8.8458E+00  1.8502E-28  3.1249E-01
  8.9595E+00  1.8185E-28  3.1240E-01
  9.0740E+00  1.7876E-28  3.1230E-01
  9.1894E+00  1.7575E-28  3.1221E-01
  9.3055E+00  1.7280E-28  3.1212E-01
  9.4225E+00  1.6992E-28  3.1203E-01
  9.5404E+00  1.6711E-28  3.1193E-01
  9.6591E+00  1.6436E-28  3.1184E-01
  9.7786E+00  1.6167E-28  3.1175E-01
  9.8990E+00  1.5904E-28  3.1166E-01
  1.0020E+01  1.5647E-28  3.1157E-01
  1.0142E+01  1.5395E-28  3.1148E-01
  1.0265E+01  1.5149E-28  3.1140E-01
  1.0389E+01  1.4909E-28  3.1131E-01
  1.0514E+01  1.4673E-28  3.1122E-01
  1.0640E+01  1.4443E-28  3.1114E-01
  1.0766E+01  1.4217E-28  3.1105E-01
  1.0894E+01  1.3996E-28  3.1096E-01
  1.1022E+01  1.3780E-28  3.1088E-01
  1.1152E+01  1.3568E-28  3.1079E-01
  1.1282E+01  1.3361E-28  3.1071E-01
  1.1413E+01  1.3157E-28  3.1063E-01
  1.1546E+01  1.2958E-28  3.1054E-01
  1.1679E+01  1.2763E-28  3.1046E-01
  1.1813E+01  1.2572E-28  3.1038E-01
  1.1948E+01  1.2384E-28  3.1030E-01
  1.2084E+01  1.2201E-28  3.1022E-01
  1.2221E+01  1.2020E-28  3.1014E-01
  1.2359E+01  1.1844E-28  3.1006E-01
  1.2498E+01  1.1670E-28  3.0998E-01
  1.2638E+01  1.1501E-28  3.0990E-01
  1.2779E+01  1.1334E-28  3.0982E-01
  1.2921E+01  1.1170E-28  3.0975E-01
  1.3064E+01  1.1010E-28  3.0967E-01
  1.3208E+01  1.0852E-28  3.0959E-01
  1.3353E+01  1.0698E-28  3.0952E-01
  1.3499E+01  1.0546E-28  3.0944E-01
  1.3646E+01  1.0397E-28  3.0937E-01
  1.3795E+01  1.0251E-28  3.0929E-01
  1.3944E+01  1.0108E-28  3.0922E-01
  1.4094E+01  9.9668E-29  3.0914E-01
  1.4246E+01  9.8284E-29  3.0907E-01
  1.4398E+01  9.6925E-29  3.0900E-01
  1.4552E+01  9.5589E-29  3.0893E-01
  1.4707E+01  9.4277E-29  3.0886E-01
  1.4863E+01  9.2989E-29  3.0878E-01
  1.5020E+01  9.1722E-29  3.0871E-01
  1.5178E+01  9.0478E-29  3.0864E-01
  1.5337E+01  8.9255E-29  3.0857E-01
  1.5497E+01  8.8053E-29  3.0850E-01
  1.5659E+01  8.6871E-29  3.0844E-01
  1.5822E+01  8.5709E-29  3.0837E-01
  1.5986E+01  8.4567E-29  3.0830E-01
  1.6151E+01  8.3444E-29  3.0823E-01
  1.6317E+01  8.2340E-29  3.0817E-01
  1.6485E+01  8.1254E-29  3.0810E-01
  1.6653E+01  8.0186E-29  3.0803E-01
  1.6823E+01  7.9135E-29  3.0797E-01
  1.6994E+01  7.8102E-29  3.0790E-01
  1.7167E+01  7.7085E-29  3.0784E-01
  1.7340E+01  7.6085E-29  3.0777E-01
  1.7515E+01  7.5101E-29  3.0771E-01
  1.7691E+01  7.4132E-29  3.0765E-01
  1.7869E+01  7.3179E-29  3.0758E-01
  1.8047E+01  7.2241E-29  3.0752E-01
  1.8227E+01  7.1318E-29  3.0746E-01
  1.8408E+01  7.0409E-29  3.0740E-01
  1.8591E+01  6.9514E-29  3.0734E-01
  1.8775E+01  6.8634E-29  3.0728E-01
  1.8960E+01  6.7766E-29  3.0722E-01
  1.9147E+01  6.6913E-29  3.0716E-01
  1.9334E+01  6.6072E-29  3.0710E-01
  1.9524E+01  6.5244E-29  3.0704E-01
  1.9714E+01  6.4429E-29  3.0698E-01
  1.9906E+01  6.3626E-29  3.0692E-01
  2.0099E+01  6.2835E-29  3.0686E-01
  2.0294E+01  6.2055E-29  3.0681E-01
  2.0490E+01  6.1288E-29  3.0675E-01
  2.0688E+01  6.0532E-29  3.0669E-01
  2.0887E+01  5.9787E-29  3.0664E-01
  2.1087E+01  5.9053E-29  3.0658E-01
  2.1289E+01  5.8329E-29  3.0653E-01
  2.1492E+01  5.7617E-29  3.0647E-01
  2.1697E+01  5.6914E-29  3.0642E-01
  2.1903E+01  5.6222E-29  3.0636E-01
  2.2111E+01  5.5540E-29  3.0631E-01
  2.2320E+01  5.4867E-29  3.0625E-01
  2.2531E+01  5.4205E-29  3.0620E-01
  2.2743E+01  5.3551E-29  3.0615E-01
  2.2957E+01  5.2907E-29  3.0610E-01
  2.3172E+01  5.2272E-29  3.0604E-01
  2.3389E+01  5.1646E-29  3.0599E-01
  2.3607E+01  5.1028E-29  3.0594E-01
  2.3827E+01  5.0420E-29  3.0589E-01
  2.4049E+01  4.9819E-29  3.0584E-01
  2.4272E+01  4.9228E-29  3.0579E-01
  2.4497E+01  4.8644E-29  3.0574E-01
  2.4723E+01  4.8068E-29  3.0569E-01
  2.4951E+01  4.7500E-29  3.0564E-01
  2.5181E+01  4.6940E-29  3.0559E-01
  2.5412E+01  4.6388E-29  3.0554E-01
  2.5645E+01  4.5843E-29  3.0549E-01
  2.5880E+01  4.5305E-29  3.0545E-01
  2.6116E+01  4.4775E-29  3.0540E-01
  2.6354E+01  4.4252E-29  3.0535E-01
  2.6594E+01  4.3736E-29  3.0531E-01
  2.6835E+01  4.3226E-29  3.0526E-01
  2.7078E+01  4.2724E-29  3.0521E-01
  2.7323E+01  4.2228E-29  3.0517E-01
  2.7570E+01  4.1739E-29  3.0512E-01
  2.7819E+01  4.1256E-29  3.0508E-01
  2.8069E+01  4.0779E-29  3.0503E-01
  2.8321E+01  4.0309E-29  3.0499E-01
  2.8575E+01  3.9845E-29  3.0494E-01
  2.8831E+01  3.9387E-29  3.0490E-01
  2.9088E+01  3.8935E-29  3.0485E-01
  2.9348E+01  3.8488E-29  3.0481E-01
  2.9609E+01  3.8048E-29  3.0477E-01
  2.9872E+01  3.7613E-29  3.0473E-01
  3.0137E+01  3.7184E-29  3.0468E-01
  3.0404E+01  3.6760E-29  3.0464E-01
  3.0673E+01  3.6341E-29  3.0460E-01
  3.0944E+01  3.5928E-29  3.0456E-01
  3.1217E+01  3.5520E-29  3.0452E-01
  3.1492E+01  3.5116E-29  3.0448E-01
  3.1768E+01  3.4718E-29  3.0444E-01
  3.2047E+01  3.4325E-29  3.0440E-01
  3.2328E+01  3.3936E-29  3.0436E-01
  3.2611E+01  3.3553E-29  3.0432E-01
  3.2895E+01  3.3174E-29  3.0428E-01
  3.3182E+01  3.2799E-29  3.0424E-01
  3.3471E+01  3.2430E-29  3.0420E-01
  3.3762E+01  3.2064E-29  3.0416E-01
  3.4055E+01  3.1704E-29  3.0412E-01
  3.4350E+01  3.1347E-29  3.0408E-01
  3.4648E+01  3.0995E-29  3.0405E-01
  3.4947E+01  3.0647E-29  3.0401E-01
  3.5249E+01  3.0304E-29  3.0397E-01
  3.5553E+01  2.9964E-29  3.0393E-01
  3.5859E+01  2.9629E-29  3.0390E-01
  3.6167E+01  2.9298E-29  3.0386E-01
  3.6477E+01  2.8970E-29  3.0382E-01
  3.6790E+01  2.8647E-29  3.0379E-01
  3.7105E+01  2.8327E-29  3.0375E-01
  3.7422E+01  2.8012E-29  3.0372E-01
  3.7741E+01  2.7700E-29  3.0368E-01
  3.8063E+01  2.7391E-29  3.0365E-01
  3.8387E+01  2.7087E-29  3.0361E-01
  3.8713E+01  2.6786E-29  3.0358E-01
  3.9042E+01  2.6489E-29  3.0354E-01
  3.9373E+01  2.6195E-29  3.0351E-01
  3.9707E+01  2.5905E-29  3.0348E-01
  4.0043E+01  2.5618E-29  3.0344E-01
  4.0381E+01  2.5334E-29  3.0341E-01
  4.0722E+01  2.5054E-29  3.0338E-01
  4.1065E+01  2.4777E-29  3.0335E-01
  4.1411E+01  2.4504E-29  3.0331E-01
  4.1759E+01  2.4233E-29  3.0328E-01
  4.2109E+01  2.3966E-29  3.0325E-01
  4.2463E+01  2.3702E-29  3.0322E-01
  4.2818E+01  2.3441E-29  3.0319E-01
  4.3177E+01  2.3183E-29  3.0316E-01
  4.3538E+01  2.2928E-29  3.0312E-01
  4.3901E+01  2.2677E-29  3.0309E-01
  4.4267E+01  2.2428E-29  3.0306E-01
  4.4636E+01  2.2181E-29  3.0303E-01
  4.5007E+01  2.1938E-29  3.0300E-01
  4.5381E+01  2.1698E-29  3.0297E-01
  4.5758E+01  2.1460E-29  3.0294E-01
  4.6137E+01  2.1225E-29  3.0291E-01
  4.6520E+01  2.0993E-29  3.0289E-01
  4.6905E+01  2.0764E-29  3.0286E-01
  4.7292E+01  2.0537E-29  3.0283E-01
  4.7683E+01  2.0312E-29  3.0280E-01
  4.8076E+01  2.0091E-29  3.0277E-01
  4.8472E+01  1.9872E-29  3.0274E-01
  4.8871E+01  1.9655E-29  3.0272E-01
  4.9273E+01  1.9441E-29  3.0269E-01
  4.9678E+01  1.9229E-29  3.0266E-01
  5.0086E+01  1.9020E-29  3.0263E-01
  5.0496E+01  1.8813E-29  3.0261E-01
  5.0910E+01  1.8609E-29  3.0258E-01
  5.1326E+01  1.8407E-29  3.0255E-01
  5.1746E+01  1.8207E-29  3.0253E-01
  5.2168E+01  1.8009E-29  3.0250E-01
  5.2594E+01  1.7814E-29  3.0248E-01
  5.3023E+01  1.7621E-29  3.0245E-01
  5.3454E+01  1.7430E-29  3.0243E-01
  5.3889E+01  1.7241E-29  3.0240E-01
  5.4327E+01  1.7054E-29  3.0237E-01
  5.4769E+01  1.6870E-29  3.0235E-01
  5.5213E+01  1.6687E-29  3.0233E-01
  5.5660E+01  1.6507E-29  3.0230E-01
  5.6111E+01  1.6328E-29  3.0228E-01
  5.6565E+01  1.6152E-29  3.0225E-01
  5.7022E+01  1.5978E-29  3.0223E-01
  5.7483E+01  1.5805E-29  3.0221E-01
  5.7947E+01  1.5635E-29  3.0218E-01
  5.8414E+01  1.5466E-29  3.0216E-01
  5.8885E+01  1.5300E-29  3.0214E-01
  5.9359E+01  1.5135E-29  3.0211E-01
  5.9836E+01  1.4972E-29  3.0209E-01
  6.0317E+01  1.4811E-29  3.0207E-01
  6.0801E+01  1.4651E-29  3.0204E-01
  6.1289E+01  1.4494E-29  3.0202E-01
  6.1780E+01  1.4338E-29  3.0200E-01
  6.2275E+01  1.4184E-29  3.0198E-01
  6.2773E+01  1.4031E-29  3.0196E-01
  6.3275E+01  1.3881E-29  3.0194E-01
  6.3781E+01  1.3732E-29  3.0191E-01
  6.4290E+01  1.3584E-29  3.0189E-01
  6.4803E+01  1.3438E-29  3.0187E-01
  6.5320E+01  1.3294E-29  3.0185E-01
  6.5840E+01  1.3152E-29  3.0183E-01
  6.6364E+01  1.3011E-29  3.0181E-01
  6.6892E+01  1.2871E-29  3.0179E-01
  6.7423E+01  1.2733E-29  3.0177E-01
  6.7959E+01  1.2597E-29  3.0175E-01
  6.8498E+01  1.2462E-29  3.0173E-01
  6.9041E+01  1.2329E-29  3.0171E-01
  6.9588E+01  1.2197E-29  3.0169E-01
  7.0139E+01  1.2067E-29  3.0167E-01
  7.0694E+01  1.1938E-29  3.0166E-01
  7.1253E+01  1.1810E-29  3.0164E-01
  7.1816E+01  1.1684E-29  3.0162E-01
  7.2384E+01  1.1559E-29  3.0160E-01
  7.2955E+01  1.1435E-29  3.0158E-01
  7.3530E+01  1.1313E-29  3.0156E-01
  7.4109E+01  1.1192E-29  3.0154E-01
  7.4693E+01  1.1073E-29  3.0153E-01
  7.5281E+01  1.0955E-29  3.0151E-01
  7.5873E+01  1.0838E-29  3.0149E-01
  7.6469E+01  1.0722E-29  3.0147E-01
  7.7070E+01  1.0608E-29  3.0146E-01
  7.7675E+01  1.0495E-29  3.0144E-01
  7.8284E+01  1.0383E-29  3.0142E-01
  7.8897E+01  1.0272E-29  3.0141E-01
  7.9516E+01  1.0163E-29  3.0139E-01
  8.0138E+01  1.0055E-29  3.0137E-01
  8.0765E+01  9.9475E-30  3.0136E-01
  8.1397E+01  9.8416E-30  3.0134E-01
  8.2033E+01  9.7368E-30  3.0133E-01
  8.2673E+01  9.6331E-30  3.0131E-01
  8.3318E+01  9.5306E-30  3.0129E-01
  8.3968E+01  9.4291E-30  3.0128E-01
  8.4623E+01  9.3288E-30  3.0126E-01
  8.5282E+01  9.2295E-30  3.0125E-01
  8.5946E+01  9.1313E-30  3.0123E-01
  8.6615E+01  9.0342E-30  3.0122E-01
  8.7289E+01  8.9380E-30  3.0120E-01
  8.7967E+01  8.8430E-30  3.0119E-01
  8.8651E+01  8.7489E-30  3.0117E-01
  8.9339E+01  8.6559E-30  3.0116E-01
  9.0032E+01  8.5638E-30  3.0115E-01
  9.0730E+01  8.4728E-30  3.0113E-01
  9.1434E+01  8.3827E-30  3.0112E-01
  9.2142E+01  8.2935E-30  3.0110E-01
  9.2855E+01  8.2054E-30  3.0109E-01
  9.3574E+01  8.1181E-30  3.0108E-01
  9.4298E+01  8.0318E-30  3.0106E-01
  9.5027E+01  7.9464E-30  3.0105E-01
  9.5761E+01  7.8619E-30  3.0104E-01
  9.6500E+01  7.7784E-30  3.0102E-01
  9.7245E+01  7.6957E-30  3.0101E-01
  9.7995E+01  7.6139E-30  3.0100E-01
  9.8751E+01  7.5329E-30  3.0099E-01
  9.9512E+01  7.4528E-30  3.0097E-01
  1.0028E+02  7.3736E-30  3.0096E-01
  1.0105E+02  7.2952E-30  3.0095E-01
  1.0183E+02  7.2176E-30  3.0094E-01
  1.0261E+02  7.1408E-30  3.0093E-01
  1.0340E+02  7.0649E-30  3.0091E-01
  1.0419E+02  6.9898E-30  3.0090E-01
  1.0499E+02  6.9154E-30  3.0089E-01
  1.0580E+02  6.8418E-30  3.0088E-01
  1.0661E+02  6.7691E-30  3.0087E-01
  1.0743E+02  6.6970E-30  3.0086E-01
  1.0825E+02  6.6258E-30  3.0084E-01
  1.0908E+02  6.5552E-30  3.0083E-01
  1.0992E+02  6.4855E-30  3.0082E-01
  1.1076E+02  6.4164E-30  3.0081E-01
  1.1161E+02  6.3481E-30  3.0080E-01
  1.1246E+02  6.2805E-30  3.0079E-01
  1.1332E+02  6.2136E-30  3.0078E-01
  1.1419E+02  6.1474E-30  3.0077E-01
  1.1506E+02  6.0819E-30  3.0076E-01
  1.1594E+02  6.0170E-30  3.0075E-01
  1.1682E+02  5.9529E-30  3.0074E-01
  1.1771E+02  5.8894E-30  3.0073E-01
  1.1861E+02  5.8266E-30  3.0072E-01
  1.1951E+02  5.7644E-30  3.0071E-01
  1.2042E+02  5.7029E-30  3.0070E-01
  1.2134E+02  5.6420E-30  3.0069E-01
  1.2227E+02  5.5818E-30  3.0068E-01
  1.2320E+02  5.5221E-30  3.0067E-01
  1.2413E+02  5.4631E-30  3.0067E-01
  1.2508E+02  5.4047E-30  3.0066E-01
  1.2603E+02  5.3469E-30  3.0065E-01
  1.2698E+02  5.2898E-30  3.0064E-01
  1.2795E+02  5.2332E-30  3.0063E-01
  1.2892E+02  5.1772E-30  3.0062E-01
  1.2990E+02  5.1217E-30  3.0061E-01
  1.3088E+02  5.0669E-30  3.0060E-01
  1.3188E+02  5.0126E-30  3.0060E-01
  1.3288E+02  4.9588E-30  3.0059E-01
  1.3388E+02  4.9057E-30  3.0058E-01
  1.3490E+02  4.8530E-30  3.0057E-01
  1.3592E+02  4.8009E-30  3.0056E-01
  1.3695E+02  4.7494E-30  3.0056E-01
  1.3798E+02  4.6984E-30  3.0055E-01
  1.3903E+02  4.6479E-30  3.0054E-01
  1.4008E+02  4.5979E-30  3.0053E-01
  1.4113E+02  4.5484E-30  3.0053E-01
  1.4220E+02  4.4995E-30  3.0052E-01
  1.4327E+02  4.4510E-30  3.0051E-01
  1.4436E+02  4.4031E-30  3.0050E-01
  1.4545E+02  4.3556E-30  3.0050E-01
  1.4654E+02  4.3086E-30  3.0049E-01
  1.4765E+02  4.2621E-30  3.0048E-01
  1.4876E+02  4.2161E-30  3.0048E-01
  1.4988E+02  4.1705E-30  3.0047E-01
  1.5101E+02  4.1254E-30  3.0046E-01
  1.5215E+02  4.0808E-30  3.0046E-01
  1.5329E+02  4.0366E-30  3.0045E-01
  1.5445E+02  3.9929E-30  3.0044E-01
  1.5561E+02  3.9496E-30  3.0044E-01
  1.5678E+02  3.9067E-30  3.0043E-01
  1.5796E+02  3.8643E-30  3.0043E-01
  1.5915E+02  3.8224E-30  3.0042E-01
  1.6034E+02  3.7808E-30  3.0041E-01
  1.6155E+02  3.7397E-30  3.0041E-01
  1.6276E+02  3.6990E-30  3.0040E-01
  1.6398E+02  3.6587E-30  3.0040E-01
  1.6521E+02  3.6188E-30  3.0039E-01
  1.6645E+02  3.5793E-30  3.0038E-01
  1.6770E+02  3.5402E-30  3.0038E-01
  1.6896E+02  3.5015E-30  3.0037E-01
  1.7022E+02  3.4632E-30  3.0037E-01
  1.7150E+02  3.4253E-30  3.0036E-01
  1.7278E+02  3.3878E-30  3.0036E-01
  1.7408E+02  3.3506E-30  3.0035E-01
  1.7538E+02  3.3139E-30  3.0035E-01
  1.7669E+02  3.2775E-30  3.0034E-01
  1.7802E+02  3.2414E-30  3.0034E-01
  1.7935E+02  3.2058E-30  3.0033E-01
  1.8069E+02  3.1705E-30  3.0033E-01
  1.8204E+02  3.1355E-30  3.0032E-01
  1.8340E+02  3.1009E-30  3.0032E-01
  1.8477E+02  3.0667E-30  3.0031E-01
  1.8615E+02  3.0328E-30  3.0031E-01
  1.8754E+02  2.9992E-30  3.0030E-01
  1.8894E+02  2.9660E-30  3.0030E-01
  1.9035E+02  2.9332E-30  3.0030E-01
  1.9177E+02  2.9006E-30  3.0029E-01
  1.9320E+02  2.8684E-30  3.0029E-01
  1.9465E+02  2.8365E-30  3.0028E-01
  1.9610E+02  2.8050E-30  3.0028E-01
  1.9756E+02  2.7737E-30  3.0028E-01
  1.9903E+02  2.7428E-30  3.0027E-01
  2.0051E+02  2.7122E-30  3.0027E-01
  2.0201E+02  2.6819E-30  3.0026E-01
  2.0351E+02  2.6519E-30  3.0026E-01
  2.0503E+02  2.6222E-30  3.0026E-01
  2.0655E+02  2.5928E-30  3.0025E-01
  2.0809E+02  2.5637E-30  3.0025E-01
  2.0964E+02  2.5349E-30  3.0024E-01
  2.1120E+02  2.5063E-30  3.0024E-01
  2.1277E+02  2.4781E-30  3.0024E-01
  2.1435E+02  2.4502E-30  3.0023E-01
  2.1595E+02  2.4225E-30  3.0023E-01
  2.1755E+02  2.3951E-30  3.0023E-01
  2.1917E+02  2.3680E-30  3.0022E-01
  2.2079E+02  2.3412E-30  3.0022E-01
  2.2243E+02  2.3146E-30  3.0022E-01
  2.2409E+02  2.2884E-30  3.0021E-01
  2.2575E+02  2.2623E-30  3.0021E-01
  2.2742E+02  2.2366E-30  3.0021E-01
  2.2911E+02  2.2111E-30  3.0020E-01
  2.3081E+02  2.1859E-30  3.0020E-01
  2.3252E+02  2.1609E-30  3.0020E-01
  2.3425E+02  2.1362E-30  3.0020E-01
  2.3598E+02  2.1117E-30  3.0019E-01
  2.3773E+02  2.0875E-30  3.0019E-01
  2.3949E+02  2.0636E-30  3.0019E-01
  2.4127E+02  2.0398E-30  3.0018E-01
  2.4306E+02  2.0164E-30  3.0018E-01
  2.4486E+02  1.9931E-30  3.0018E-01
  2.4667E+02  1.9701E-30  3.0018E-01
  2.4850E+02  1.9474E-30  3.0017E-01
  2.5033E+02  1.9249E-30  3.0017E-01
  2.5219E+02  1.9026E-30  3.0017E-01
  2.5405E+02  1.8805E-30  3.0017E-01
  2.5593E+02  1.8586E-30  3.0016E-01
  2.5782E+02  1.8370E-30  3.0016E-01
  2.5973E+02  1.8156E-30  3.0016E-01
  2.6165E+02  1.7945E-30  3.0016E-01
  2.6358E+02  1.7735E-30  3.0015E-01
  2.6553E+02  1.7527E-30  3.0015E-01
  2.6749E+02  1.7322E-30  3.0015E-01
  2.6947E+02  1.7119E-30  3.0015E-01
  2.7146E+02  1.6918E-30  3.0014E-01
  2.7347E+02  1.6719E-30  3.0014E-01
  2.7548E+02  1.6522E-30  3.0014E-01
  2.7752E+02  1.6327E-30  3.0014E-01
  2.7957E+02  1.6135E-30  3.0014E-01
  2.8163E+02  1.5944E-30  3.0013E-01
  2.8371E+02  1.5755E-30  3.0013E-01
  2.8580E+02  1.5568E-30  3.0013E-01
  2.8791E+02  1.5384E-30  3.0013E-01
  2.9003E+02  1.5201E-30  3.0013E-01
  2.9217E+02  1.5020E-30  3.0012E-01
  2.9432E+02  1.4841E-30  3.0012E-01
  2.9649E+02  1.4664E-30  3.0012E-01
  2.9868E+02  1.4488E-30  3.0012E-01
  3.0088E+02  1.4315E-30  3.0012E-01
  3.0309E+02  1.4143E-30  3.0012E-01
  3.0532E+02  1.3974E-30  3.0011E-01
  3.0757E+02  1.3805E-30  3.0011E-01
  3.0984E+02  1.3639E-30  3.0011E-01
  3.1212E+02  1.3475E-30  3.0011E-01
  3.1442E+02  1.3312E-30  3.0011E-01
  3.1673E+02  1.3151E-30  3.0011E-01
  3.1906E+02  1.2992E-30  3.0010E-01
  3.2141E+02  1.2834E-30  3.0010E-01
  3.2377E+02  1.2678E-30  3.0010E-01
  3.2615E+02  1.2524E-30  3.0010E-01
  3.2855E+02  1.2372E-30  3.0010E-01
  3.3097E+02  1.2221E-30  3.0010E-01
  3.3340E+02  1.2071E-30  3.0009E-01
  3.3585E+02  1.1924E-30  3.0009E-01
  3.3832E+02  1.1778E-30  3.0009E-01
  3.4080E+02  1.1633E-30  3.0009E-01
  3.4331E+02  1.1491E-30  3.0009E-01
  3.4583E+02  1.1349E-30  3.0009E-01
  3.4837E+02  1.1210E-30  3.0009E-01
  3.5093E+02  1.1071E-30  3.0009E-01
  3.5350E+02  1.0935E-30  3.0008E-01
  3.5610E+02  1.0799E-30  3.0008E-01
  3.5871E+02  1.0666E-30  3.0008E-01
  3.6135E+02  1.0533E-30  3.0008E-01
  3.6400E+02  1.0402E-30  3.0008E-01
  3.6667E+02  1.0273E-30  3.0008E-01
  3.6936E+02  1.0145E-30  3.0008E-01
  3.7207E+02  1.0018E-30  3.0008E-01
  3.7480E+02  9.8932E-31  3.0007E-01
  3.7755E+02  9.7695E-31  3.0007E-01
  3.8031E+02  9.6471E-31  3.0007E-01
  3.8310E+02  9.5261E-31  3.0007E-01
  3.8591E+02  9.4065E-31  3.0007E-01
  3.8874E+02  9.2883E-31  3.0007E-01
  3.9159E+02  9.1713E-31  3.0007E-01
  3.9446E+02  9.0557E-31  3.0007E-01
  3.9735E+02  8.9414E-31  3.0007E-01
  4.0026E+02  8.8283E-31  3.0007E-01
  4.0319E+02  8.7165E-31  3.0006E-01
  4.0614E+02  8.6060E-31  3.0006E-01
  4.0912E+02  8.4967E-31  3.0006E-01
  4.1211E+02  8.3886E-31  3.0006E-01
  4.1513E+02  8.2818E-31  3.0006E-01
  4.1817E+02  8.1762E-31  3.0006E-01
  4.2123E+02  8.0718E-31  3.0006E-01
  4.2431E+02  7.9687E-31  3.0006E-01
  4.2742E+02  7.8667E-31  3.0006E-01
  4.3054E+02  7.7659E-31  3.0006E-01
  4.3369E+02  7.6663E-31  3.0006E-01
  4.3687E+02  7.5678E-31  3.0005E-01
  4.4006E+02  7.4705E-31  3.0005E-01
  4.4328E+02  7.3743E-31  3.0005E-01
  4.4652E+02  7.2792E-31  3.0005E-01
  4.4979E+02  7.1852E-31  3.0005E-01
  4.5308E+02  7.0923E-31  3.0005E-01
  4.5639E+02  7.0005E-31  3.0005E-01
  4.5972E+02  6.9098E-31  3.0005E-01
  4.6308E+02  6.8201E-31  3.0005E-01
  4.6647E+02  6.7315E-31  3.0005E-01
  4.6988E+02  6.6439E-31  3.0005E-01
  4.7331E+02  6.5573E-31  3.0005E-01
  4.7677E+02  6.4718E-31  3.0005E-01
  4.8025E+02  6.3873E-31  3.0005E-01
  4.8376E+02  6.3038E-31  3.0004E-01
  4.8729E+02  6.2214E-31  3.0004E-01
  4.9085E+02  6.1399E-31  3.0004E-01
  4.9443E+02  6.0593E-31  3.0004E-01
  4.9804E+02  5.9798E-31  3.0004E-01
  5.0168E+02  5.9012E-31  3.0004E-01
  5.0534E+02  5.8235E-31  3.0004E-01
  5.0903E+02  5.7468E-31  3.0004E-01
  5.1275E+02  5.6710E-31  3.0004E-01
  5.1649E+02  5.5961E-31  3.0004E-01
  5.2026E+02  5.5221E-31  3.0004E-01
  5.2405E+02  5.4490E-31  3.0004E-01
  5.2788E+02  5.3768E-31  3.0004E-01
  5.3173E+02  5.3055E-31  3.0004E-01
  5.3560E+02  5.2351E-31  3.0004E-01
  5.3951E+02  5.1655E-31  3.0004E-01
  5.4345E+02  5.0968E-31  3.0004E-01
  5.4741E+02  5.0289E-31  3.0003E-01
  5.5140E+02  4.9619E-31  3.0003E-01
  5.5542E+02  4.8957E-31  3.0003E-01
  5.5947E+02  4.8303E-31  3.0003E-01
  5.6355E+02  4.7658E-31  3.0003E-01
  5.6765E+02  4.7020E-31  3.0003E-01
  5.7179E+02  4.6390E-31  3.0003E-01
  5.7596E+02  4.5768E-31  3.0003E-01
  5.8016E+02  4.5153E-31  3.0003E-01
  5.8438E+02  4.4546E-31  3.0003E-01
  5.8864E+02  4.3947E-31  3.0003E-01
  5.9293E+02  4.3356E-31  3.0003E-01
  5.9725E+02  4.2772E-31  3.0003E-01
  6.0160E+02  4.2196E-31  3.0003E-01
  6.0598E+02  4.1627E-31  3.0003E-01
  6.1039E+02  4.1065E-31  3.0003E-01
  6.1484E+02  4.0510E-31  3.0003E-01
  6.1931E+02  3.9962E-31  3.0003E-01
  6.2382E+02  3.9421E-31  3.0003E-01
  6.2836E+02  3.8887E-31  3.0003E-01
  6.3294E+02  3.8359E-31  3.0003E-01
  6.3755E+02  3.7838E-31  3.0003E-01
  6.4219E+02  3.7325E-31  3.0003E-01
  6.4686E+02  3.6817E-31  3.0002E-01
  6.5157E+02  3.6317E-31  3.0002E-01
  6.5631E+02  3.5823E-31  3.0002E-01
  6.6108E+02  3.5335E-31  3.0002E-01
  6.6589E+02  3.4854E-31  3.0002E-01
  6.7074E+02  3.4378E-31  3.0002E-01
  6.7562E+02  3.3909E-31  3.0002E-01
  6.8053E+02  3.3446E-31  3.0002E-01
  6.8548E+02  3.2989E-31  3.0002E-01
  6.9047E+02  3.2538E-31  3.0002E-01
  6.9549E+02  3.2092E-31  3.0002E-01
  7.0055E+02  3.1653E-31  3.0002E-01
  7.0564E+02  3.1220E-31  3.0002E-01
  7.1077E+02  3.0792E-31  3.0002E-01
  7.1594E+02  3.0370E-31  3.0002E-01
  7.2114E+02  2.9953E-31  3.0002E-01
  7.2639E+02  2.9542E-31  3.0002E-01
  7.3167E+02  2.9136E-31  3.0002E-01
  7.3698E+02  2.8735E-31  3.0002E-01
  7.4234E+02  2.8340E-31  3.0002E-01
  7.4773E+02  2.7950E-31  3.0002E-01
  7.5317E+02  2.7566E-31  3.0002E-01
  7.5864E+02  2.7186E-31  3.0002E-01
  7.6415E+02  2.6812E-31  3.0002E-01
  7.6970E+02  2.6443E-31  3.0002E-01
  7.7530E+02  2.6078E-31  3.0002E-01
  7.8093E+02  2.5719E-31  3.0002E-01
  7.8660E+02  2.5364E-31  3.0002E-01
  7.9231E+02  2.5013E-31  3.0002E-01
  7.9807E+02  2.4668E-31  3.0002E-01
  8.0387E+02  2.4327E-31  3.0002E-01
  8.0970E+02  2.3991E-31  3.0002E-01
  8.1558E+02  2.3660E-31  3.0002E-01
  8.2151E+02  2.3333E-31  3.0002E-01
  8.2747E+02  2.3010E-31  3.0002E-01
  8.3348E+02  2.2692E-31  3.0002E-01
  8.3953E+02  2.2378E-31  3.0001E-01
  8.4562E+02  2.2068E-31  3.0001E-01
  8.5176E+02  2.1763E-31  3.0001E-01
  8.5795E+02  2.1462E-31  3.0001E-01
  8.6417E+02  2.1165E-31  3.0001E-01
  8.7044E+02  2.0872E-31  3.0001E-01
  8.7676E+02  2.0583E-31  3.0001E-01
  8.8312E+02  2.0298E-31  3.0001E-01
  8.8953E+02  2.0017E-31  3.0001E-01
  8.9599E+02  1.9739E-31  3.0001E-01
  9.0249E+02  1.9466E-31  3.0001E-01
  9.0904E+02  1.9196E-31  3.0001E-01
  9.1563E+02  1.8930E-31  3.0001E-01
  9.2227E+02  1.8668E-31  3.0001E-01
  9.2896E+02  1.8409E-31  3.0001E-01
  9.3570E+02  1.8154E-31  3.0001E-01
  9.4249E+02  1.7903E-31  3.0001E-01
  9.4933E+02  1.7655E-31  3.0001E-01
  9.5621E+02  1.7410E-31  3.0001E-01
  9.6315E+02  1.7168E-31  3.0001E-01
  9.7013E+02  1.6931E-31  3.0001E-01
  9.7717E+02  1.6696E-31  3.0001E-01
  9.8425E+02  1.6465E-31  3.0001E-01
  9.9139E+02  1.6237E-31  3.0001E-01
  9.9858E+02  1.6012E-31  3.0001E-01
  1.0058E+03  1.5791E-31  3.0001E-01
  1.0131E+03  1.5572E-31  3.0001E-01
  1.0205E+03  1.5356E-31  3.0001E-01
  1.0278E+03  1.5144E-31  3.0001E-01
  1.0353E+03  1.4934E-31  3.0001E-01
  1.0428E+03  1.4728E-31  3.0001E-01
  1.0504E+03  1.4524E-31  3.0001E-01
  1.0580E+03  1.4324E-31  3.0001E-01
  1.0656E+03  1.4126E-31  3.0001E-01
  1.0734E+03  1.3930E-31  3.0001E-01
  1.0811E+03  1.3738E-31  3.0001E-01
  1.0890E+03  1.3548E-31  3.0001E-01
  1.0969E+03  1.3361E-31  3.0001E-01
  1.1048E+03  1.3177E-31  3.0001E-01
  1.1128E+03  1.2995E-31  3.0001E-01
  1.1209E+03  1.2816E-31  3.0001E-01
  1.1290E+03  1.2639E-31  3.0001E-01
  1.1372E+03  1.2465E-31  3.0001E-01
  1.1454E+03  1.2294E-31  3.0001E-01
  1.1537E+03  1.2125E-31  3.0001E-01
  1.1621E+03  1.1958E-31  3.0001E-01
  1.1705E+03  1.1794E-31  3.0001E-01
  1.1790E+03  1.1631E-31  3.0001E-01
  1.1875E+03  1.1472E-31  3.0001E-01
  1.1961E+03  1.1314E-31  3.0001E-01
  1.2048E+03  1.1159E-31  3.0001E-01
  1.2135E+03  1.1006E-31  3.0001E-01
  1.2223E+03  1.0855E-31  3.0001E-01
  1.2311E+03  1.0707E-31  3.0001E-01
  1.2400E+03  1.0560E-31  3.0001E-01
  1.2490E+03  1.0416E-31  3.0001E-01
  1.2581E+03  1.0273E-31  3.0001E-01
  1.2672E+03  1.0133E-31  3.0001E-01
  1.2763E+03  9.9949E-32  3.0001E-01
  1.2856E+03  9.8585E-32  3.0001E-01
  1.2949E+03  9.7240E-32  3.0001E-01
  1.3043E+03  9.5915E-32  3.0001E-01
  1.3137E+03  9.4610E-32  3.0001E-01
  1.3232E+03  9.3325E-32  3.0001E-01
  1.3328E+03  9.2058E-32  3.0001E-01
  1.3424E+03  9.0808E-32  3.0001E-01
  1.3522E+03  8.9574E-32  3.0001E-01
  1.3619E+03  8.8360E-32  3.0001E-01
  1.3718E+03  8.7164E-32  3.0001E-01
  1.3817E+03  8.5986E-32  3.0001E-01
  1.3917E+03  8.4824E-32  3.0001E-01
  1.4018E+03  8.3678E-32  3.0001E-01
  1.4119E+03  8.2548E-32  3.0001E-01
  1.4222E+03  8.1435E-32  3.0001E-01
  1.4324E+03  8.0339E-32  3.0001E-01
  1.4428E+03  7.9259E-32  3.0001E-01
  1.4532E+03  7.8194E-32  3.0000E-01
  1.4638E+03  7.7143E-32  3.0000E-01
  1.4743E+03  7.6107E-32  3.0000E-01
  1.4850E+03  7.5088E-32  3.0000E-01
  1.4958E+03  7.4084E-32  3.0000E-01
  1.5066E+03  7.3094E-32  3.0000E-01
  1.5175E+03  7.2117E-32  3.0000E-01
  1.5284E+03  7.1154E-32  3.0000E-01
  1.5395E+03  7.0205E-32  3.0000E-01
  1.5506E+03  6.9272E-32  3.0000E-01
  1.5618E+03  6.8352E-32  3.0000E-01
  1.5731E+03  6.7444E-32  3.0000E-01
  1.5845E+03  6.6548E-32  3.0000E-01
  1.5960E+03  6.5666E-32  3.0000E-01
  1.6075E+03  6.4798E-32  3.0000E-01
  1.6191E+03  6.3942E-32  3.0000E-01
  1.6309E+03  6.3098E-32  3.0000E-01
  1.6426E+03  6.2265E-32  3.0000E-01
  1.6545E+03  6.1445E-32  3.0000E-01
  1.6665E+03  6.0638E-32  3.0000E-01
  1.6785E+03  5.9842E-32  3.0000E-01
  1.6907E+03  5.9057E-32  3.0000E-01
  1.7029E+03  5.8282E-32  3.0000E-01
  1.7152E+03  5.7520E-32  3.0000E-01
  1.7276E+03  5.6770E-32  3.0000E-01
  1.7401E+03  5.6030E-32  3.0000E-01
  1.7527E+03  5.5299E-32  3.0000E-01
  1.7653E+03  5.4579E-32  3.0000E-01
  1.7781E+03  5.3871E-32  3.0000E-01
  1.7909E+03  5.3173E-32  3.0000E-01
  1.8039E+03  5.2484E-32  3.0000E-01
  1.8169E+03  5.1804E-32  3.0000E-01
  1.8301E+03  5.1136E-32  3.0000E-01
  1.8433E+03  5.0478E-32  3.0000E-01
  1.8566E+03  4.9828E-32  3.0000E-01
  1.8700E+03  4.9187E-32  3.0000E-01
  1.8835E+03  4.8555E-32  3.0000E-01
  1.8972E+03  4.7934E-32  3.0000E-01
  1.9109E+03  4.7322E-32  3.0000E-01
  1.9247E+03  4.6716E-32  3.0000E-01
  1.9386E+03  4.6120E-32  3.0000E-01
  1.9526E+03  4.5533E-32  3.0000E-01
  1.9667E+03  4.4956E-32  3.0000E-01
  1.9809E+03  4.4385E-32  3.0000E-01
  1.9952E+03  4.3821E-32  3.0000E-01
  2.0096E+03  4.3268E-32  3.0000E-01
  2.0242E+03  4.2723E-32  3.0000E-01
  2.0388E+03  4.2184E-32  3.0000E-01
  2.0535E+03  4.1652E-32  3.0000E-01
  2.0683E+03  4.1130E-32  3.0000E-01
  2.0833E+03  4.0615E-32  3.0000E-01
  2.0983E+03  4.0107E-32  3.0000E-01
  2.1135E+03  3.9605E-32  3.0000E-01
  2.1288E+03  3.9111E-32  3.0000E-01
  2.1441E+03  3.8626E-32  3.0000E-01
  2.1596E+03  3.8146E-32  3.0000E-01
  2.1752E+03  3.7671E-32  3.0000E-01
  2.1909E+03  3.7206E-32  3.0000E-01
  2.2068E+03  3.6748E-32  3.0000E-01
  2.2227E+03  3.6294E-32  3.0000E-01
  2.2388E+03  3.5846E-32  3.0000E-01
  2.2549E+03  3.5407E-32  3.0000E-01
  2.2712E+03  3.4974E-32  3.0000E-01
  2.2876E+03  3.4545E-32  3.0000E-01
  2.3041E+03  3.4123E-32  3.0000E-01
  2.3208E+03  3.3708E-32  3.0000E-01
  2.3375E+03  3.3298E-32  3.0000E-01
  2.3544E+03  3.2893E-32  3.0000E-01
  2.3714E+03  3.2495E-32  3.0000E-01
  2.3885E+03  3.2104E-32  3.0000E-01
  2.4058E+03  3.1715E-32  3.0000E-01
  2.4232E+03  3.1333E-32  3.0000E-01
  2.4407E+03  3.0958E-32  3.0000E-01
  2.4583E+03  3.0587E-32  3.0000E-01
  2.4760E+03  3.0220E-32  3.0000E-01
  2.4939E+03  2.9860E-32  3.0000E-01
  2.5119E+03  2.9505E-32  3.0000E-01
  2.5300E+03  2.9153E-32  3.0000E-01
  2.5483E+03  2.8808E-32  3.0000E-01
  2.5667E+03  2.8469E-32  3.0000E-01
  2.5852E+03  2.8131E-32  3.0000E-01
  2.6039E+03  2.7799E-32  3.0000E-01
  2.6227E+03  2.7474E-32  3.0000E-01
  2.6416E+03  2.7152E-32  3.0000E-01
  2.6607E+03  2.6833E-32  3.0000E-01
  2.6799E+03  2.6521E-32  3.0000E-01
  2.6993E+03  2.6212E-32  3.0000E-01
  2.7187E+03  2.5906E-32  3.0000E-01
  2.7384E+03  2.5607E-32  3.0000E-01
  2.7581E+03  2.5311E-32  3.0000E-01
  2.7780E+03  2.5018E-32  3.0000E-01
  2.7981E+03  2.4731E-32  3.0000E-01
  2.8183E+03  2.4447E-32  3.0000E-01
  2.8386E+03  2.4166E-32  3.0000E-01
  2.8591E+03  2.3891E-32  3.0000E-01
  2.8798E+03  2.3619E-32  3.0000E-01
  2.9005E+03  2.3348E-32  3.0000E-01
  2.9215E+03  2.3085E-32  3.0000E-01
  2.9426E+03  2.2824E-32  3.0000E-01
  2.9638E+03  2.2565E-32  3.0000E-01
  2.9852E+03  2.2312E-32  3.0000E-01
  3.0067E+03  2.2061E-32  3.0000E-01
  3.0284E+03  2.1813E-32  3.0000E-01
  3.0503E+03  2.1571E-32  3.0000E-01
  3.0723E+03  2.1329E-32  3.0000E-01
  3.0945E+03  2.1091E-32  3.0000E-01
  3.1168E+03  2.0859E-32  3.0000E-01
  3.1393E+03  2.0627E-32  3.0000E-01
  3.1619E+03  2.0400E-32  3.0000E-01
  3.1848E+03  2.0176E-32  3.0000E-01
  3.2077E+03  1.9953E-32  3.0000E-01
  3.2309E+03  1.9736E-32  3.0000E-01
  3.2542E+03  1.9520E-32  3.0000E-01
  3.2777E+03  1.9306E-32  3.0000E-01
  3.3013E+03  1.9098E-32  3.0000E-01
  3.3251E+03  1.8890E-32  3.0000E-01
  3.3491E+03  1.8686E-32  3.0000E-01
  3.3733E+03  1.8485E-32  3.0000E-01
  3.3976E+03  1.8285E-32  3.0000E-01
  3.4221E+03  1.8091E-32  3.0000E-01
  3.4468E+03  1.7896E-32  3.0000E-01
  3.4717E+03  1.7706E-32  3.0000E-01
  3.4967E+03  1.7518E-32  3.0000E-01
  3.5220E+03  1.7331E-32  3.0000E-01
  3.5474E+03  1.7150E-32  3.0000E-01
  3.5730E+03  1.6967E-32  3.0000E-01
  3.5987E+03  1.6790E-32  3.0000E-01
  3.6247E+03  1.6614E-32  3.0000E-01
  3.6509E+03  1.6439E-32  3.0000E-01
  3.6772E+03  1.6270E-32  3.0000E-01
  3.7037E+03  1.6098E-32  3.0000E-01
  3.7304E+03  1.5934E-32  3.0000E-01
  3.7573E+03  1.5767E-32  3.0000E-01
  3.7844E+03  1.5606E-32  3.0000E-01
  3.8117E+03  1.5445E-32  3.0000E-01
  3.8392E+03  1.5286E-32  3.0000E-01
  3.8669E+03  1.5132E-32  3.0000E-01
  3.8948E+03  1.4975E-32  3.0000E-01
  3.9229E+03  1.4826E-32  3.0000E-01
  3.9512E+03  1.4673E-32  3.0000E-01
  3.9797E+03  1.4527E-32  3.0000E-01
  4.0084E+03  1.4379E-32  3.0000E-01
  4.0373E+03  1.4236E-32  3.0000E-01
  4.0664E+03  1.4093E-32  3.0000E-01
  4.0958E+03  1.3953E-32  3.0000E-01
  4.1253E+03  1.3814E-32  3.0000E-01
  4.1551E+03  1.3677E-32  3.0000E-01
  4.1850E+03  1.3542E-32  3.0000E-01
  4.2152E+03  1.3408E-32  3.0000E-01
  4.2456E+03  1.3277E-32  3.0000E-01
  4.2762E+03  1.3146E-32  3.0000E-01
  4.3071E+03  1.3019E-32  3.0000E-01
  4.3381E+03  1.2891E-32  3.0000E-01
  4.3694E+03  1.2767E-32  3.0000E-01
  4.4009E+03  1.2642E-32  3.0000E-01
  4.4327E+03  1.2522E-32  3.0000E-01
  4.4646E+03  1.2400E-32  3.0000E-01
  4.4968E+03  1.2282E-32  3.0000E-01
  4.5292E+03  1.2164E-32  3.0000E-01
  4.5619E+03  1.2049E-32  3.0000E-01
  4.5948E+03  1.1935E-32  3.0000E-01
  4.6279E+03  1.1821E-32  3.0000E-01
  4.6613E+03  1.1711E-32  3.0000E-01
  4.6949E+03  1.1599E-32  3.0000E-01
  4.7288E+03  1.1493E-32  3.0000E-01
  4.7629E+03  1.1382E-32  3.0000E-01
  4.7972E+03  1.1280E-32  3.0000E-01
  4.8318E+03  1.1171E-32  3.0000E-01
  4.8666E+03  1.1071E-32  3.0000E-01
  4.9017E+03  1.0967E-32  3.0000E-01
  4.9371E+03  1.0867E-32  3.0000E-01
  4.9727E+03  1.0769E-32  3.0000E-01
  5.0085E+03  1.0667E-32  3.0000E-01
  5.0446E+03  1.0574E-32  3.0000E-01
  5.0810E+03  1.0474E-32  3.0000E-01
  5.1176E+03  1.0383E-32  3.0000E-01
  5.1545E+03  1.0289E-32  3.0000E-01
  5.1917E+03  1.0194E-32  3.0000E-01
  5.2291E+03  1.0107E-32  3.0000E-01
  5.2668E+03  1.0012E-32  3.0000E-01
  5.3048E+03  9.9260E-33  3.0000E-01
  5.3430E+03  9.8392E-33  3.0000E-01
  5.3816E+03  9.7477E-33  3.0000E-01
  5.4204E+03  9.6674E-33  3.0000E-01
  5.4594E+03  9.5801E-33  3.0000E-01
  5.4988E+03  9.4940E-33  3.0000E-01
  5.5384E+03  9.4173E-33  3.0000E-01
  5.5784E+03  9.3309E-33  3.0000E-01
  5.6186E+03  9.2492E-33  3.0000E-01
  5.6591E+03  9.1757E-33  3.0000E-01
  5.6999E+03  9.0917E-33  3.0000E-01
  5.7410E+03  9.0121E-33  3.0000E-01
  5.7824E+03  8.9426E-33  3.0000E-01
  5.8240E+03  8.8626E-33  3.0000E-01
  5.8660E+03  8.7824E-33  3.0000E-01
  5.9083E+03  8.7160E-33  3.0000E-01
  5.9509E+03  8.6442E-33  3.0000E-01
  5.9938E+03  8.5626E-33  3.0000E-01
  6.0370E+03  8.4926E-33  3.0000E-01
  6.0805E+03  8.4317E-33  3.0000E-01
  6.1243E+03  8.3586E-33  3.0000E-01
  6.1685E+03  8.2788E-33  3.0000E-01
  6.2130E+03  8.2127E-33  3.0000E-01
  6.2577E+03  8.1572E-33  3.0000E-01
  6.3028E+03  8.0917E-33  3.0000E-01
  6.3483E+03  8.0134E-33  3.0000E-01
  6.3940E+03  7.9388E-33  3.0000E-01
  6.4401E+03  7.8795E-33  3.0000E-01
  6.4865E+03  7.8277E-33  3.0000E-01
  6.5333E+03  7.7685E-33  3.0000E-01
  6.5804E+03  7.6963E-33  3.0000E-01
  6.6278E+03  7.6169E-33  3.0000E-01
  6.6756E+03  7.5393E-33  3.0000E-01
  6.7237E+03  7.4694E-33  3.0000E-01
  6.7722E+03  7.4080E-33  3.0000E-01
  6.8210E+03  7.3528E-33  3.0000E-01
  6.8701E+03  7.3011E-33  3.0000E-01
  6.9196E+03  7.2507E-33  3.0000E-01
  6.9695E+03  7.2006E-33  3.0000E-01
  7.0197E+03  7.1502E-33  3.0000E-01
  7.0703E+03  7.0996E-33  3.0000E-01
  7.1213E+03  7.0488E-33  3.0000E-01
  7.1726E+03  6.9979E-33  3.0000E-01
  7.2243E+03  6.9471E-33  3.0000E-01
  7.2764E+03  6.8964E-33  3.0000E-01
  7.3288E+03  6.8461E-33  3.0000E-01
  7.3816E+03  6.7960E-33  3.0000E-01
  7.4348E+03  6.7463E-33  3.0000E-01
  7.4884E+03  6.6969E-33  3.0000E-01
  7.5424E+03  6.6480E-33  3.0000E-01
  7.5967E+03  6.5995E-33  3.0000E-01
  7.6515E+03  6.5515E-33  3.0000E-01
  7.7066E+03  6.5040E-33  3.0000E-01
  7.7622E+03  6.4569E-33  3.0000E-01
  7.8181E+03  6.4103E-33  3.0000E-01
  7.8744E+03  6.3641E-33  3.0000E-01
  7.9312E+03  6.3185E-33  3.0000E-01
  7.9883E+03  6.2733E-33  3.0000E-01
  8.0459E+03  6.2286E-33  3.0000E-01
  8.1039E+03  6.1843E-33  3.0000E-01
  8.1623E+03  6.1405E-33  3.0000E-01
  8.2211E+03  6.0972E-33  3.0000E-01
  8.2803E+03  6.0544E-33  3.0000E-01
  8.3400E+03  6.0120E-33  3.0000E-01
  8.4001E+03  5.9701E-33  3.0000E-01
  8.4606E+03  5.9286E-33  3.0000E-01
  8.5216E+03  5.8876E-33  3.0000E-01
  8.5830E+03  5.8470E-33  3.0000E-01
  8.6449E+03  5.8068E-33  3.0000E-01
  8.7071E+03  5.7671E-33  3.0000E-01
  8.7699E+03  5.7278E-33  3.0000E-01
  8.8331E+03  5.6889E-33  3.0000E-01
  8.8967E+03  5.6505E-33  3.0000E-01
  8.9608E+03  5.6139E-33  3.0000E-01
  9.0249E+03  5.6139E-33  3.0000E-01
