  2.5000E-02  9.3691E-20  3.2237E-01
  7.5180E-02  8.6100E-24  3.2749E-01
  1.2572E-01  7.8152E-25  3.2748E-01
  1.7663E-01  2.1773E-25  3.2746E-01
  2.2790E-01  8.5602E-26  3.2743E-01
  2.7954E-01  4.1785E-26  3.2739E-01
  3.3155E-01  2.4143E-26  3.2734E-01
  3.8394E-01  1.6457E-26  3.2729E-01
  4.3670E-01  1.2746E-26  3.2723E-01
  4.8985E-01  1.0254E-26  3.2717E-01
  5.4337E-01  8.7348E-27  3.2711E-01
  5.9729E-01  8.0018E-27  3.2704E-01
  6.5159E-01  7.2151E-27  3.2696E-01
  7.0628E-01  6.5203E-27  3.2688E-01
  7.6136E-01  5.9177E-27  3.2679E-01
  8.1685E-01  5.3953E-27  3.2670E-01
  8.7273E-01  4.9406E-27  3.2661E-01
  9.2901E-01  4.5428E-27  3.2651E-01
  9.8570E-01  4.1927E-27  3.2641E-01
  1.0428E+00  3.8829E-27  3.2631E-01
  1.1003E+00  3.6074E-27  3.2620E-01
  1.1582E+00  3.3613E-27  3.2609E-01
  1.2166E+00  3.1403E-27  3.2598E-01
  1.2753E+00  2.9411E-27  3.2586E-01
  1.3345E+00  2.7608E-27  3.2574E-01
  1.3941E+00  2.5971E-27  3.2562E-01
  1.4542E+00  2.4479E-27  3.2550E-01
  1.5146E+00  2.3115E-27  3.2537E-01
  1.5755E+00  2.1864E-27  3.2524E-01
  1.6369E+00  2.0715E-27  3.2511E-01
  1.6987E+00  1.9655E-27  3.2498E-01
  1.7609E+00  1.8676E-27  3.2485E-01
  1.8236E+00  1.7770E-27  3.2472E-01
  1.8867E+00  1.6929E-27  3.2458E-01
  1.9503E+00  1.6147E-27  3.2444E-01
  2.0143E+00  1.5418E-27  3.2431E-01
  2.0788E+00  1.4738E-27  3.2417E-01
  2.1438E+00  1.4103E-27  3.2403E-01
  2.2092E+00  1.3508E-27  3.2389E-01
  2.2751E+00  1.2950E-27  3.2374E-01
  2.3415E+00  1.2426E-27  3.2360E-01
  2.4084E+00  1.1933E-27  3.2346E-01
  2.4757E+00  1.1469E-27  3.2331E-01
  2.5435E+00  1.1031E-27  3.2317E-01
  2.6119E+00  1.0618E-27  3.2302E-01
  2.6807E+00  1.0228E-27  3.2288E-01
  2.7500E+00  9.8585E-28  3.2273E-01
  2.8198E+00  9.5087E-28  3.2258E-01
  2.8901E+00  9.1771E-28  3.2244E-01
  2.9609E+00  8.8625E-28  3.2229E-01
  3.0322E+00  8.5635E-28  3.2214E-01
  3.1040E+00  8.2793E-28  3.2199E-01
  3.1764E+00  8.0089E-28  3.2185E-01
  3.2492E+00  7.7514E-28  3.2170E-01
  3.3226E+00  7.5059E-28  3.2155E-01
  3.3966E+00  7.2717E-28  3.2140E-01
  3.4710E+00  7.0481E-28  3.2126E-01
  3.5460E+00  6.8346E-28  3.2111E-01
  3.6215E+00  6.6304E-28  3.2096E-01
  3.6976E+00  6.4351E-28  3.2081E-01
  3.7742E+00  6.2481E-28  3.2067E-01
  3.8514E+00  6.0690E-28  3.2052E-01
  3.9291E+00  5.8974E-28  3.2037E-01
  4.0074E+00  5.7327E-28  3.2023E-01
  4.0863E+00  5.5747E-28  3.2008E-01
  4.1657E+00  5.4230E-28  3.1994E-01
  4.2457E+00  5.2773E-28  3.1979E-01
  4.3263E+00  5.1372E-28  3.1965E-01
  4.4074E+00  5.0024E-28  3.1950E-01
  4.4891E+00  4.8728E-28  3.1936E-01
  4.5715E+00  4.7480E-28  3.1921E-01
  4.6544E+00  4.6278E-28  3.1907E-01
  4.7379E+00  4.5119E-28  3.1893E-01
  4.8220E+00  4.4003E-28  3.1879E-01
  4.9067E+00  4.2926E-28  3.1864E-01
  4.9921E+00  4.1886E-28  3.1850E-01
  5.0780E+00  4.0883E-28  3.1836E-01
  5.1646E+00  3.9914E-28  3.1822E-01
  5.2517E+00  3.8978E-28  3.1808E-01
  5.3396E+00  3.8073E-28  3.1794E-01
  5.4280E+00  3.7199E-28  3.1781E-01
  5.5171E+00  3.6352E-28  3.1767E-01
  5.6068E+00  3.5534E-28  3.1753E-01
  5.6972E+00  3.4741E-28  3.1739E-01
  5.7882E+00  3.3974E-28  3.1726E-01
  5.8799E+00  3.3231E-28  3.1712E-01
  5.9722E+00  3.2511E-28  3.1699E-01
  6.0652E+00  3.1813E-28  3.1685E-01
  6.1589E+00  3.1136E-28  3.1672E-01
  6.2532E+00  3.0479E-28  3.1659E-01
  6.3482E+00  2.9843E-28  3.1646E-01
  6.4439E+00  2.9224E-28  3.1633E-01
  6.5403E+00  2.8624E-28  3.1620E-01
  6.6374E+00  2.8042E-28  3.1607E-01
  6.7352E+00  2.7476E-28  3.1594E-01
  6.8337E+00  2.6926E-28  3.1581E-01
  6.9329E+00  2.6391E-28  3.1568E-01
  7.0328E+00  2.5872E-28  3.1555E-01
  7.1335E+00  2.5367E-28  3.1543E-01
  7.2348E+00  2.4875E-28  3.1530E-01
  7.3369E+00  2.4397E-28  3.1518E-01
  7.4398E+00  2.3932E-28  3.1505E-01
  7.5433E+00  2.3479E-28  3.1493E-01
  7.6476E+00  2.3038E-28  3.1480E-01
  7.7527E+00  2.2608E-28  3.1468E-01
  7.8585E+00  2.2190E-28  3.1456E-01
  7.9651E+00  2.1782E-28  3.1444E-01
  8.0724E+00  2.1385E-28  3.1432E-01
  8.1806E+00  2.0998E-28  3.1420E-01
  8.2895E+00  2.0620E-28  3.1408E-01
  8.3991E+00  2.0252E-28  3.1397E-01
  8.5096E+00  1.9893E-28  3.1385E-01
  8.6209E+00  1.9543E-28  3.1373E-01
  8.7330E+00  1.9201E-28  3.1362E-01
  8.8458E+00  1.8867E-28  3.1350E-01
  8.9595E+00  1.8541E-28  3.1339E-01
  9.0740E+00  1.8223E-28  3.1327E-01
  9.1894E+00  1.7913E-28  3.1316E-01
  9.3055E+00  1.7609E-28  3.1305E-01
  9.4225E+00  1.7313E-28  3.1294E-01
  9.5404E+00  1.7023E-28  3.1283E-01
  9.6591E+00  1.6740E-28  3.1272E-01
  9.7786E+00  1.6464E-28  3.1261E-01
  9.8990E+00  1.6193E-28  3.1250E-01
  1.0020E+01  1.5929E-28  3.1239E-01
  1.0142E+01  1.5670E-28  3.1229E-01
  1.0265E+01  1.5417E-28  3.1218E-01
  1.0389E+01  1.5169E-28  3.1207E-01
  1.0514E+01  1.4927E-28  3.1197E-01
  1.0640E+01  1.4690E-28  3.1187E-01
  1.0766E+01  1.4458E-28  3.1176E-01
  1.0894E+01  1.4231E-28  3.1166E-01
  1.1022E+01  1.4009E-28  3.1156E-01
  1.1152E+01  1.3791E-28  3.1146E-01
  1.1282E+01  1.3578E-28  3.1136E-01
  1.1413E+01  1.3369E-28  3.1126E-01
  1.1546E+01  1.3165E-28  3.1116E-01
  1.1679E+01  1.2964E-28  3.1106E-01
  1.1813E+01  1.2768E-28  3.1096E-01
  1.1948E+01  1.2575E-28  3.1086E-01
  1.2084E+01  1.2387E-28  3.1077E-01
  1.2221E+01  1.2202E-28  3.1067E-01
  1.2359E+01  1.2020E-28  3.1058E-01
  1.2498E+01  1.1842E-28  3.1048E-01
  1.2638E+01  1.1668E-28  3.1039E-01
  1.2779E+01  1.1497E-28  3.1030E-01
  1.2921E+01  1.1329E-28  3.1020E-01
  1.3064E+01  1.1164E-28  3.1011E-01
  1.3208E+01  1.1003E-28  3.1002E-01
  1.3353E+01  1.0844E-28  3.0993E-01
  1.3499E+01  1.0689E-28  3.0984E-01
  1.3646E+01  1.0536E-28  3.0975E-01
  1.3795E+01  1.0386E-28  3.0966E-01
  1.3944E+01  1.0239E-28  3.0958E-01
  1.4094E+01  1.0095E-28  3.0949E-01
  1.4246E+01  9.9527E-29  3.0940E-01
  1.4398E+01  9.8134E-29  3.0932E-01
  1.4552E+01  9.6765E-29  3.0923E-01
  1.4707E+01  9.5421E-29  3.0915E-01
  1.4863E+01  9.4100E-29  3.0906E-01
  1.5020E+01  9.2803E-29  3.0898E-01
  1.5178E+01  9.1528E-29  3.0890E-01
  1.5337E+01  9.0275E-29  3.0881E-01
  1.5497E+01  8.9043E-29  3.0873E-01
  1.5659E+01  8.7833E-29  3.0865E-01
  1.5822E+01  8.6643E-29  3.0857E-01
  1.5986E+01  8.5474E-29  3.0849E-01
  1.6151E+01  8.4324E-29  3.0841E-01
  1.6317E+01  8.3193E-29  3.0833E-01
  1.6485E+01  8.2081E-29  3.0826E-01
  1.6653E+01  8.0988E-29  3.0818E-01
  1.6823E+01  7.9913E-29  3.0810E-01
  1.6994E+01  7.8855E-29  3.0803E-01
  1.7167E+01  7.7815E-29  3.0795E-01
  1.7340E+01  7.6791E-29  3.0788E-01
  1.7515E+01  7.5784E-29  3.0780E-01
  1.7691E+01  7.4793E-29  3.0773E-01
  1.7869E+01  7.3818E-29  3.0765E-01
  1.8047E+01  7.2859E-29  3.0758E-01
  1.8227E+01  7.1915E-29  3.0751E-01
  1.8408E+01  7.0985E-29  3.0744E-01
  1.8591E+01  7.0071E-29  3.0737E-01
  1.8775E+01  6.9170E-29  3.0730E-01
  1.8960E+01  6.8284E-29  3.0723E-01
  1.9147E+01  6.7411E-29  3.0716E-01
  1.9334E+01  6.6551E-29  3.0709E-01
  1.9524E+01  6.5705E-29  3.0702E-01
  1.9714E+01  6.4872E-29  3.0695E-01
  1.9906E+01  6.4051E-29  3.0688E-01
  2.0099E+01  6.3243E-29  3.0682E-01
  2.0294E+01  6.2447E-29  3.0675E-01
  2.0490E+01  6.1663E-29  3.0669E-01
  2.0688E+01  6.0890E-29  3.0662E-01
  2.0887E+01  6.0129E-29  3.0656E-01
  2.1087E+01  5.9380E-29  3.0649E-01
  2.1289E+01  5.8641E-29  3.0643E-01
  2.1492E+01  5.7913E-29  3.0637E-01
  2.1697E+01  5.7196E-29  3.0630E-01
  2.1903E+01  5.6489E-29  3.0624E-01
  2.2111E+01  5.5793E-29  3.0618E-01
  2.2320E+01  5.5106E-29  3.0612E-01
  2.2531E+01  5.4430E-29  3.0606E-01
  2.2743E+01  5.3763E-29  3.0600E-01
  2.2957E+01  5.3105E-29  3.0594E-01
  2.3172E+01  5.2457E-29  3.0588E-01
  2.3389E+01  5.1819E-29  3.0582E-01
  2.3607E+01  5.1189E-29  3.0576E-01
  2.3827E+01  5.0568E-29  3.0570E-01
  2.4049E+01  4.9956E-29  3.0565E-01
  2.4272E+01  4.9352E-29  3.0559E-01
  2.4497E+01  4.8756E-29  3.0553E-01
  2.4723E+01  4.8169E-29  3.0548E-01
  2.4951E+01  4.7590E-29  3.0542E-01
  2.5181E+01  4.7019E-29  3.0537E-01
  2.5412E+01  4.6456E-29  3.0531E-01
  2.5645E+01  4.5900E-29  3.0526E-01
  2.5880E+01  4.5352E-29  3.0520E-01
  2.6116E+01  4.4812E-29  3.0515E-01
  2.6354E+01  4.4279E-29  3.0510E-01
  2.6594E+01  4.3753E-29  3.0505E-01
  2.6835E+01  4.3234E-29  3.0499E-01
  2.7078E+01  4.2722E-29  3.0494E-01
  2.7323E+01  4.2217E-29  3.0489E-01
  2.7570E+01  4.1718E-29  3.0484E-01
  2.7819E+01  4.1226E-29  3.0479E-01
  2.8069E+01  4.0741E-29  3.0474E-01
  2.8321E+01  4.0262E-29  3.0469E-01
  2.8575E+01  3.9789E-29  3.0464E-01
  2.8831E+01  3.9323E-29  3.0459E-01
  2.9088E+01  3.8862E-29  3.0455E-01
  2.9348E+01  3.8408E-29  3.0450E-01
  2.9609E+01  3.7960E-29  3.0445E-01
  2.9872E+01  3.7517E-29  3.0440E-01
  3.0137E+01  3.7080E-29  3.0436E-01
  3.0404E+01  3.6649E-29  3.0431E-01
  3.0673E+01  3.6223E-29  3.0427E-01
  3.0944E+01  3.5803E-29  3.0422E-01
  3.1217E+01  3.5388E-29  3.0418E-01
  3.1492E+01  3.4978E-29  3.0413E-01
  3.1768E+01  3.4573E-29  3.0409E-01
  3.2047E+01  3.4174E-29  3.0404E-01
  3.2328E+01  3.3779E-29  3.0400E-01
  3.2611E+01  3.3389E-29  3.0396E-01
  3.2895E+01  3.3004E-29  3.0391E-01
  3.3182E+01  3.2624E-29  3.0387E-01
  3.3471E+01  3.2248E-29  3.0383E-01
  3.3762E+01  3.1877E-29  3.0379E-01
  3.4055E+01  3.1511E-29  3.0375E-01
  3.4350E+01  3.1149E-29  3.0371E-01
  3.4648E+01  3.0791E-29  3.0367E-01
  3.4947E+01  3.0438E-29  3.0363E-01
  3.5249E+01  3.0089E-29  3.0359E-01
  3.5553E+01  2.9745E-29  3.0355E-01
  3.5859E+01  2.9404E-29  3.0351E-01
  3.6167E+01  2.9068E-29  3.0347E-01
  3.6477E+01  2.8736E-29  3.0343E-01
  3.6790E+01  2.8407E-29  3.0339E-01
  3.7105E+01  2.8083E-29  3.0336E-01
  3.7422E+01  2.7763E-29  3.0332E-01
  3.7741E+01  2.7446E-29  3.0328E-01
  3.8063E+01  2.7134E-29  3.0324E-01
  3.8387E+01  2.6825E-29  3.0321E-01
  3.8713E+01  2.6520E-29  3.0317E-01
  3.9042E+01  2.6218E-29  3.0314E-01
  3.9373E+01  2.5920E-29  3.0310E-01
  3.9707E+01  2.5626E-29  3.0307E-01
  4.0043E+01  2.5335E-29  3.0303E-01
  4.0381E+01  2.5048E-29  3.0300E-01
  4.0722E+01  2.4764E-29  3.0296E-01
  4.1065E+01  2.4483E-29  3.0293E-01
  4.1411E+01  2.4206E-29  3.0290E-01
  4.1759E+01  2.3932E-29  3.0286E-01
  4.2109E+01  2.3662E-29  3.0283E-01
  4.2463E+01  2.3394E-29  3.0280E-01
  4.2818E+01  2.3130E-29  3.0276E-01
  4.3177E+01  2.2869E-29  3.0273E-01
  4.3538E+01  2.2611E-29  3.0270E-01
  4.3901E+01  2.2356E-29  3.0267E-01
  4.4267E+01  2.2104E-29  3.0264E-01
  4.4636E+01  2.1855E-29  3.0261E-01
  4.5007E+01  2.1609E-29  3.0258E-01
  4.5381E+01  2.1366E-29  3.0255E-01
  4.5758E+01  2.1126E-29  3.0252E-01
  4.6137E+01  2.0888E-29  3.0249E-01
  4.6520E+01  2.0654E-29  3.0246E-01
  4.6905E+01  2.0422E-29  3.0243E-01
  4.7292E+01  2.0193E-29  3.0240E-01
  4.7683E+01  1.9966E-29  3.0237E-01
  4.8076E+01  1.9742E-29  3.0234E-01
  4.8472E+01  1.9521E-29  3.0232E-01
  4.8871E+01  1.9303E-29  3.0229E-01
  4.9273E+01  1.9087E-29  3.0226E-01
  4.9678E+01  1.8873E-29  3.0223E-01
  5.0086E+01  1.8662E-29  3.0221E-01
  5.0496E+01  1.8454E-29  3.0218E-01
  5.0910E+01  1.8248E-29  3.0215E-01
  5.1326E+01  1.8044E-29  3.0213E-01
  5.1746E+01  1.7843E-29  3.0210E-01
  5.2168E+01  1.7644E-29  3.0208E-01
  5.2594E+01  1.7447E-29  3.0205E-01
  5.3023E+01  1.7253E-29  3.0203E-01
  5.3454E+01  1.7061E-29  3.0200E-01
  5.3889E+01  1.6871E-29  3.0198E-01
  5.4327E+01  1.6683E-29  3.0195E-01
  5.4769E+01  1.6498E-29  3.0193E-01
  5.5213E+01  1.6315E-29  3.0190E-01
  5.5660E+01  1.6133E-29  3.0188E-01
  5.6111E+01  1.5954E-29  3.0186E-01
  5.6565E+01  1.5777E-29  3.0183E-01
  5.7022E+01  1.5602E-29  3.0181E-01
  5.7483E+01  1.5430E-29  3.0179E-01
  5.7947E+01  1.5259E-29  3.0177E-01
  5.8414E+01  1.5090E-29  3.0174E-01
  5.8885E+01  1.4923E-29  3.0172E-01
  5.9359E+01  1.4758E-29  3.0170E-01
  5.9836E+01  1.4595E-29  3.0168E-01
  6.0317E+01  1.4433E-29  3.0166E-01
  6.0801E+01  1.4274E-29  3.0164E-01
  6.1289E+01  1.4116E-29  3.0161E-01
  6.1780E+01  1.3961E-29  3.0159E-01
  6.2275E+01  1.3807E-29  3.0157E-01
  6.2773E+01  1.3655E-29  3.0155E-01
  6.3275E+01  1.3504E-29  3.0153E-01
  6.3781E+01  1.3356E-29  3.0151E-01
  6.4290E+01  1.3209E-29  3.0149E-01
  6.4803E+01  1.3064E-29  3.0147E-01
  6.5320E+01  1.2920E-29  3.0146E-01
  6.5840E+01  1.2778E-29  3.0144E-01
  6.6364E+01  1.2638E-29  3.0142E-01
  6.6892E+01  1.2499E-29  3.0140E-01
  6.7423E+01  1.2362E-29  3.0138E-01
  6.7959E+01  1.2227E-29  3.0136E-01
  6.8498E+01  1.2093E-29  3.0134E-01
  6.9041E+01  1.1960E-29  3.0133E-01
  6.9588E+01  1.1829E-29  3.0131E-01
  7.0139E+01  1.1700E-29  3.0129E-01
  7.0694E+01  1.1572E-29  3.0127E-01
  7.1253E+01  1.1446E-29  3.0126E-01
  7.1816E+01  1.1321E-29  3.0124E-01
  7.2384E+01  1.1197E-29  3.0122E-01
  7.2955E+01  1.1075E-29  3.0121E-01
  7.3530E+01  1.0955E-29  3.0119E-01
  7.4109E+01  1.0835E-29  3.0117E-01
  7.4693E+01  1.0717E-29  3.0116E-01
  7.5281E+01  1.0601E-29  3.0114E-01
  7.5873E+01  1.0485E-29  3.0113E-01
  7.6469E+01  1.0372E-29  3.0111E-01
  7.7070E+01  1.0259E-29  3.0110E-01
  7.7675E+01  1.0148E-29  3.0108E-01
  7.8284E+01  1.0038E-29  3.0107E-01
  7.8897E+01  9.9287E-30  3.0105E-01
  7.9516E+01  9.8212E-30  3.0104E-01
  8.0138E+01  9.7148E-30  3.0102E-01
  8.0765E+01  9.6097E-30  3.0101E-01
  8.1397E+01  9.5058E-30  3.0099E-01
  8.2033E+01  9.4031E-30  3.0098E-01
  8.2673E+01  9.3015E-30  3.0097E-01
  8.3318E+01  9.2011E-30  3.0095E-01
  8.3968E+01  9.1019E-30  3.0094E-01
  8.4623E+01  9.0037E-30  3.0093E-01
  8.5282E+01  8.9067E-30  3.0091E-01
  8.5946E+01  8.8108E-30  3.0090E-01
  8.6615E+01  8.7160E-30  3.0089E-01
  8.7289E+01  8.6223E-30  3.0087E-01
  8.7967E+01  8.5296E-30  3.0086E-01
  8.8651E+01  8.4380E-30  3.0085E-01
  8.9339E+01  8.3474E-30  3.0084E-01
  9.0032E+01  8.2579E-30  3.0083E-01
  9.0730E+01  8.1693E-30  3.0081E-01
  9.1434E+01  8.0818E-30  3.0080E-01
  9.2142E+01  7.9953E-30  3.0079E-01
  9.2855E+01  7.9097E-30  3.0078E-01
  9.3574E+01  7.8251E-30  3.0077E-01
  9.4298E+01  7.7415E-30  3.0076E-01
  9.5027E+01  7.6588E-30  3.0075E-01
  9.5761E+01  7.5770E-30  3.0073E-01
  9.6500E+01  7.4961E-30  3.0072E-01
  9.7245E+01  7.4162E-30  3.0071E-01
  9.7995E+01  7.3372E-30  3.0070E-01
  9.8751E+01  7.2590E-30  3.0069E-01
  9.9512E+01  7.1818E-30  3.0068E-01
  1.0028E+02  7.1053E-30  3.0067E-01
  1.0105E+02  7.0298E-30  3.0066E-01
  1.0183E+02  6.9551E-30  3.0065E-01
  1.0261E+02  6.8812E-30  3.0064E-01
  1.0340E+02  6.8082E-30  3.0063E-01
  1.0419E+02  6.7359E-30  3.0062E-01
  1.0499E+02  6.6645E-30  3.0061E-01
  1.0580E+02  6.5939E-30  3.0060E-01
  1.0661E+02  6.5240E-30  3.0060E-01
  1.0743E+02  6.4550E-30  3.0059E-01
  1.0825E+02  6.3867E-30  3.0058E-01
  1.0908E+02  6.3191E-30  3.0057E-01
  1.0992E+02  6.2523E-30  3.0056E-01
  1.1076E+02  6.1862E-30  3.0055E-01
  1.1161E+02  6.1209E-30  3.0054E-01
  1.1246E+02  6.0563E-30  3.0053E-01
  1.1332E+02  5.9924E-30  3.0053E-01
  1.1419E+02  5.9292E-30  3.0052E-01
  1.1506E+02  5.8667E-30  3.0051E-01
  1.1594E+02  5.8048E-30  3.0050E-01
  1.1682E+02  5.7437E-30  3.0049E-01
  1.1771E+02  5.6832E-30  3.0049E-01
  1.1861E+02  5.6233E-30  3.0048E-01
  1.1951E+02  5.5642E-30  3.0047E-01
  1.2042E+02  5.5056E-30  3.0046E-01
  1.2134E+02  5.4477E-30  3.0046E-01
  1.2227E+02  5.3905E-30  3.0045E-01
  1.2320E+02  5.3338E-30  3.0044E-01
  1.2413E+02  5.2778E-30  3.0044E-01
  1.2508E+02  5.2223E-30  3.0043E-01
  1.2603E+02  5.1675E-30  3.0042E-01
  1.2698E+02  5.1132E-30  3.0042E-01
  1.2795E+02  5.0595E-30  3.0041E-01
  1.2892E+02  5.0064E-30  3.0040E-01
  1.2990E+02  4.9539E-30  3.0040E-01
  1.3088E+02  4.9019E-30  3.0039E-01
  1.3188E+02  4.8505E-30  3.0038E-01
  1.3288E+02  4.7996E-30  3.0038E-01
  1.3388E+02  4.7493E-30  3.0037E-01
  1.3490E+02  4.6995E-30  3.0037E-01
  1.3592E+02  4.6502E-30  3.0036E-01
  1.3695E+02  4.6014E-30  3.0035E-01
  1.3798E+02  4.5532E-30  3.0035E-01
  1.3903E+02  4.5054E-30  3.0034E-01
  1.4008E+02  4.4582E-30  3.0034E-01
  1.4113E+02  4.4114E-30  3.0033E-01
  1.4220E+02  4.3652E-30  3.0033E-01
  1.4327E+02  4.3194E-30  3.0032E-01
  1.4436E+02  4.2741E-30  3.0032E-01
  1.4545E+02  4.2293E-30  3.0031E-01
  1.4654E+02  4.1849E-30  3.0031E-01
  1.4765E+02  4.1410E-30  3.0030E-01
  1.4876E+02  4.0975E-30  3.0030E-01
  1.4988E+02  4.0545E-30  3.0029E-01
  1.5101E+02  4.0119E-30  3.0029E-01
  1.5215E+02  3.9698E-30  3.0028E-01
  1.5329E+02  3.9281E-30  3.0028E-01
  1.5445E+02  3.8868E-30  3.0027E-01
  1.5561E+02  3.8459E-30  3.0027E-01
  1.5678E+02  3.8055E-30  3.0026E-01
  1.5796E+02  3.7654E-30  3.0026E-01
  1.5915E+02  3.7258E-30  3.0026E-01
  1.6034E+02  3.6866E-30  3.0025E-01
  1.6155E+02  3.6477E-30  3.0025E-01
  1.6276E+02  3.6093E-30  3.0024E-01
  1.6398E+02  3.5712E-30  3.0024E-01
  1.6521E+02  3.5336E-30  3.0024E-01
  1.6645E+02  3.4963E-30  3.0023E-01
  1.6770E+02  3.4593E-30  3.0023E-01
  1.6896E+02  3.4228E-30  3.0022E-01
  1.7022E+02  3.3866E-30  3.0022E-01
  1.7150E+02  3.3508E-30  3.0022E-01
  1.7278E+02  3.3153E-30  3.0021E-01
  1.7408E+02  3.2802E-30  3.0021E-01
  1.7538E+02  3.2454E-30  3.0021E-01
  1.7669E+02  3.2109E-30  3.0020E-01
  1.7802E+02  3.1768E-30  3.0020E-01
  1.7935E+02  3.1431E-30  3.0020E-01
  1.8069E+02  3.1097E-30  3.0019E-01
  1.8204E+02  3.0766E-30  3.0019E-01
  1.8340E+02  3.0438E-30  3.0019E-01
  1.8477E+02  3.0113E-30  3.0018E-01
  1.8615E+02  2.9792E-30  3.0018E-01
  1.8754E+02  2.9474E-30  3.0018E-01
  1.8894E+02  2.9159E-30  3.0017E-01
  1.9035E+02  2.8847E-30  3.0017E-01
  1.9177E+02  2.8537E-30  3.0017E-01
  1.9320E+02  2.8231E-30  3.0017E-01
  1.9465E+02  2.7928E-30  3.0016E-01
  1.9610E+02  2.7628E-30  3.0016E-01
  1.9756E+02  2.7331E-30  3.0016E-01
  1.9903E+02  2.7037E-30  3.0016E-01
  2.0051E+02  2.6745E-30  3.0015E-01
  2.0201E+02  2.6457E-30  3.0015E-01
  2.0351E+02  2.6171E-30  3.0015E-01
  2.0503E+02  2.5888E-30  3.0014E-01
  2.0655E+02  2.5607E-30  3.0014E-01
  2.0809E+02  2.5330E-30  3.0014E-01
  2.0964E+02  2.5055E-30  3.0014E-01
  2.1120E+02  2.4782E-30  3.0014E-01
  2.1277E+02  2.4513E-30  3.0013E-01
  2.1435E+02  2.4246E-30  3.0013E-01
  2.1595E+02  2.3981E-30  3.0013E-01
  2.1755E+02  2.3719E-30  3.0013E-01
  2.1917E+02  2.3460E-30  3.0012E-01
  2.2079E+02  2.3203E-30  3.0012E-01
  2.2243E+02  2.2948E-30  3.0012E-01
  2.2409E+02  2.2696E-30  3.0012E-01
  2.2575E+02  2.2446E-30  3.0012E-01
  2.2742E+02  2.2199E-30  3.0011E-01
  2.2911E+02  2.1954E-30  3.0011E-01
  2.3081E+02  2.1712E-30  3.0011E-01
  2.3252E+02  2.1471E-30  3.0011E-01
  2.3425E+02  2.1233E-30  3.0011E-01
  2.3598E+02  2.0998E-30  3.0011E-01
  2.3773E+02  2.0765E-30  3.0010E-01
  2.3949E+02  2.0533E-30  3.0010E-01
  2.4127E+02  2.0305E-30  3.0010E-01
  2.4306E+02  2.0078E-30  3.0010E-01
  2.4486E+02  1.9853E-30  3.0010E-01
  2.4667E+02  1.9631E-30  3.0010E-01
  2.4850E+02  1.9411E-30  3.0009E-01
  2.5033E+02  1.9193E-30  3.0009E-01
  2.5219E+02  1.8977E-30  3.0009E-01
  2.5405E+02  1.8763E-30  3.0009E-01
  2.5593E+02  1.8551E-30  3.0009E-01
  2.5782E+02  1.8342E-30  3.0009E-01
  2.5973E+02  1.8134E-30  3.0008E-01
  2.6165E+02  1.7928E-30  3.0008E-01
  2.6358E+02  1.7725E-30  3.0008E-01
  2.6553E+02  1.7523E-30  3.0008E-01
  2.6749E+02  1.7323E-30  3.0008E-01
  2.6947E+02  1.7125E-30  3.0008E-01
  2.7146E+02  1.6929E-30  3.0008E-01
  2.7347E+02  1.6736E-30  3.0008E-01
  2.7548E+02  1.6544E-30  3.0007E-01
  2.7752E+02  1.6353E-30  3.0007E-01
  2.7957E+02  1.6165E-30  3.0007E-01
  2.8163E+02  1.5979E-30  3.0007E-01
  2.8371E+02  1.5794E-30  3.0007E-01
  2.8580E+02  1.5611E-30  3.0007E-01
  2.8791E+02  1.5430E-30  3.0007E-01
  2.9003E+02  1.5251E-30  3.0007E-01
  2.9217E+02  1.5074E-30  3.0007E-01
  2.9432E+02  1.4898E-30  3.0006E-01
  2.9649E+02  1.4724E-30  3.0006E-01
  2.9868E+02  1.4552E-30  3.0006E-01
  3.0088E+02  1.4381E-30  3.0006E-01
  3.0309E+02  1.4213E-30  3.0006E-01
  3.0532E+02  1.4045E-30  3.0006E-01
  3.0757E+02  1.3880E-30  3.0006E-01
  3.0984E+02  1.3716E-30  3.0006E-01
  3.1212E+02  1.3554E-30  3.0006E-01
  3.1442E+02  1.3394E-30  3.0006E-01
  3.1673E+02  1.3235E-30  3.0005E-01
  3.1906E+02  1.3078E-30  3.0005E-01
  3.2141E+02  1.2922E-30  3.0005E-01
  3.2377E+02  1.2768E-30  3.0005E-01
  3.2615E+02  1.2616E-30  3.0005E-01
  3.2855E+02  1.2465E-30  3.0005E-01
  3.3097E+02  1.2315E-30  3.0005E-01
  3.3340E+02  1.2167E-30  3.0005E-01
  3.3585E+02  1.2021E-30  3.0005E-01
  3.3832E+02  1.1876E-30  3.0005E-01
  3.4080E+02  1.1733E-30  3.0005E-01
  3.4331E+02  1.1591E-30  3.0005E-01
  3.4583E+02  1.1451E-30  3.0004E-01
  3.4837E+02  1.1312E-30  3.0004E-01
  3.5093E+02  1.1174E-30  3.0004E-01
  3.5350E+02  1.1038E-30  3.0004E-01
  3.5610E+02  1.0904E-30  3.0004E-01
  3.5871E+02  1.0770E-30  3.0004E-01
  3.6135E+02  1.0639E-30  3.0004E-01
  3.6400E+02  1.0508E-30  3.0004E-01
  3.6667E+02  1.0379E-30  3.0004E-01
  3.6936E+02  1.0252E-30  3.0004E-01
  3.7207E+02  1.0125E-30  3.0004E-01
  3.7480E+02  1.0000E-30  3.0004E-01
  3.7755E+02  9.8766E-31  3.0004E-01
  3.8031E+02  9.7543E-31  3.0004E-01
  3.8310E+02  9.6333E-31  3.0004E-01
  3.8591E+02  9.5136E-31  3.0004E-01
  3.8874E+02  9.3952E-31  3.0003E-01
  3.9159E+02  9.2781E-31  3.0003E-01
  3.9446E+02  9.1622E-31  3.0003E-01
  3.9735E+02  9.0476E-31  3.0003E-01
  4.0026E+02  8.9343E-31  3.0003E-01
  4.0319E+02  8.8222E-31  3.0003E-01
  4.0614E+02  8.7113E-31  3.0003E-01
  4.0912E+02  8.6016E-31  3.0003E-01
  4.1211E+02  8.4932E-31  3.0003E-01
  4.1513E+02  8.3859E-31  3.0003E-01
  4.1817E+02  8.2798E-31  3.0003E-01
  4.2123E+02  8.1749E-31  3.0003E-01
  4.2431E+02  8.0712E-31  3.0003E-01
  4.2742E+02  7.9686E-31  3.0003E-01
  4.3054E+02  7.8671E-31  3.0003E-01
  4.3369E+02  7.7668E-31  3.0003E-01
  4.3687E+02  7.6677E-31  3.0003E-01
  4.4006E+02  7.5696E-31  3.0003E-01
  4.4328E+02  7.4727E-31  3.0003E-01
  4.4652E+02  7.3768E-31  3.0003E-01
  4.4979E+02  7.2820E-31  3.0003E-01
  4.5308E+02  7.1883E-31  3.0003E-01
  4.5639E+02  7.0957E-31  3.0002E-01
  4.5972E+02  7.0042E-31  3.0002E-01
  4.6308E+02  6.9136E-31  3.0002E-01
  4.6647E+02  6.8242E-31  3.0002E-01
  4.6988E+02  6.7357E-31  3.0002E-01
  4.7331E+02  6.6483E-31  3.0002E-01
  4.7677E+02  6.5619E-31  3.0002E-01
  4.8025E+02  6.4765E-31  3.0002E-01
  4.8376E+02  6.3921E-31  3.0002E-01
  4.8729E+02  6.3087E-31  3.0002E-01
  4.9085E+02  6.2262E-31  3.0002E-01
  4.9443E+02  6.1447E-31  3.0002E-01
  4.9804E+02  6.0642E-31  3.0002E-01
  5.0168E+02  5.9846E-31  3.0002E-01
  5.0534E+02  5.9060E-31  3.0002E-01
  5.0903E+02  5.8283E-31  3.0002E-01
  5.1275E+02  5.7515E-31  3.0002E-01
  5.1649E+02  5.6756E-31  3.0002E-01
  5.2026E+02  5.6007E-31  3.0002E-01
  5.2405E+02  5.5266E-31  3.0002E-01
  5.2788E+02  5.4534E-31  3.0002E-01
  5.3173E+02  5.3811E-31  3.0002E-01
  5.3560E+02  5.3097E-31  3.0002E-01
  5.3951E+02  5.2391E-31  3.0002E-01
  5.4345E+02  5.1694E-31  3.0002E-01
  5.4741E+02  5.1005E-31  3.0002E-01
  5.5140E+02  5.0325E-31  3.0002E-01
  5.5542E+02  4.9653E-31  3.0002E-01
  5.5947E+02  4.8990E-31  3.0002E-01
  5.6355E+02  4.8334E-31  3.0002E-01
  5.6765E+02  4.7686E-31  3.0002E-01
  5.7179E+02  4.7047E-31  3.0002E-01
  5.7596E+02  4.6415E-31  3.0002E-01
  5.8016E+02  4.5791E-31  3.0001E-01
  5.8438E+02  4.5175E-31  3.0001E-01
  5.8864E+02  4.4567E-31  3.0001E-01
  5.9293E+02  4.3966E-31  3.0001E-01
  5.9725E+02  4.3372E-31  3.0001E-01
  6.0160E+02  4.2786E-31  3.0001E-01
  6.0598E+02  4.2208E-31  3.0001E-01
  6.1039E+02  4.1636E-31  3.0001E-01
  6.1484E+02  4.1072E-31  3.0001E-01
  6.1931E+02  4.0515E-31  3.0001E-01
  6.2382E+02  3.9965E-31  3.0001E-01
  6.2836E+02  3.9422E-31  3.0001E-01
  6.3294E+02  3.8886E-31  3.0001E-01
  6.3755E+02  3.8357E-31  3.0001E-01
  6.4219E+02  3.7834E-31  3.0001E-01
  6.4686E+02  3.7318E-31  3.0001E-01
  6.5157E+02  3.6809E-31  3.0001E-01
  6.5631E+02  3.6306E-31  3.0001E-01
  6.6108E+02  3.5810E-31  3.0001E-01
  6.6589E+02  3.5320E-31  3.0001E-01
  6.7074E+02  3.4836E-31  3.0001E-01
  6.7562E+02  3.4359E-31  3.0001E-01
  6.8053E+02  3.3888E-31  3.0001E-01
  6.8548E+02  3.3423E-31  3.0001E-01
  6.9047E+02  3.2964E-31  3.0001E-01
  6.9549E+02  3.2511E-31  3.0001E-01
  7.0055E+02  3.2064E-31  3.0001E-01
  7.0564E+02  3.1623E-31  3.0001E-01
  7.1077E+02  3.1188E-31  3.0001E-01
  7.1594E+02  3.0758E-31  3.0001E-01
  7.2114E+02  3.0334E-31  3.0001E-01
  7.2639E+02  2.9916E-31  3.0001E-01
  7.3167E+02  2.9503E-31  3.0001E-01
  7.3698E+02  2.9095E-31  3.0001E-01
  7.4234E+02  2.8693E-31  3.0001E-01
  7.4773E+02  2.8297E-31  3.0001E-01
  7.5317E+02  2.7905E-31  3.0001E-01
  7.5864E+02  2.7519E-31  3.0001E-01
  7.6415E+02  2.7138E-31  3.0001E-01
  7.6970E+02  2.6762E-31  3.0001E-01
  7.7530E+02  2.6391E-31  3.0001E-01
  7.8093E+02  2.6026E-31  3.0001E-01
  7.8660E+02  2.5665E-31  3.0001E-01
  7.9231E+02  2.5309E-31  3.0001E-01
  7.9807E+02  2.4957E-31  3.0001E-01
  8.0387E+02  2.4611E-31  3.0001E-01
  8.0970E+02  2.4269E-31  3.0001E-01
  8.1558E+02  2.3932E-31  3.0001E-01
  8.2151E+02  2.3599E-31  3.0001E-01
  8.2747E+02  2.3271E-31  3.0001E-01
  8.3348E+02  2.2947E-31  3.0001E-01
  8.3953E+02  2.2628E-31  3.0001E-01
  8.4562E+02  2.2313E-31  3.0001E-01
  8.5176E+02  2.2003E-31  3.0001E-01
  8.5795E+02  2.1696E-31  3.0001E-01
  8.6417E+02  2.1394E-31  3.0001E-01
  8.7044E+02  2.1096E-31  3.0001E-01
  8.7676E+02  2.0802E-31  3.0001E-01
  8.8312E+02  2.0513E-31  3.0001E-01
  8.8953E+02  2.0227E-31  3.0001E-01
  8.9599E+02  1.9945E-31  3.0001E-01
  9.0249E+02  1.9667E-31  3.0001E-01
  9.0904E+02  1.9393E-31  3.0001E-01
  9.1563E+02  1.9123E-31  3.0001E-01
  9.2227E+02  1.8856E-31  3.0001E-01
  9.2896E+02  1.8593E-31  3.0001E-01
  9.3570E+02  1.8334E-31  3.0001E-01
  9.4249E+02  1.8079E-31  3.0001E-01
  9.4933E+02  1.7827E-31  3.0001E-01
  9.5621E+02  1.7578E-31  3.0001E-01
  9.6315E+02  1.7333E-31  3.0001E-01
  9.7013E+02  1.7092E-31  3.0001E-01
  9.7717E+02  1.6853E-31  3.0001E-01
  9.8425E+02  1.6619E-31  3.0001E-01
  9.9139E+02  1.6387E-31  3.0001E-01
  9.9858E+02  1.6159E-31  3.0000E-01
  1.0058E+03  1.5934E-31  3.0000E-01
  1.0131E+03  1.5712E-31  3.0000E-01
  1.0205E+03  1.5493E-31  3.0000E-01
  1.0278E+03  1.5277E-31  3.0000E-01
  1.0353E+03  1.5065E-31  3.0000E-01
  1.0428E+03  1.4855E-31  3.0000E-01
  1.0504E+03  1.4649E-31  3.0000E-01
  1.0580E+03  1.4445E-31  3.0000E-01
  1.0656E+03  1.4244E-31  3.0000E-01
  1.0734E+03  1.4046E-31  3.0000E-01
  1.0811E+03  1.3851E-31  3.0000E-01
  1.0890E+03  1.3659E-31  3.0000E-01
  1.0969E+03  1.3469E-31  3.0000E-01
  1.1048E+03  1.3282E-31  3.0000E-01
  1.1128E+03  1.3098E-31  3.0000E-01
  1.1209E+03  1.2916E-31  3.0000E-01
  1.1290E+03  1.2737E-31  3.0000E-01
  1.1372E+03  1.2561E-31  3.0000E-01
  1.1454E+03  1.2387E-31  3.0000E-01
  1.1537E+03  1.2215E-31  3.0000E-01
  1.1621E+03  1.2046E-31  3.0000E-01
  1.1705E+03  1.1880E-31  3.0000E-01
  1.1790E+03  1.1715E-31  3.0000E-01
  1.1875E+03  1.1554E-31  3.0000E-01
  1.1961E+03  1.1394E-31  3.0000E-01
  1.2048E+03  1.1237E-31  3.0000E-01
  1.2135E+03  1.1082E-31  3.0000E-01
  1.2223E+03  1.0929E-31  3.0000E-01
  1.2311E+03  1.0779E-31  3.0000E-01
  1.2400E+03  1.0631E-31  3.0000E-01
  1.2490E+03  1.0484E-31  3.0000E-01
  1.2581E+03  1.0340E-31  3.0000E-01
  1.2672E+03  1.0198E-31  3.0000E-01
  1.2763E+03  1.0058E-31  3.0000E-01
  1.2856E+03  9.9203E-32  3.0000E-01
  1.2949E+03  9.7843E-32  3.0000E-01
  1.3043E+03  9.6503E-32  3.0000E-01
  1.3137E+03  9.5184E-32  3.0000E-01
  1.3232E+03  9.3882E-32  3.0000E-01
  1.3328E+03  9.2600E-32  3.0000E-01
  1.3424E+03  9.1336E-32  3.0000E-01
  1.3522E+03  9.0090E-32  3.0000E-01
  1.3619E+03  8.8863E-32  3.0000E-01
  1.3718E+03  8.7653E-32  3.0000E-01
  1.3817E+03  8.6461E-32  3.0000E-01
  1.3917E+03  8.5286E-32  3.0000E-01
  1.4018E+03  8.4128E-32  3.0000E-01
  1.4119E+03  8.2988E-32  3.0000E-01
  1.4222E+03  8.1862E-32  3.0000E-01
  1.4324E+03  8.0755E-32  3.0000E-01
  1.4428E+03  7.9663E-32  3.0000E-01
  1.4532E+03  7.8586E-32  3.0000E-01
  1.4638E+03  7.7526E-32  3.0000E-01
  1.4743E+03  7.6480E-32  3.0000E-01
  1.4850E+03  7.5452E-32  3.0000E-01
  1.4958E+03  7.4436E-32  3.0000E-01
  1.5066E+03  7.3436E-32  3.0000E-01
  1.5175E+03  7.2450E-32  3.0000E-01
  1.5284E+03  7.1479E-32  3.0000E-01
  1.5395E+03  7.0522E-32  3.0000E-01
  1.5506E+03  6.9578E-32  3.0000E-01
  1.5618E+03  6.8649E-32  3.0000E-01
  1.5731E+03  6.7732E-32  3.0000E-01
  1.5845E+03  6.6831E-32  3.0000E-01
  1.5960E+03  6.5940E-32  3.0000E-01
  1.6075E+03  6.5065E-32  3.0000E-01
  1.6191E+03  6.4199E-32  3.0000E-01
  1.6309E+03  6.3349E-32  3.0000E-01
  1.6426E+03  6.2509E-32  3.0000E-01
  1.6545E+03  6.1683E-32  3.0000E-01
  1.6665E+03  6.0868E-32  3.0000E-01
  1.6785E+03  6.0065E-32  3.0000E-01
  1.6907E+03  5.9274E-32  3.0000E-01
  1.7029E+03  5.8494E-32  3.0000E-01
  1.7152E+03  5.7725E-32  3.0000E-01
  1.7276E+03  5.6968E-32  3.0000E-01
  1.7401E+03  5.6222E-32  3.0000E-01
  1.7527E+03  5.5487E-32  3.0000E-01
  1.7653E+03  5.4761E-32  3.0000E-01
  1.7781E+03  5.4048E-32  3.0000E-01
  1.7909E+03  5.3343E-32  3.0000E-01
  1.8039E+03  5.2650E-32  3.0000E-01
  1.8169E+03  5.1965E-32  3.0000E-01
  1.8301E+03  5.1293E-32  3.0000E-01
  1.8433E+03  5.0627E-32  3.0000E-01
  1.8566E+03  4.9975E-32  3.0000E-01
  1.8700E+03  4.9327E-32  3.0000E-01
  1.8835E+03  4.8694E-32  3.0000E-01
  1.8972E+03  4.8066E-32  3.0000E-01
  1.9109E+03  4.7449E-32  3.0000E-01
  1.9247E+03  4.6841E-32  3.0000E-01
  1.9386E+03  4.6240E-32  3.0000E-01
  1.9526E+03  4.5651E-32  3.0000E-01
  1.9667E+03  4.5065E-32  3.0000E-01
  1.9809E+03  4.4495E-32  3.0000E-01
  1.9952E+03  4.3926E-32  3.0000E-01
  2.0096E+03  4.3370E-32  3.0000E-01
  2.0242E+03  4.2820E-32  3.0000E-01
  2.0388E+03  4.2276E-32  3.0000E-01
  2.0535E+03  4.1746E-32  3.0000E-01
  2.0683E+03  4.1215E-32  3.0000E-01
  2.0833E+03  4.0698E-32  3.0000E-01
  2.0983E+03  4.0188E-32  3.0000E-01
  2.1135E+03  3.9679E-32  3.0000E-01
  2.1288E+03  3.9187E-32  3.0000E-01
  2.1441E+03  3.8694E-32  3.0000E-01
  2.1596E+03  3.8208E-32  3.0000E-01
  2.1752E+03  3.7738E-32  3.0000E-01
  2.1909E+03  3.7263E-32  3.0000E-01
  2.2068E+03  3.6800E-32  3.0000E-01
  2.2227E+03  3.6350E-32  3.0000E-01
  2.2388E+03  3.5892E-32  3.0000E-01
  2.2549E+03  3.5448E-32  3.0000E-01
  2.2712E+03  3.5018E-32  3.0000E-01
  2.2876E+03  3.4579E-32  3.0000E-01
  2.3041E+03  3.4148E-32  3.0000E-01
  2.3208E+03  3.3739E-32  3.0000E-01
  2.3375E+03  3.3320E-32  3.0000E-01
  2.3544E+03  3.2898E-32  3.0000E-01
  2.3714E+03  3.2501E-32  3.0000E-01
  2.3885E+03  3.2112E-32  3.0000E-01
  2.4058E+03  3.1704E-32  3.0000E-01
  2.4232E+03  3.1301E-32  3.0000E-01
  2.4407E+03  3.0934E-32  3.0000E-01
  2.4583E+03  3.0576E-32  3.0000E-01
  2.4760E+03  3.0193E-32  3.0000E-01
  2.4939E+03  2.9802E-32  3.0000E-01
  2.5119E+03  2.9449E-32  3.0000E-01
  2.5300E+03  2.9142E-32  3.0000E-01
  2.5483E+03  2.8836E-32  3.0000E-01
  2.5667E+03  2.8483E-32  3.0000E-01
  2.5852E+03  2.8079E-32  3.0000E-01
  2.6039E+03  2.7654E-32  3.0000E-01
  2.6227E+03  2.7244E-32  3.0000E-01
  2.6416E+03  2.6867E-32  3.0000E-01
  2.6607E+03  2.6529E-32  3.0000E-01
  2.6799E+03  2.6221E-32  3.0000E-01
  2.6993E+03  2.5932E-32  3.0000E-01
  2.7187E+03  2.5655E-32  3.0000E-01
  2.7384E+03  2.5383E-32  3.0000E-01
  2.7581E+03  2.5115E-32  3.0000E-01
  2.7780E+03  2.4849E-32  3.0000E-01
  2.7981E+03  2.4583E-32  3.0000E-01
  2.8183E+03  2.4318E-32  3.0000E-01
  2.8386E+03  2.4054E-32  3.0000E-01
  2.8591E+03  2.3792E-32  3.0000E-01
  2.8798E+03  2.3532E-32  3.0000E-01
  2.9005E+03  2.3274E-32  3.0000E-01
  2.9215E+03  2.3018E-32  3.0000E-01
  2.9426E+03  2.2765E-32  3.0000E-01
  2.9638E+03  2.2515E-32  3.0000E-01
  2.9852E+03  2.2267E-32  3.0000E-01
  3.0067E+03  2.2022E-32  3.0000E-01
  3.0284E+03  2.1780E-32  3.0000E-01
  3.0503E+03  2.1541E-32  3.0000E-01
  3.0723E+03  2.1305E-32  3.0000E-01
  3.0945E+03  2.1071E-32  3.0000E-01
  3.1168E+03  2.0841E-32  3.0000E-01
  3.1393E+03  2.0613E-32  3.0000E-01
  3.1619E+03  2.0388E-32  3.0000E-01
  3.1848E+03  2.0166E-32  3.0000E-01
  3.2077E+03  1.9946E-32  3.0000E-01
  3.2309E+03  1.9730E-32  3.0000E-01
  3.2542E+03  1.9516E-32  3.0000E-01
  3.2777E+03  1.9305E-32  3.0000E-01
  3.3013E+03  1.9097E-32  3.0000E-01
  3.3251E+03  1.8891E-32  3.0000E-01
  3.3491E+03  1.8688E-32  3.0000E-01
  3.3733E+03  1.8487E-32  3.0000E-01
  3.3976E+03  1.8290E-32  3.0000E-01
  3.4221E+03  1.8094E-32  3.0000E-01
  3.4468E+03  1.7902E-32  3.0000E-01
  3.4717E+03  1.7712E-32  3.0000E-01
  3.4967E+03  1.7524E-32  3.0000E-01
  3.5220E+03  1.7339E-32  3.0000E-01
  3.5474E+03  1.7156E-32  3.0000E-01
  3.5730E+03  1.6976E-32  3.0000E-01
  3.5987E+03  1.6797E-32  3.0000E-01
  3.6247E+03  1.6622E-32  3.0000E-01
  3.6509E+03  1.6448E-32  3.0000E-01
  3.6772E+03  1.6277E-32  3.0000E-01
  3.7037E+03  1.6108E-32  3.0000E-01
  3.7304E+03  1.5941E-32  3.0000E-01
  3.7573E+03  1.5777E-32  3.0000E-01
  3.7844E+03  1.5615E-32  3.0000E-01
  3.8117E+03  1.5454E-32  3.0000E-01
  3.8392E+03  1.5296E-32  3.0000E-01
  3.8669E+03  1.5140E-32  3.0000E-01
  3.8948E+03  1.4986E-32  3.0000E-01
  3.9229E+03  1.4834E-32  3.0000E-01
  3.9512E+03  1.4684E-32  3.0000E-01
  3.9797E+03  1.4536E-32  3.0000E-01
  4.0084E+03  1.4389E-32  3.0000E-01
  4.0373E+03  1.4245E-32  3.0000E-01
  4.0664E+03  1.4102E-32  3.0000E-01
  4.0958E+03  1.3962E-32  3.0000E-01
  4.1253E+03  1.3823E-32  3.0000E-01
  4.1551E+03  1.3686E-32  3.0000E-01
  4.1850E+03  1.3551E-32  3.0000E-01
  4.2152E+03  1.3417E-32  3.0000E-01
  4.2456E+03  1.3285E-32  3.0000E-01
  4.2762E+03  1.3155E-32  3.0000E-01
  4.3071E+03  1.3027E-32  3.0000E-01
  4.3381E+03  1.2900E-32  3.0000E-01
  4.3694E+03  1.2775E-32  3.0000E-01
  4.4009E+03  1.2651E-32  3.0000E-01
  4.4327E+03  1.2529E-32  3.0000E-01
  4.4646E+03  1.2409E-32  3.0000E-01
  4.4968E+03  1.2290E-32  3.0000E-01
  4.5292E+03  1.2173E-32  3.0000E-01
  4.5619E+03  1.2057E-32  3.0000E-01
  4.5948E+03  1.1942E-32  3.0000E-01
  4.6279E+03  1.1829E-32  3.0000E-01
  4.6613E+03  1.1718E-32  3.0000E-01
  4.6949E+03  1.1608E-32  3.0000E-01
  4.7288E+03  1.1499E-32  3.0000E-01
  4.7629E+03  1.1391E-32  3.0000E-01
  4.7972E+03  1.1285E-32  3.0000E-01
  4.8318E+03  1.1181E-32  3.0000E-01
  4.8666E+03  1.1077E-32  3.0000E-01
  4.9017E+03  1.0975E-32  3.0000E-01
  4.9371E+03  1.0874E-32  3.0000E-01
  4.9727E+03  1.0775E-32  3.0000E-01
  5.0085E+03  1.0676E-32  3.0000E-01
  5.0446E+03  1.0579E-32  3.0000E-01
  5.0810E+03  1.0483E-32  3.0000E-01
  5.1176E+03  1.0389E-32  3.0000E-01
  5.1545E+03  1.0295E-32  3.0000E-01
  5.1917E+03  1.0203E-32  3.0000E-01
  5.2291E+03  1.0111E-32  3.0000E-01
  5.2668E+03  1.0021E-32  3.0000E-01
  5.3048E+03  9.9321E-33  3.0000E-01
  5.3430E+03  9.8442E-33  3.0000E-01
  5.3816E+03  9.7573E-33  3.0000E-01
  5.4204E+03  9.6715E-33  3.0000E-01
  5.4594E+03  9.5867E-33  3.0000E-01
  5.4988E+03  9.5030E-33  3.0000E-01
  5.5384E+03  9.4203E-33  3.0000E-01
  5.5784E+03  9.3386E-33  3.0000E-01
  5.6186E+03  9.2579E-33  3.0000E-01
  5.6591E+03  9.1781E-33  3.0000E-01
  5.6999E+03  9.0993E-33  3.0000E-01
  5.7410E+03  9.0215E-33  3.0000E-01
  5.7824E+03  8.9446E-33  3.0000E-01
  5.8240E+03  8.8687E-33  3.0000E-01
  5.8660E+03  8.7936E-33  3.0000E-01
  5.9083E+03  8.7195E-33  3.0000E-01
  5.9509E+03  8.6462E-33  3.0000E-01
  5.9938E+03  8.5738E-33  3.0000E-01
  6.0370E+03  8.5023E-33  3.0000E-01
  6.0805E+03  8.4316E-33  3.0000E-01
  6.1243E+03  8.3618E-33  3.0000E-01
  6.1685E+03  8.2927E-33  3.0000E-01
  6.2130E+03  8.2245E-33  3.0000E-01
  6.2577E+03  8.1572E-33  3.0000E-01
  6.3028E+03  8.0906E-33  3.0000E-01
  6.3483E+03  8.0248E-33  3.0000E-01
  6.3940E+03  7.9597E-33  3.0000E-01
  6.4401E+03  7.8955E-33  3.0000E-01
  6.4865E+03  7.8319E-33  3.0000E-01
  6.5333E+03  7.7692E-33  3.0000E-01
  6.5804E+03  7.7071E-33  3.0000E-01
  6.6278E+03  7.6458E-33  3.0000E-01
  6.6756E+03  7.5852E-33  3.0000E-01
  6.7237E+03  7.5253E-33  3.0000E-01
  6.7722E+03  7.4661E-33  3.0000E-01
  6.8210E+03  7.4075E-33  3.0000E-01
  6.8701E+03  7.3497E-33  3.0000E-01
  6.9196E+03  7.2925E-33  3.0000E-01
  6.9695E+03  7.2360E-33  3.0000E-01
  7.0197E+03  7.1801E-33  3.0000E-01
  7.0703E+03  7.1249E-33  3.0000E-01
  7.1213E+03  7.0703E-33  3.0000E-01
  7.1726E+03  7.0163E-33  3.0000E-01
  7.2243E+03  6.9629E-33  3.0000E-01
  7.2764E+03  6.9102E-33  3.0000E-01
  7.3288E+03  6.8580E-33  3.0000E-01
  7.3816E+03  6.8065E-33  3.0000E-01
  7.4348E+03  6.7555E-33  3.0000E-01
  7.4884E+03  6.7051E-33  3.0000E-01
  7.5424E+03  6.6553E-33  3.0000E-01
  7.5967E+03  6.6060E-33  3.0000E-01
  7.6515E+03  6.5573E-33  3.0000E-01
  7.7066E+03  6.5091E-33  3.0000E-01
  7.7622E+03  6.4615E-33  3.0000E-01
  7.8181E+03  6.4144E-33  3.0000E-01
  7.8744E+03  6.3678E-33  3.0000E-01
  7.9312E+03  6.3217E-33  3.0000E-01
  7.9883E+03  6.2762E-33  3.0000E-01
  8.0459E+03  6.2312E-33  3.0000E-01
  8.1039E+03  6.1866E-33  3.0000E-01
  8.1623E+03  6.1426E-33  3.0000E-01
  8.2211E+03  6.0990E-33  3.0000E-01
  8.2803E+03  6.0559E-33  3.0000E-01
  8.3400E+03  6.0133E-33  3.0000E-01
  8.4001E+03  5.9712E-33  3.0000E-01
  8.4606E+03  5.9295E-33  3.0000E-01
  8.5216E+03  5.8883E-33  3.0000E-01
  8.5830E+03  5.8475E-33  3.0000E-01
  8.6449E+03  5.8072E-33  3.0000E-01
  8.7071E+03  5.7673E-33  3.0000E-01
  8.7699E+03  5.7279E-33  3.0000E-01
  8.8331E+03  5.6888E-33  3.0000E-01
  8.8967E+03  5.6502E-33  3.0000E-01
  8.9608E+03  5.6121E-33  3.0000E-01
  9.0249E+03  5.6121E-33  3.0000E-01
