  2.5000E-02  7.2819E-28  3.0000E-01
  7.5180E-02  5.9181E-28  3.0000E-01
  1.2572E-01  5.5095E-28  3.0000E-01
  1.7663E-01  5.2614E-28  3.0000E-01
  2.2790E-01  5.0708E-28  3.0000E-01
  2.7954E-01  4.9089E-28  3.0000E-01
  3.3155E-01  4.7645E-28  3.0000E-01
  3.8394E-01  4.6322E-28  3.0000E-01
  4.3670E-01  4.5091E-28  3.0000E-01
  4.8985E-01  4.3935E-28  3.0000E-01
  5.4337E-01  4.2841E-28  3.0000E-01
  5.9729E-01  4.1801E-28  3.0000E-01
  6.5159E-01  4.0810E-28  3.0000E-01
  7.0628E-01  3.9863E-28  3.0000E-01
  7.6136E-01  3.8955E-28  3.0000E-01
  8.1685E-01  3.8085E-28  3.0000E-01
  8.7273E-01  3.7249E-28  3.0000E-01
  9.2901E-01  3.6445E-28  3.0000E-01
  9.8570E-01  3.5671E-28  3.0000E-01
  1.0428E+00  3.4925E-28  3.0000E-01
  1.1003E+00  3.4206E-28  3.0000E-01
  1.1582E+00  3.3513E-28  3.0000E-01
  1.2166E+00  3.2843E-28  3.0000E-01
  1.2753E+00  3.2196E-28  3.0000E-01
  1.3345E+00  3.1571E-28  3.0000E-01
  1.3941E+00  3.0967E-28  3.0000E-01
  1.4542E+00  3.0382E-28  3.0000E-01
  1.5146E+00  2.9815E-28  3.0000E-01
  1.5755E+00  2.9267E-28  3.0000E-01
  1.6369E+00  2.8736E-28  3.0000E-01
  1.6987E+00  2.8221E-28  3.0000E-01
  1.7609E+00  2.7722E-28  3.0000E-01
  1.8236E+00  2.7238E-28  3.0000E-01
  1.8867E+00  2.6768E-28  3.0000E-01
  1.9503E+00  2.6312E-28  3.0000E-01
  2.0143E+00  2.5869E-28  3.0000E-01
  2.0788E+00  2.5439E-28  3.0000E-01
  2.1438E+00  2.5021E-28  3.0000E-01
  2.2092E+00  2.4615E-28  3.0000E-01
  2.2751E+00  2.4221E-28  3.0000E-01
  2.3415E+00  2.3837E-28  3.0000E-01
  2.4084E+00  2.3463E-28  3.0000E-01
  2.4757E+00  2.3100E-28  3.0000E-01
  2.5435E+00  2.2746E-28  3.0000E-01
  2.6119E+00  2.2401E-28  3.0000E-01
  2.6807E+00  2.2066E-28  3.0000E-01
  2.7500E+00  2.1739E-28  3.0000E-01
  2.8198E+00  2.1421E-28  3.0000E-01
  2.8901E+00  2.1110E-28  3.0000E-01
  2.9609E+00  2.0807E-28  3.0000E-01
  3.0322E+00  2.0512E-28  3.0000E-01
  3.1040E+00  2.0224E-28  3.0000E-01
  3.1764E+00  1.9943E-28  3.0000E-01
  3.2492E+00  1.9669E-28  3.0000E-01
  3.3226E+00  1.9402E-28  3.0000E-01
  3.3966E+00  1.9140E-28  3.0000E-01
  3.4710E+00  1.8885E-28  3.0000E-01
  3.5460E+00  1.8636E-28  3.0000E-01
  3.6215E+00  1.8392E-28  3.0000E-01
  3.6976E+00  1.8154E-28  3.0000E-01
  3.7742E+00  1.7922E-28  3.0000E-01
  3.8514E+00  1.7694E-28  3.0000E-01
  3.9291E+00  1.7472E-28  3.0000E-01
  4.0074E+00  1.7254E-28  3.0000E-01
  4.0863E+00  1.7041E-28  3.0000E-01
  4.1657E+00  1.6833E-28  3.0000E-01
  4.2457E+00  1.6629E-28  3.0000E-01
  4.3263E+00  1.6429E-28  3.0000E-01
  4.4074E+00  1.6234E-28  3.0000E-01
  4.4891E+00  1.6042E-28  3.0000E-01
  4.5715E+00  1.5855E-28  3.0000E-01
  4.6544E+00  1.5671E-28  3.0000E-01
  4.7379E+00  1.5491E-28  3.0000E-01
  4.8220E+00  1.5315E-28  3.0000E-01
  4.9067E+00  1.5142E-28  3.0000E-01
  4.9921E+00  1.4972E-28  3.0000E-01
  5.0780E+00  1.4806E-28  3.0000E-01
  5.1646E+00  1.4643E-28  3.0000E-01
  5.2517E+00  1.4483E-28  3.0000E-01
  5.3396E+00  1.4326E-28  3.0000E-01
  5.4280E+00  1.4172E-28  3.0000E-01
  5.5171E+00  1.4021E-28  3.0000E-01
  5.6068E+00  1.3873E-28  3.0000E-01
  5.6972E+00  1.3727E-28  3.0000E-01
  5.7882E+00  1.3584E-28  3.0000E-01
  5.8799E+00  1.3444E-28  3.0000E-01
  5.9722E+00  1.3306E-28  3.0000E-01
  6.0652E+00  1.3170E-28  3.0000E-01
  6.1589E+00  1.3037E-28  3.0000E-01
  6.2532E+00  1.2906E-28  3.0000E-01
  6.3482E+00  1.2778E-28  3.0000E-01
  6.4439E+00  1.2651E-28  3.0000E-01
  6.5403E+00  1.2527E-28  3.0000E-01
  6.6374E+00  1.2405E-28  3.0000E-01
  6.7352E+00  1.2284E-28  3.0000E-01
  6.8337E+00  1.2166E-28  3.0000E-01
  6.9329E+00  1.2050E-28  3.0000E-01
  7.0328E+00  1.1935E-28  3.0000E-01
  7.1335E+00  1.1823E-28  3.0000E-01
  7.2348E+00  1.1712E-28  3.0000E-01
  7.3369E+00  1.1602E-28  3.0000E-01
  7.4398E+00  1.1495E-28  3.0000E-01
  7.5433E+00  1.1389E-28  3.0000E-01
  7.6476E+00  1.1285E-28  3.0000E-01
  7.7527E+00  1.1182E-28  3.0000E-01
  7.8585E+00  1.1081E-28  3.0000E-01
  7.9651E+00  1.0981E-28  3.0000E-01
  8.0724E+00  1.0883E-28  3.0000E-01
  8.1806E+00  1.0787E-28  3.0000E-01
  8.2895E+00  1.0691E-28  3.0000E-01
  8.3991E+00  1.0597E-28  3.0000E-01
  8.5096E+00  1.0505E-28  3.0000E-01
  8.6209E+00  1.0413E-28  3.0000E-01
  8.7330E+00  1.0323E-28  3.0000E-01
  8.8458E+00  1.0234E-28  3.0000E-01
  8.9595E+00  1.0147E-28  3.0000E-01
  9.0740E+00  1.0060E-28  3.0000E-01
  9.1894E+00  9.9748E-29  3.0000E-01
  9.3055E+00  9.8906E-29  3.0000E-01
  9.4225E+00  9.8075E-29  3.0000E-01
  9.5404E+00  9.7255E-29  3.0000E-01
  9.6591E+00  9.6446E-29  3.0000E-01
  9.7786E+00  9.5646E-29  3.0000E-01
  9.8990E+00  9.4857E-29  3.0000E-01
  1.0020E+01  9.4078E-29  3.0000E-01
  1.0142E+01  9.3309E-29  3.0000E-01
  1.0265E+01  9.2549E-29  3.0000E-01
  1.0389E+01  9.1798E-29  3.0000E-01
  1.0514E+01  9.1056E-29  3.0000E-01
  1.0640E+01  9.0323E-29  3.0000E-01
  1.0766E+01  8.9599E-29  3.0000E-01
  1.0894E+01  8.8883E-29  3.0000E-01
  1.1022E+01  8.8176E-29  3.0000E-01
  1.1152E+01  8.7476E-29  3.0000E-01
  1.1282E+01  8.6785E-29  3.0000E-01
  1.1413E+01  8.6101E-29  3.0000E-01
  1.1546E+01  8.5425E-29  3.0000E-01
  1.1679E+01  8.4757E-29  3.0000E-01
  1.1813E+01  8.4095E-29  3.0000E-01
  1.1948E+01  8.3441E-29  3.0000E-01
  1.2084E+01  8.2794E-29  3.0000E-01
  1.2221E+01  8.2154E-29  3.0000E-01
  1.2359E+01  8.1520E-29  3.0000E-01
  1.2498E+01  8.0894E-29  3.0000E-01
  1.2638E+01  8.0273E-29  3.0000E-01
  1.2779E+01  7.9659E-29  3.0000E-01
  1.2921E+01  7.9051E-29  3.0000E-01
  1.3064E+01  7.8449E-29  3.0000E-01
  1.3208E+01  7.7853E-29  3.0000E-01
  1.3353E+01  7.7263E-29  3.0000E-01
  1.3499E+01  7.6679E-29  3.0000E-01
  1.3646E+01  7.6100E-29  3.0000E-01
  1.3795E+01  7.5527E-29  3.0000E-01
  1.3944E+01  7.4959E-29  3.0000E-01
  1.4094E+01  7.4397E-29  3.0000E-01
  1.4246E+01  7.3839E-29  3.0000E-01
  1.4398E+01  7.3287E-29  3.0000E-01
  1.4552E+01  7.2739E-29  3.0000E-01
  1.4707E+01  7.2197E-29  3.0000E-01
  1.4863E+01  7.1659E-29  3.0000E-01
  1.5020E+01  7.1126E-29  3.0000E-01
  1.5178E+01  7.0598E-29  3.0000E-01
  1.5337E+01  7.0074E-29  3.0000E-01
  1.5497E+01  6.9555E-29  3.0000E-01
  1.5659E+01  6.9040E-29  3.0000E-01
  1.5822E+01  6.8529E-29  3.0000E-01
  1.5986E+01  6.8022E-29  3.0000E-01
  1.6151E+01  6.7520E-29  3.0000E-01
  1.6317E+01  6.7021E-29  3.0000E-01
  1.6485E+01  6.6527E-29  3.0000E-01
  1.6653E+01  6.6036E-29  3.0000E-01
  1.6823E+01  6.5549E-29  3.0000E-01
  1.6994E+01  6.5066E-29  3.0000E-01
  1.7167E+01  6.4587E-29  3.0000E-01
  1.7340E+01  6.4111E-29  3.0000E-01
  1.7515E+01  6.3639E-29  3.0000E-01
  1.7691E+01  6.3170E-29  3.0000E-01
  1.7869E+01  6.2705E-29  3.0000E-01
  1.8047E+01  6.2243E-29  3.0000E-01
  1.8227E+01  6.1784E-29  3.0000E-01
  1.8408E+01  6.1329E-29  3.0000E-01
  1.8591E+01  6.0876E-29  3.0000E-01
  1.8775E+01  6.0427E-29  3.0000E-01
  1.8960E+01  5.9981E-29  3.0000E-01
  1.9147E+01  5.9538E-29  3.0000E-01
  1.9334E+01  5.9098E-29  3.0000E-01
  1.9524E+01  5.8661E-29  3.0000E-01
  1.9714E+01  5.8226E-29  3.0000E-01
  1.9906E+01  5.7795E-29  3.0000E-01
  2.0099E+01  5.7366E-29  3.0000E-01
  2.0294E+01  5.6940E-29  3.0000E-01
  2.0490E+01  5.6516E-29  3.0000E-01
  2.0688E+01  5.6096E-29  3.0000E-01
  2.0887E+01  5.5677E-29  3.0000E-01
  2.1087E+01  5.5262E-29  3.0000E-01
  2.1289E+01  5.4849E-29  3.0000E-01
  2.1492E+01  5.4438E-29  3.0000E-01
  2.1697E+01  5.4030E-29  3.0000E-01
  2.1903E+01  5.3624E-29  3.0000E-01
  2.2111E+01  5.3220E-29  3.0000E-01
  2.2320E+01  5.2819E-29  3.0000E-01
  2.2531E+01  5.2420E-29  3.0000E-01
  2.2743E+01  5.2023E-29  3.0000E-01
  2.2957E+01  5.1628E-29  3.0000E-01
  2.3172E+01  5.1236E-29  3.0000E-01
  2.3389E+01  5.0846E-29  3.0000E-01
  2.3607E+01  5.0457E-29  3.0000E-01
  2.3827E+01  5.0071E-29  3.0000E-01
  2.4049E+01  4.9687E-29  3.0000E-01
  2.4272E+01  4.9305E-29  3.0000E-01
  2.4497E+01  4.8925E-29  3.0000E-01
  2.4723E+01  4.8547E-29  3.0000E-01
  2.4951E+01  4.8170E-29  3.0000E-01
  2.5181E+01  4.7796E-29  3.0000E-01
  2.5412E+01  4.7423E-29  3.0000E-01
  2.5645E+01  4.7053E-29  3.0000E-01
  2.5880E+01  4.6684E-29  3.0000E-01
  2.6116E+01  4.6317E-29  3.0000E-01
  2.6354E+01  4.5951E-29  3.0000E-01
  2.6594E+01  4.5588E-29  3.0000E-01
  2.6835E+01  4.5226E-29  3.0000E-01
  2.7078E+01  4.4866E-29  3.0000E-01
  2.7323E+01  4.4507E-29  3.0000E-01
  2.7570E+01  4.4151E-29  3.0000E-01
  2.7819E+01  4.3795E-29  3.0000E-01
  2.8069E+01  4.3442E-29  3.0000E-01
  2.8321E+01  4.3090E-29  3.0000E-01
  2.8575E+01  4.2740E-29  3.0000E-01
  2.8831E+01  4.2391E-29  3.0000E-01
  2.9088E+01  4.2044E-29  3.0000E-01
  2.9348E+01  4.1698E-29  3.0000E-01
  2.9609E+01  4.1354E-29  3.0000E-01
  2.9872E+01  4.1011E-29  3.0000E-01
  3.0137E+01  4.0670E-29  3.0000E-01
  3.0404E+01  4.0331E-29  3.0000E-01
  3.0673E+01  3.9992E-29  3.0000E-01
  3.0944E+01  3.9656E-29  3.0000E-01
  3.1217E+01  3.9321E-29  3.0000E-01
  3.1492E+01  3.8987E-29  3.0000E-01
  3.1768E+01  3.8654E-29  3.0000E-01
  3.2047E+01  3.8323E-29  3.0000E-01
  3.2328E+01  3.7994E-29  3.0000E-01
  3.2611E+01  3.7666E-29  3.0000E-01
  3.2895E+01  3.7339E-29  3.0000E-01
  3.3182E+01  3.7014E-29  3.0000E-01
  3.3471E+01  3.6690E-29  3.0000E-01
  3.3762E+01  3.6367E-29  3.0000E-01
  3.4055E+01  3.6046E-29  3.0000E-01
  3.4350E+01  3.5726E-29  3.0000E-01
  3.4648E+01  3.5408E-29  3.0000E-01
  3.4947E+01  3.5091E-29  3.0000E-01
  3.5249E+01  3.4775E-29  3.0000E-01
  3.5553E+01  3.4461E-29  3.0000E-01
  3.5859E+01  3.4148E-29  3.0000E-01
  3.6167E+01  3.3836E-29  3.0000E-01
  3.6477E+01  3.3526E-29  3.0000E-01
  3.6790E+01  3.3217E-29  3.0000E-01
  3.7105E+01  3.2909E-29  3.0000E-01
  3.7422E+01  3.2603E-29  3.0000E-01
  3.7741E+01  3.2298E-29  3.0000E-01
  3.8063E+01  3.1995E-29  3.0000E-01
  3.8387E+01  3.1692E-29  3.0000E-01
  3.8713E+01  3.1392E-29  3.0000E-01
  3.9042E+01  3.1092E-29  3.0000E-01
  3.9373E+01  3.0794E-29  3.0000E-01
  3.9707E+01  3.0498E-29  3.0000E-01
  4.0043E+01  3.0202E-29  3.0000E-01
  4.0381E+01  2.9908E-29  3.0000E-01
  4.0722E+01  2.9616E-29  3.0000E-01
  4.1065E+01  2.9325E-29  3.0000E-01
  4.1411E+01  2.9035E-29  3.0000E-01
  4.1759E+01  2.8747E-29  3.0000E-01
  4.2109E+01  2.8460E-29  3.0000E-01
  4.2463E+01  2.8174E-29  3.0000E-01
  4.2818E+01  2.7890E-29  3.0000E-01
  4.3177E+01  2.7607E-29  3.0000E-01
  4.3538E+01  2.7326E-29  3.0000E-01
  4.3901E+01  2.7047E-29  3.0000E-01
  4.4267E+01  2.6768E-29  3.0000E-01
  4.4636E+01  2.6492E-29  3.0000E-01
  4.5007E+01  2.6216E-29  3.0000E-01
  4.5381E+01  2.5942E-29  3.0000E-01
  4.5758E+01  2.5670E-29  3.0000E-01
  4.6137E+01  2.5399E-29  3.0000E-01
  4.6520E+01  2.5130E-29  3.0000E-01
  4.6905E+01  2.4862E-29  3.0000E-01
  4.7292E+01  2.4596E-29  3.0000E-01
  4.7683E+01  2.4332E-29  3.0000E-01
  4.8076E+01  2.4069E-29  3.0000E-01
  4.8472E+01  2.3807E-29  3.0000E-01
  4.8871E+01  2.3547E-29  3.0000E-01
  4.9273E+01  2.3289E-29  3.0000E-01
  4.9678E+01  2.3033E-29  3.0000E-01
  5.0086E+01  2.2778E-29  3.0000E-01
  5.0496E+01  2.2524E-29  3.0000E-01
  5.0910E+01  2.2273E-29  3.0000E-01
  5.1326E+01  2.2023E-29  3.0000E-01
  5.1746E+01  2.1774E-29  3.0000E-01
  5.2168E+01  2.1528E-29  3.0000E-01
  5.2594E+01  2.1283E-29  3.0000E-01
  5.3023E+01  2.1040E-29  3.0000E-01
  5.3454E+01  2.0798E-29  3.0000E-01
  5.3889E+01  2.0558E-29  3.0000E-01
  5.4327E+01  2.0321E-29  3.0000E-01
  5.4769E+01  2.0084E-29  3.0000E-01
  5.5213E+01  1.9850E-29  3.0000E-01
  5.5660E+01  1.9617E-29  3.0000E-01
  5.6111E+01  1.9387E-29  3.0000E-01
  5.6565E+01  1.9158E-29  3.0000E-01
  5.7022E+01  1.8931E-29  3.0000E-01
  5.7483E+01  1.8705E-29  3.0000E-01
  5.7947E+01  1.8482E-29  3.0000E-01
  5.8414E+01  1.8260E-29  3.0000E-01
  5.8885E+01  1.8041E-29  3.0000E-01
  5.9359E+01  1.7823E-29  3.0000E-01
  5.9836E+01  1.7607E-29  3.0000E-01
  6.0317E+01  1.7393E-29  3.0000E-01
  6.0801E+01  1.7181E-29  3.0000E-01
  6.1289E+01  1.6971E-29  3.0000E-01
  6.1780E+01  1.6762E-29  3.0000E-01
  6.2275E+01  1.6556E-29  3.0000E-01
  6.2773E+01  1.6352E-29  3.0000E-01
  6.3275E+01  1.6149E-29  3.0000E-01
  6.3781E+01  1.5949E-29  3.0000E-01
  6.4290E+01  1.5750E-29  3.0000E-01
  6.4803E+01  1.5554E-29  3.0000E-01
  6.5320E+01  1.5359E-29  3.0000E-01
  6.5840E+01  1.5166E-29  3.0000E-01
  6.6364E+01  1.4976E-29  3.0000E-01
  6.6892E+01  1.4787E-29  3.0000E-01
  6.7423E+01  1.4600E-29  3.0000E-01
  6.7959E+01  1.4415E-29  3.0000E-01
  6.8498E+01  1.4233E-29  3.0000E-01
  6.9041E+01  1.4052E-29  3.0000E-01
  6.9588E+01  1.3873E-29  3.0000E-01
  7.0139E+01  1.3696E-29  3.0000E-01
  7.0694E+01  1.3521E-29  3.0000E-01
  7.1253E+01  1.3348E-29  3.0000E-01
  7.1816E+01  1.3177E-29  3.0000E-01
  7.2384E+01  1.3009E-29  3.0000E-01
  7.2955E+01  1.2842E-29  3.0000E-01
  7.3530E+01  1.2677E-29  3.0000E-01
  7.4109E+01  1.2513E-29  3.0000E-01
  7.4693E+01  1.2352E-29  3.0000E-01
  7.5281E+01  1.2193E-29  3.0000E-01
  7.5873E+01  1.2036E-29  3.0000E-01
  7.6469E+01  1.1881E-29  3.0000E-01
  7.7070E+01  1.1727E-29  3.0000E-01
  7.7675E+01  1.1576E-29  3.0000E-01
  7.8284E+01  1.1426E-29  3.0000E-01
  7.8897E+01  1.1279E-29  3.0000E-01
  7.9516E+01  1.1133E-29  3.0000E-01
  8.0138E+01  1.0989E-29  3.0000E-01
  8.0765E+01  1.0847E-29  3.0000E-01
  8.1397E+01  1.0707E-29  3.0000E-01
  8.2033E+01  1.0569E-29  3.0000E-01
  8.2673E+01  1.0432E-29  3.0000E-01
  8.3318E+01  1.0297E-29  3.0000E-01
  8.3968E+01  1.0165E-29  3.0000E-01
  8.4623E+01  1.0034E-29  3.0000E-01
  8.5282E+01  9.9042E-30  3.0000E-01
  8.5946E+01  9.7767E-30  3.0000E-01
  8.6615E+01  9.6509E-30  3.0000E-01
  8.7289E+01  9.5269E-30  3.0000E-01
  8.7967E+01  9.4045E-30  3.0000E-01
  8.8651E+01  9.2839E-30  3.0000E-01
  8.9339E+01  9.1650E-30  3.0000E-01
  9.0032E+01  9.0477E-30  3.0000E-01
  9.0730E+01  8.9321E-30  3.0000E-01
  9.1434E+01  8.8182E-30  3.0000E-01
  9.2142E+01  8.7058E-30  3.0000E-01
  9.2855E+01  8.5951E-30  3.0000E-01
  9.3574E+01  8.4859E-30  3.0000E-01
  9.4298E+01  8.3783E-30  3.0000E-01
  9.5027E+01  8.2723E-30  3.0000E-01
  9.5761E+01  8.1677E-30  3.0000E-01
  9.6500E+01  8.0647E-30  3.0000E-01
  9.7245E+01  7.9632E-30  3.0000E-01
  9.7995E+01  7.8632E-30  3.0000E-01
  9.8751E+01  7.7646E-30  3.0000E-01
  9.9512E+01  7.6675E-30  3.0000E-01
  1.0028E+02  7.5718E-30  3.0000E-01
  1.0105E+02  7.4775E-30  3.0000E-01
  1.0183E+02  7.3845E-30  3.0000E-01
  1.0261E+02  7.2930E-30  3.0000E-01
  1.0340E+02  7.2027E-30  3.0000E-01
  1.0419E+02  7.1138E-30  3.0000E-01
  1.0499E+02  7.0262E-30  3.0000E-01
  1.0580E+02  6.9399E-30  3.0000E-01
  1.0661E+02  6.8549E-30  3.0000E-01
  1.0743E+02  6.7711E-30  3.0000E-01
  1.0825E+02  6.6886E-30  3.0000E-01
  1.0908E+02  6.6072E-30  3.0000E-01
  1.0992E+02  6.5271E-30  3.0000E-01
  1.1076E+02  6.4481E-30  3.0000E-01
  1.1161E+02  6.3703E-30  3.0000E-01
  1.1246E+02  6.2937E-30  3.0000E-01
  1.1332E+02  6.2181E-30  3.0000E-01
  1.1419E+02  6.1437E-30  3.0000E-01
  1.1506E+02  6.0703E-30  3.0000E-01
  1.1594E+02  5.9980E-30  3.0000E-01
  1.1682E+02  5.9268E-30  3.0000E-01
  1.1771E+02  5.8566E-30  3.0000E-01
  1.1861E+02  5.7874E-30  3.0000E-01
  1.1951E+02  5.7192E-30  3.0000E-01
  1.2042E+02  5.6520E-30  3.0000E-01
  1.2134E+02  5.5858E-30  3.0000E-01
  1.2227E+02  5.5205E-30  3.0000E-01
  1.2320E+02  5.4561E-30  3.0000E-01
  1.2413E+02  5.3927E-30  3.0000E-01
  1.2508E+02  5.3301E-30  3.0000E-01
  1.2603E+02  5.2685E-30  3.0000E-01
  1.2698E+02  5.2077E-30  3.0000E-01
  1.2795E+02  5.1477E-30  3.0000E-01
  1.2892E+02  5.0886E-30  3.0000E-01
  1.2990E+02  5.0304E-30  3.0000E-01
  1.3088E+02  4.9729E-30  3.0000E-01
  1.3188E+02  4.9162E-30  3.0000E-01
  1.3288E+02  4.8603E-30  3.0000E-01
  1.3388E+02  4.8052E-30  3.0000E-01
  1.3490E+02  4.7508E-30  3.0000E-01
  1.3592E+02  4.6972E-30  3.0000E-01
  1.3695E+02  4.6443E-30  3.0000E-01
  1.3798E+02  4.5921E-30  3.0000E-01
  1.3903E+02  4.5406E-30  3.0000E-01
  1.4008E+02  4.4898E-30  3.0000E-01
  1.4113E+02  4.4396E-30  3.0000E-01
  1.4220E+02  4.3902E-30  3.0000E-01
  1.4327E+02  4.3413E-30  3.0000E-01
  1.4436E+02  4.2932E-30  3.0000E-01
  1.4545E+02  4.2456E-30  3.0000E-01
  1.4654E+02  4.1987E-30  3.0000E-01
  1.4765E+02  4.1523E-30  3.0000E-01
  1.4876E+02  4.1066E-30  3.0000E-01
  1.4988E+02  4.0614E-30  3.0000E-01
  1.5101E+02  4.0168E-30  3.0000E-01
  1.5215E+02  3.9728E-30  3.0000E-01
  1.5329E+02  3.9293E-30  3.0000E-01
  1.5445E+02  3.8863E-30  3.0000E-01
  1.5561E+02  3.8439E-30  3.0000E-01
  1.5678E+02  3.8020E-30  3.0000E-01
  1.5796E+02  3.7607E-30  3.0000E-01
  1.5915E+02  3.7198E-30  3.0000E-01
  1.6034E+02  3.6794E-30  3.0000E-01
  1.6155E+02  3.6395E-30  3.0000E-01
  1.6276E+02  3.6001E-30  3.0000E-01
  1.6398E+02  3.5612E-30  3.0000E-01
  1.6521E+02  3.5227E-30  3.0000E-01
  1.6645E+02  3.4846E-30  3.0000E-01
  1.6770E+02  3.4471E-30  3.0000E-01
  1.6896E+02  3.4099E-30  3.0000E-01
  1.7022E+02  3.3732E-30  3.0000E-01
  1.7150E+02  3.3369E-30  3.0000E-01
  1.7278E+02  3.3010E-30  3.0000E-01
  1.7408E+02  3.2655E-30  3.0000E-01
  1.7538E+02  3.2304E-30  3.0000E-01
  1.7669E+02  3.1958E-30  3.0000E-01
  1.7802E+02  3.1615E-30  3.0000E-01
  1.7935E+02  3.1276E-30  3.0000E-01
  1.8069E+02  3.0940E-30  3.0000E-01
  1.8204E+02  3.0608E-30  3.0000E-01
  1.8340E+02  3.0280E-30  3.0000E-01
  1.8477E+02  2.9956E-30  3.0000E-01
  1.8615E+02  2.9635E-30  3.0000E-01
  1.8754E+02  2.9317E-30  3.0000E-01
  1.8894E+02  2.9003E-30  3.0000E-01
  1.9035E+02  2.8693E-30  3.0000E-01
  1.9177E+02  2.8385E-30  3.0000E-01
  1.9320E+02  2.8081E-30  3.0000E-01
  1.9465E+02  2.7780E-30  3.0000E-01
  1.9610E+02  2.7482E-30  3.0000E-01
  1.9756E+02  2.7187E-30  3.0000E-01
  1.9903E+02  2.6896E-30  3.0000E-01
  2.0051E+02  2.6607E-30  3.0000E-01
  2.0201E+02  2.6321E-30  3.0000E-01
  2.0351E+02  2.6039E-30  3.0000E-01
  2.0503E+02  2.5759E-30  3.0000E-01
  2.0655E+02  2.5482E-30  3.0000E-01
  2.0809E+02  2.5208E-30  3.0000E-01
  2.0964E+02  2.4936E-30  3.0000E-01
  2.1120E+02  2.4668E-30  3.0000E-01
  2.1277E+02  2.4402E-30  3.0000E-01
  2.1435E+02  2.4138E-30  3.0000E-01
  2.1595E+02  2.3878E-30  3.0000E-01
  2.1755E+02  2.3619E-30  3.0000E-01
  2.1917E+02  2.3364E-30  3.0000E-01
  2.2079E+02  2.3111E-30  3.0000E-01
  2.2243E+02  2.2860E-30  3.0000E-01
  2.2409E+02  2.2612E-30  3.0000E-01
  2.2575E+02  2.2367E-30  3.0000E-01
  2.2742E+02  2.2123E-30  3.0000E-01
  2.2911E+02  2.1883E-30  3.0000E-01
  2.3081E+02  2.1644E-30  3.0000E-01
  2.3252E+02  2.1408E-30  3.0000E-01
  2.3425E+02  2.1174E-30  3.0000E-01
  2.3598E+02  2.0942E-30  3.0000E-01
  2.3773E+02  2.0713E-30  3.0000E-01
  2.3949E+02  2.0486E-30  3.0000E-01
  2.4127E+02  2.0261E-30  3.0000E-01
  2.4306E+02  2.0038E-30  3.0000E-01
  2.4486E+02  1.9817E-30  3.0000E-01
  2.4667E+02  1.9599E-30  3.0000E-01
  2.4850E+02  1.9382E-30  3.0000E-01
  2.5033E+02  1.9168E-30  3.0000E-01
  2.5219E+02  1.8955E-30  3.0000E-01
  2.5405E+02  1.8745E-30  3.0000E-01
  2.5593E+02  1.8537E-30  3.0000E-01
  2.5782E+02  1.8330E-30  3.0000E-01
  2.5973E+02  1.8126E-30  3.0000E-01
  2.6165E+02  1.7924E-30  3.0000E-01
  2.6358E+02  1.7723E-30  3.0000E-01
  2.6553E+02  1.7525E-30  3.0000E-01
  2.6749E+02  1.7328E-30  3.0000E-01
  2.6947E+02  1.7133E-30  3.0000E-01
  2.7146E+02  1.6940E-30  3.0000E-01
  2.7347E+02  1.6749E-30  3.0000E-01
  2.7548E+02  1.6560E-30  3.0000E-01
  2.7752E+02  1.6373E-30  3.0000E-01
  2.7957E+02  1.6187E-30  3.0000E-01
  2.8163E+02  1.6003E-30  3.0000E-01
  2.8371E+02  1.5821E-30  3.0000E-01
  2.8580E+02  1.5641E-30  3.0000E-01
  2.8791E+02  1.5462E-30  3.0000E-01
  2.9003E+02  1.5285E-30  3.0000E-01
  2.9217E+02  1.5110E-30  3.0000E-01
  2.9432E+02  1.4936E-30  3.0000E-01
  2.9649E+02  1.4764E-30  3.0000E-01
  2.9868E+02  1.4594E-30  3.0000E-01
  3.0088E+02  1.4426E-30  3.0000E-01
  3.0309E+02  1.4259E-30  3.0000E-01
  3.0532E+02  1.4094E-30  3.0000E-01
  3.0757E+02  1.3930E-30  3.0000E-01
  3.0984E+02  1.3768E-30  3.0000E-01
  3.1212E+02  1.3607E-30  3.0000E-01
  3.1442E+02  1.3448E-30  3.0000E-01
  3.1673E+02  1.3291E-30  3.0000E-01
  3.1906E+02  1.3135E-30  3.0000E-01
  3.2141E+02  1.2981E-30  3.0000E-01
  3.2377E+02  1.2828E-30  3.0000E-01
  3.2615E+02  1.2677E-30  3.0000E-01
  3.2855E+02  1.2527E-30  3.0000E-01
  3.3097E+02  1.2379E-30  3.0000E-01
  3.3340E+02  1.2232E-30  3.0000E-01
  3.3585E+02  1.2086E-30  3.0000E-01
  3.3832E+02  1.1943E-30  3.0000E-01
  3.4080E+02  1.1800E-30  3.0000E-01
  3.4331E+02  1.1659E-30  3.0000E-01
  3.4583E+02  1.1519E-30  3.0000E-01
  3.4837E+02  1.1381E-30  3.0000E-01
  3.5093E+02  1.1244E-30  3.0000E-01
  3.5350E+02  1.1109E-30  3.0000E-01
  3.5610E+02  1.0975E-30  3.0000E-01
  3.5871E+02  1.0842E-30  3.0000E-01
  3.6135E+02  1.0711E-30  3.0000E-01
  3.6400E+02  1.0581E-30  3.0000E-01
  3.6667E+02  1.0452E-30  3.0000E-01
  3.6936E+02  1.0325E-30  3.0000E-01
  3.7207E+02  1.0199E-30  3.0000E-01
  3.7480E+02  1.0074E-30  3.0000E-01
  3.7755E+02  9.9503E-31  3.0000E-01
  3.8031E+02  9.8281E-31  3.0000E-01
  3.8310E+02  9.7072E-31  3.0000E-01
  3.8591E+02  9.5876E-31  3.0000E-01
  3.8874E+02  9.4692E-31  3.0000E-01
  3.9159E+02  9.3521E-31  3.0000E-01
  3.9446E+02  9.2362E-31  3.0000E-01
  3.9735E+02  9.1215E-31  3.0000E-01
  4.0026E+02  9.0080E-31  3.0000E-01
  4.0319E+02  8.8958E-31  3.0000E-01
  4.0614E+02  8.7847E-31  3.0000E-01
  4.0912E+02  8.6748E-31  3.0000E-01
  4.1211E+02  8.5661E-31  3.0000E-01
  4.1513E+02  8.4586E-31  3.0000E-01
  4.1817E+02  8.3522E-31  3.0000E-01
  4.2123E+02  8.2470E-31  3.0000E-01
  4.2431E+02  8.1430E-31  3.0000E-01
  4.2742E+02  8.0400E-31  3.0000E-01
  4.3054E+02  7.9382E-31  3.0000E-01
  4.3369E+02  7.8375E-31  3.0000E-01
  4.3687E+02  7.7379E-31  3.0000E-01
  4.4006E+02  7.6394E-31  3.0000E-01
  4.4328E+02  7.5420E-31  3.0000E-01
  4.4652E+02  7.4457E-31  3.0000E-01
  4.4979E+02  7.3504E-31  3.0000E-01
  4.5308E+02  7.2562E-31  3.0000E-01
  4.5639E+02  7.1631E-31  3.0000E-01
  4.5972E+02  7.0710E-31  3.0000E-01
  4.6308E+02  6.9799E-31  3.0000E-01
  4.6647E+02  6.8899E-31  3.0000E-01
  4.6988E+02  6.8009E-31  3.0000E-01
  4.7331E+02  6.7129E-31  3.0000E-01
  4.7677E+02  6.6259E-31  3.0000E-01
  4.8025E+02  6.5399E-31  3.0000E-01
  4.8376E+02  6.4548E-31  3.0000E-01
  4.8729E+02  6.3708E-31  3.0000E-01
  4.9085E+02  6.2877E-31  3.0000E-01
  4.9443E+02  6.2056E-31  3.0000E-01
  4.9804E+02  6.1244E-31  3.0000E-01
  5.0168E+02  6.0442E-31  3.0000E-01
  5.0534E+02  5.9649E-31  3.0000E-01
  5.0903E+02  5.8865E-31  3.0000E-01
  5.1275E+02  5.8091E-31  3.0000E-01
  5.1649E+02  5.7325E-31  3.0000E-01
  5.2026E+02  5.6569E-31  3.0000E-01
  5.2405E+02  5.5822E-31  3.0000E-01
  5.2788E+02  5.5083E-31  3.0000E-01
  5.3173E+02  5.4353E-31  3.0000E-01
  5.3560E+02  5.3632E-31  3.0000E-01
  5.3951E+02  5.2920E-31  3.0000E-01
  5.4345E+02  5.2216E-31  3.0000E-01
  5.4741E+02  5.1520E-31  3.0000E-01
  5.5140E+02  5.0833E-31  3.0000E-01
  5.5542E+02  5.0154E-31  3.0000E-01
  5.5947E+02  4.9484E-31  3.0000E-01
  5.6355E+02  4.8821E-31  3.0000E-01
  5.6765E+02  4.8167E-31  3.0000E-01
  5.7179E+02  4.7521E-31  3.0000E-01
  5.7596E+02  4.6882E-31  3.0000E-01
  5.8016E+02  4.6252E-31  3.0000E-01
  5.8438E+02  4.5629E-31  3.0000E-01
  5.8864E+02  4.5013E-31  3.0000E-01
  5.9293E+02  4.4406E-31  3.0000E-01
  5.9725E+02  4.3806E-31  3.0000E-01
  6.0160E+02  4.3213E-31  3.0000E-01
  6.0598E+02  4.2628E-31  3.0000E-01
  6.1039E+02  4.2050E-31  3.0000E-01
  6.1484E+02  4.1479E-31  3.0000E-01
  6.1931E+02  4.0916E-31  3.0000E-01
  6.2382E+02  4.0360E-31  3.0000E-01
  6.2836E+02  3.9810E-31  3.0000E-01
  6.3294E+02  3.9268E-31  3.0000E-01
  6.3755E+02  3.8732E-31  3.0000E-01
  6.4219E+02  3.8203E-31  3.0000E-01
  6.4686E+02  3.7681E-31  3.0000E-01
  6.5157E+02  3.7166E-31  3.0000E-01
  6.5631E+02  3.6657E-31  3.0000E-01
  6.6108E+02  3.6155E-31  3.0000E-01
  6.6589E+02  3.5659E-31  3.0000E-01
  6.7074E+02  3.5170E-31  3.0000E-01
  6.7562E+02  3.4687E-31  3.0000E-01
  6.8053E+02  3.4210E-31  3.0000E-01
  6.8548E+02  3.3739E-31  3.0000E-01
  6.9047E+02  3.3275E-31  3.0000E-01
  6.9549E+02  3.2816E-31  3.0000E-01
  7.0055E+02  3.2364E-31  3.0000E-01
  7.0564E+02  3.1917E-31  3.0000E-01
  7.1077E+02  3.1476E-31  3.0000E-01
  7.1594E+02  3.1042E-31  3.0000E-01
  7.2114E+02  3.0612E-31  3.0000E-01
  7.2639E+02  3.0189E-31  3.0000E-01
  7.3167E+02  2.9771E-31  3.0000E-01
  7.3698E+02  2.9358E-31  3.0000E-01
  7.4234E+02  2.8951E-31  3.0000E-01
  7.4773E+02  2.8550E-31  3.0000E-01
  7.5317E+02  2.8154E-31  3.0000E-01
  7.5864E+02  2.7763E-31  3.0000E-01
  7.6415E+02  2.7377E-31  3.0000E-01
  7.6970E+02  2.6997E-31  3.0000E-01
  7.7530E+02  2.6621E-31  3.0000E-01
  7.8093E+02  2.6251E-31  3.0000E-01
  7.8660E+02  2.5885E-31  3.0000E-01
  7.9231E+02  2.5525E-31  3.0000E-01
  7.9807E+02  2.5169E-31  3.0000E-01
  8.0387E+02  2.4819E-31  3.0000E-01
  8.0970E+02  2.4473E-31  3.0000E-01
  8.1558E+02  2.4131E-31  3.0000E-01
  8.2151E+02  2.3795E-31  3.0000E-01
  8.2747E+02  2.3463E-31  3.0000E-01
  8.3348E+02  2.3135E-31  3.0000E-01
  8.3953E+02  2.2812E-31  3.0000E-01
  8.4562E+02  2.2493E-31  3.0000E-01
  8.5176E+02  2.2179E-31  3.0000E-01
  8.5795E+02  2.1869E-31  3.0000E-01
  8.6417E+02  2.1563E-31  3.0000E-01
  8.7044E+02  2.1262E-31  3.0000E-01
  8.7676E+02  2.0965E-31  3.0000E-01
  8.8312E+02  2.0671E-31  3.0000E-01
  8.8953E+02  2.0382E-31  3.0000E-01
  8.9599E+02  2.0097E-31  3.0000E-01
  9.0249E+02  1.9816E-31  3.0000E-01
  9.0904E+02  1.9539E-31  3.0000E-01
  9.1563E+02  1.9265E-31  3.0000E-01
  9.2227E+02  1.8996E-31  3.0000E-01
  9.2896E+02  1.8730E-31  3.0000E-01
  9.3570E+02  1.8468E-31  3.0000E-01
  9.4249E+02  1.8209E-31  3.0000E-01
  9.4933E+02  1.7954E-31  3.0000E-01
  9.5621E+02  1.7703E-31  3.0000E-01
  9.6315E+02  1.7455E-31  3.0000E-01
  9.7013E+02  1.7211E-31  3.0000E-01
  9.7717E+02  1.6970E-31  3.0000E-01
  9.8425E+02  1.6733E-31  3.0000E-01
  9.9139E+02  1.6499E-31  3.0000E-01
  9.9858E+02  1.6268E-31  3.0000E-01
  1.0058E+03  1.6041E-31  3.0000E-01
  1.0131E+03  1.5816E-31  3.0000E-01
  1.0205E+03  1.5595E-31  3.0000E-01
  1.0278E+03  1.5377E-31  3.0000E-01
  1.0353E+03  1.5162E-31  3.0000E-01
  1.0428E+03  1.4951E-31  3.0000E-01
  1.0504E+03  1.4742E-31  3.0000E-01
  1.0580E+03  1.4536E-31  3.0000E-01
  1.0656E+03  1.4333E-31  3.0000E-01
  1.0734E+03  1.4133E-31  3.0000E-01
  1.0811E+03  1.3936E-31  3.0000E-01
  1.0890E+03  1.3742E-31  3.0000E-01
  1.0969E+03  1.3550E-31  3.0000E-01
  1.1048E+03  1.3361E-31  3.0000E-01
  1.1128E+03  1.3175E-31  3.0000E-01
  1.1209E+03  1.2992E-31  3.0000E-01
  1.1290E+03  1.2811E-31  3.0000E-01
  1.1372E+03  1.2633E-31  3.0000E-01
  1.1454E+03  1.2457E-31  3.0000E-01
  1.1537E+03  1.2284E-31  3.0000E-01
  1.1621E+03  1.2114E-31  3.0000E-01
  1.1705E+03  1.1945E-31  3.0000E-01
  1.1790E+03  1.1780E-31  3.0000E-01
  1.1875E+03  1.1616E-31  3.0000E-01
  1.1961E+03  1.1455E-31  3.0000E-01
  1.2048E+03  1.1297E-31  3.0000E-01
  1.2135E+03  1.1140E-31  3.0000E-01
  1.2223E+03  1.0986E-31  3.0000E-01
  1.2311E+03  1.0835E-31  3.0000E-01
  1.2400E+03  1.0685E-31  3.0000E-01
  1.2490E+03  1.0537E-31  3.0000E-01
  1.2581E+03  1.0392E-31  3.0000E-01
  1.2672E+03  1.0249E-31  3.0000E-01
  1.2763E+03  1.0108E-31  3.0000E-01
  1.2856E+03  9.9685E-32  3.0000E-01
  1.2949E+03  9.8314E-32  3.0000E-01
  1.3043E+03  9.6963E-32  3.0000E-01
  1.3137E+03  9.5632E-32  3.0000E-01
  1.3232E+03  9.4320E-32  3.0000E-01
  1.3328E+03  9.3027E-32  3.0000E-01
  1.3424E+03  9.1753E-32  3.0000E-01
  1.3522E+03  9.0497E-32  3.0000E-01
  1.3619E+03  8.9260E-32  3.0000E-01
  1.3718E+03  8.8041E-32  3.0000E-01
  1.3817E+03  8.6839E-32  3.0000E-01
  1.3917E+03  8.5656E-32  3.0000E-01
  1.4018E+03  8.4489E-32  3.0000E-01
  1.4119E+03  8.3339E-32  3.0000E-01
  1.4222E+03  8.2206E-32  3.0000E-01
  1.4324E+03  8.1090E-32  3.0000E-01
  1.4428E+03  7.9990E-32  3.0000E-01
  1.4532E+03  7.8906E-32  3.0000E-01
  1.4638E+03  7.7838E-32  3.0000E-01
  1.4743E+03  7.6785E-32  3.0000E-01
  1.4850E+03  7.5748E-32  3.0000E-01
  1.4958E+03  7.4726E-32  3.0000E-01
  1.5066E+03  7.3718E-32  3.0000E-01
  1.5175E+03  7.2726E-32  3.0000E-01
  1.5284E+03  7.1748E-32  3.0000E-01
  1.5395E+03  7.0784E-32  3.0000E-01
  1.5506E+03  6.9835E-32  3.0000E-01
  1.5618E+03  6.8899E-32  3.0000E-01
  1.5731E+03  6.7977E-32  3.0000E-01
  1.5845E+03  6.7068E-32  3.0000E-01
  1.5960E+03  6.6173E-32  3.0000E-01
  1.6075E+03  6.5291E-32  3.0000E-01
  1.6191E+03  6.4421E-32  3.0000E-01
  1.6309E+03  6.3565E-32  3.0000E-01
  1.6426E+03  6.2721E-32  3.0000E-01
  1.6545E+03  6.1889E-32  3.0000E-01
  1.6665E+03  6.1069E-32  3.0000E-01
  1.6785E+03  6.0261E-32  3.0000E-01
  1.6907E+03  5.9465E-32  3.0000E-01
  1.7029E+03  5.8681E-32  3.0000E-01
  1.7152E+03  5.7908E-32  3.0000E-01
  1.7276E+03  5.7146E-32  3.0000E-01
  1.7401E+03  5.6396E-32  3.0000E-01
  1.7527E+03  5.5656E-32  3.0000E-01
  1.7653E+03  5.4928E-32  3.0000E-01
  1.7781E+03  5.4209E-32  3.0000E-01
  1.7909E+03  5.3502E-32  3.0000E-01
  1.8039E+03  5.2804E-32  3.0000E-01
  1.8169E+03  5.2117E-32  3.0000E-01
  1.8301E+03  5.1440E-32  3.0000E-01
  1.8433E+03  5.0772E-32  3.0000E-01
  1.8566E+03  5.0115E-32  3.0000E-01
  1.8700E+03  4.9466E-32  3.0000E-01
  1.8835E+03  4.8828E-32  3.0000E-01
  1.8972E+03  4.8198E-32  3.0000E-01
  1.9109E+03  4.7578E-32  3.0000E-01
  1.9247E+03  4.6967E-32  3.0000E-01
  1.9386E+03  4.6364E-32  3.0000E-01
  1.9526E+03  4.5771E-32  3.0000E-01
  1.9667E+03  4.5185E-32  3.0000E-01
  1.9809E+03  4.4609E-32  3.0000E-01
  1.9952E+03  4.4041E-32  3.0000E-01
  2.0096E+03  4.3480E-32  3.0000E-01
  2.0242E+03  4.2929E-32  3.0000E-01
  2.0388E+03  4.2385E-32  3.0000E-01
  2.0535E+03  4.1848E-32  3.0000E-01
  2.0683E+03  4.1320E-32  3.0000E-01
  2.0833E+03  4.0799E-32  3.0000E-01
  2.0983E+03  4.0286E-32  3.0000E-01
  2.1135E+03  3.9780E-32  3.0000E-01
  2.1288E+03  3.9282E-32  3.0000E-01
  2.1441E+03  3.8790E-32  3.0000E-01
  2.1596E+03  3.8306E-32  3.0000E-01
  2.1752E+03  3.7829E-32  3.0000E-01
  2.1909E+03  3.7358E-32  3.0000E-01
  2.2068E+03  3.6894E-32  3.0000E-01
  2.2227E+03  3.6437E-32  3.0000E-01
  2.2388E+03  3.5987E-32  3.0000E-01
  2.2549E+03  3.5543E-32  3.0000E-01
  2.2712E+03  3.5105E-32  3.0000E-01
  2.2876E+03  3.4674E-32  3.0000E-01
  2.3041E+03  3.4248E-32  3.0000E-01
  2.3208E+03  3.3829E-32  3.0000E-01
  2.3375E+03  3.3416E-32  3.0000E-01
  2.3544E+03  3.3009E-32  3.0000E-01
  2.3714E+03  3.2607E-32  3.0000E-01
  2.3885E+03  3.2211E-32  3.0000E-01
  2.4058E+03  3.1821E-32  3.0000E-01
  2.4232E+03  3.1437E-32  3.0000E-01
  2.4407E+03  3.1057E-32  3.0000E-01
  2.4583E+03  3.0684E-32  3.0000E-01
  2.4760E+03  3.0315E-32  3.0000E-01
  2.4939E+03  2.9952E-32  3.0000E-01
  2.5119E+03  2.9594E-32  3.0000E-01
  2.5300E+03  2.9241E-32  3.0000E-01
  2.5483E+03  2.8893E-32  3.0000E-01
  2.5667E+03  2.8550E-32  3.0000E-01
  2.5852E+03  2.8211E-32  3.0000E-01
  2.6039E+03  2.7878E-32  3.0000E-01
  2.6227E+03  2.7549E-32  3.0000E-01
  2.6416E+03  2.7225E-32  3.0000E-01
  2.6607E+03  2.6905E-32  3.0000E-01
  2.6799E+03  2.6590E-32  3.0000E-01
  2.6993E+03  2.6279E-32  3.0000E-01
  2.7187E+03  2.5973E-32  3.0000E-01
  2.7384E+03  2.5671E-32  3.0000E-01
  2.7581E+03  2.5373E-32  3.0000E-01
  2.7780E+03  2.5079E-32  3.0000E-01
  2.7981E+03  2.4789E-32  3.0000E-01
  2.8183E+03  2.4504E-32  3.0000E-01
  2.8386E+03  2.4222E-32  3.0000E-01
  2.8591E+03  2.3944E-32  3.0000E-01
  2.8798E+03  2.3670E-32  3.0000E-01
  2.9005E+03  2.3400E-32  3.0000E-01
  2.9215E+03  2.3134E-32  3.0000E-01
  2.9426E+03  2.2871E-32  3.0000E-01
  2.9638E+03  2.2612E-32  3.0000E-01
  2.9852E+03  2.2357E-32  3.0000E-01
  3.0067E+03  2.2105E-32  3.0000E-01
  3.0284E+03  2.1857E-32  3.0000E-01
  3.0503E+03  2.1612E-32  3.0000E-01
  3.0723E+03  2.1370E-32  3.0000E-01
  3.0945E+03  2.1132E-32  3.0000E-01
  3.1168E+03  2.0897E-32  3.0000E-01
  3.1393E+03  2.0665E-32  3.0000E-01
  3.1619E+03  2.0436E-32  3.0000E-01
  3.1848E+03  2.0211E-32  3.0000E-01
  3.2077E+03  1.9988E-32  3.0000E-01
  3.2309E+03  1.9769E-32  3.0000E-01
  3.2542E+03  1.9552E-32  3.0000E-01
  3.2777E+03  1.9339E-32  3.0000E-01
  3.3013E+03  1.9128E-32  3.0000E-01
  3.3251E+03  1.8921E-32  3.0000E-01
  3.3491E+03  1.8716E-32  3.0000E-01
  3.3733E+03  1.8514E-32  3.0000E-01
  3.3976E+03  1.8314E-32  3.0000E-01
  3.4221E+03  1.8117E-32  3.0000E-01
  3.4468E+03  1.7923E-32  3.0000E-01
  3.4717E+03  1.7732E-32  3.0000E-01
  3.4967E+03  1.7543E-32  3.0000E-01
  3.5220E+03  1.7357E-32  3.0000E-01
  3.5474E+03  1.7173E-32  3.0000E-01
  3.5730E+03  1.6991E-32  3.0000E-01
  3.5987E+03  1.6812E-32  3.0000E-01
  3.6247E+03  1.6636E-32  3.0000E-01
  3.6509E+03  1.6462E-32  3.0000E-01
  3.6772E+03  1.6290E-32  3.0000E-01
  3.7037E+03  1.6120E-32  3.0000E-01
  3.7304E+03  1.5953E-32  3.0000E-01
  3.7573E+03  1.5788E-32  3.0000E-01
  3.7844E+03  1.5625E-32  3.0000E-01
  3.8117E+03  1.5464E-32  3.0000E-01
  3.8392E+03  1.5305E-32  3.0000E-01
  3.8669E+03  1.5148E-32  3.0000E-01
  3.8948E+03  1.4994E-32  3.0000E-01
  3.9229E+03  1.4841E-32  3.0000E-01
  3.9512E+03  1.4691E-32  3.0000E-01
  3.9797E+03  1.4542E-32  3.0000E-01
  4.0084E+03  1.4396E-32  3.0000E-01
  4.0373E+03  1.4251E-32  3.0000E-01
  4.0664E+03  1.4108E-32  3.0000E-01
  4.0958E+03  1.3967E-32  3.0000E-01
  4.1253E+03  1.3828E-32  3.0000E-01
  4.1551E+03  1.3691E-32  3.0000E-01
  4.1850E+03  1.3556E-32  3.0000E-01
  4.2152E+03  1.3422E-32  3.0000E-01
  4.2456E+03  1.3290E-32  3.0000E-01
  4.2762E+03  1.3159E-32  3.0000E-01
  4.3071E+03  1.3031E-32  3.0000E-01
  4.3381E+03  1.2904E-32  3.0000E-01
  4.3694E+03  1.2779E-32  3.0000E-01
  4.4009E+03  1.2655E-32  3.0000E-01
  4.4327E+03  1.2533E-32  3.0000E-01
  4.4646E+03  1.2412E-32  3.0000E-01
  4.4968E+03  1.2293E-32  3.0000E-01
  4.5292E+03  1.2175E-32  3.0000E-01
  4.5619E+03  1.2059E-32  3.0000E-01
  4.5948E+03  1.1945E-32  3.0000E-01
  4.6279E+03  1.1832E-32  3.0000E-01
  4.6613E+03  1.1720E-32  3.0000E-01
  4.6949E+03  1.1610E-32  3.0000E-01
  4.7288E+03  1.1501E-32  3.0000E-01
  4.7629E+03  1.1393E-32  3.0000E-01
  4.7972E+03  1.1287E-32  3.0000E-01
  4.8318E+03  1.1182E-32  3.0000E-01
  4.8666E+03  1.1079E-32  3.0000E-01
  4.9017E+03  1.0977E-32  3.0000E-01
  4.9371E+03  1.0876E-32  3.0000E-01
  4.9727E+03  1.0776E-32  3.0000E-01
  5.0085E+03  1.0678E-32  3.0000E-01
  5.0446E+03  1.0581E-32  3.0000E-01
  5.0810E+03  1.0485E-32  3.0000E-01
  5.1176E+03  1.0390E-32  3.0000E-01
  5.1545E+03  1.0296E-32  3.0000E-01
  5.1917E+03  1.0204E-32  3.0000E-01
  5.2291E+03  1.0112E-32  3.0000E-01
  5.2668E+03  1.0022E-32  3.0000E-01
  5.3048E+03  9.9331E-33  3.0000E-01
  5.3430E+03  9.8451E-33  3.0000E-01
  5.3816E+03  9.7582E-33  3.0000E-01
  5.4204E+03  9.6724E-33  3.0000E-01
  5.4594E+03  9.5876E-33  3.0000E-01
  5.4988E+03  9.5038E-33  3.0000E-01
  5.5384E+03  9.4211E-33  3.0000E-01
  5.5784E+03  9.3393E-33  3.0000E-01
  5.6186E+03  9.2586E-33  3.0000E-01
  5.6591E+03  9.1788E-33  3.0000E-01
  5.6999E+03  9.1000E-33  3.0000E-01
  5.7410E+03  9.0222E-33  3.0000E-01
  5.7824E+03  8.9452E-33  3.0000E-01
  5.8240E+03  8.8692E-33  3.0000E-01
  5.8660E+03  8.7942E-33  3.0000E-01
  5.9083E+03  8.7200E-33  3.0000E-01
  5.9509E+03  8.6467E-33  3.0000E-01
  5.9938E+03  8.5743E-33  3.0000E-01
  6.0370E+03  8.5027E-33  3.0000E-01
  6.0805E+03  8.4320E-33  3.0000E-01
  6.1243E+03  8.3622E-33  3.0000E-01
  6.1685E+03  8.2932E-33  3.0000E-01
  6.2130E+03  8.2250E-33  3.0000E-01
  6.2577E+03  8.1575E-33  3.0000E-01
  6.3028E+03  8.0909E-33  3.0000E-01
  6.3483E+03  8.0251E-33  3.0000E-01
  6.3940E+03  7.9601E-33  3.0000E-01
  6.4401E+03  7.8958E-33  3.0000E-01
  6.4865E+03  7.8322E-33  3.0000E-01
  6.5333E+03  7.7695E-33  3.0000E-01
  6.5804E+03  7.7074E-33  3.0000E-01
  6.6278E+03  7.6461E-33  3.0000E-01
  6.6756E+03  7.5855E-33  3.0000E-01
  6.7237E+03  7.5255E-33  3.0000E-01
  6.7722E+03  7.4663E-33  3.0000E-01
  6.8210E+03  7.4078E-33  3.0000E-01
  6.8701E+03  7.3499E-33  3.0000E-01
  6.9196E+03  7.2927E-33  3.0000E-01
  6.9695E+03  7.2362E-33  3.0000E-01
  7.0197E+03  7.1803E-33  3.0000E-01
  7.0703E+03  7.1251E-33  3.0000E-01
  7.1213E+03  7.0705E-33  3.0000E-01
  7.1726E+03  7.0165E-33  3.0000E-01
  7.2243E+03  6.9631E-33  3.0000E-01
  7.2764E+03  6.9104E-33  3.0000E-01
  7.3288E+03  6.8582E-33  3.0000E-01
  7.3816E+03  6.8066E-33  3.0000E-01
  7.4348E+03  6.7556E-33  3.0000E-01
  7.4884E+03  6.7052E-33  3.0000E-01
  7.5424E+03  6.6554E-33  3.0000E-01
  7.5967E+03  6.6061E-33  3.0000E-01
  7.6515E+03  6.5574E-33  3.0000E-01
  7.7066E+03  6.5092E-33  3.0000E-01
  7.7622E+03  6.4616E-33  3.0000E-01
  7.8181E+03  6.4145E-33  3.0000E-01
  7.8744E+03  6.3679E-33  3.0000E-01
  7.9312E+03  6.3218E-33  3.0000E-01
  7.9883E+03  6.2763E-33  3.0000E-01
  8.0459E+03  6.2312E-33  3.0000E-01
  8.1039E+03  6.1867E-33  3.0000E-01
  8.1623E+03  6.1426E-33  3.0000E-01
  8.2211E+03  6.0991E-33  3.0000E-01
  8.2803E+03  6.0560E-33  3.0000E-01
  8.3400E+03  6.0134E-33  3.0000E-01
  8.4001E+03  5.9712E-33  3.0000E-01
  8.4606E+03  5.9295E-33  3.0000E-01
  8.5216E+03  5.8883E-33  3.0000E-01
  8.5830E+03  5.8475E-33  3.0000E-01
  8.6449E+03  5.8072E-33  3.0000E-01
  8.7071E+03  5.7673E-33  3.0000E-01
  8.7699E+03  5.7279E-33  3.0000E-01
  8.8331E+03  5.6888E-33  3.0000E-01
  8.8967E+03  5.6502E-33  3.0000E-01
  8.9608E+03  5.6120E-33  3.0000E-01
  9.0249E+03  5.5745E-33  3.0000E-01
