  7.518E-02  0.000E+00  0.000E+00  0.000E+00
  1.257E-01  0.000E+00  0.000E+00  0.000E+00
  1.766E-01  0.000E+00  0.000E+00  0.000E+00
  2.279E-01  0.000E+00  0.000E+00  0.000E+00
  2.795E-01  0.000E+00  0.000E+00  0.000E+00
  3.316E-01  0.000E+00  0.000E+00  0.000E+00
  3.839E-01  0.000E+00  0.000E+00  0.000E+00
  4.367E-01  0.000E+00  0.000E+00  0.000E+00
  4.898E-01  0.000E+00  0.000E+00  0.000E+00
  5.434E-01  0.000E+00  0.000E+00  0.000E+00
  5.973E-01  0.000E+00  0.000E+00  0.000E+00
  6.516E-01  0.000E+00  0.000E+00  0.000E+00
  7.063E-01  0.000E+00  0.000E+00  0.000E+00
  7.614E-01  0.000E+00  0.000E+00  0.000E+00
  8.168E-01  0.000E+00  0.000E+00  0.000E+00
  8.727E-01  0.000E+00  0.000E+00  0.000E+00
  9.290E-01  0.000E+00  0.000E+00  0.000E+00
  9.857E-01  8.254E-03  1.066E+07  3.629E+01
  1.043E+00  1.618E-02  1.087E+07  6.976E+01
  1.100E+00  2.381E-02  1.107E+07  1.008E+02
  1.158E+00  3.118E-02  1.125E+07  1.298E+02
  1.217E+00  3.830E-02  1.143E+07  1.570E+02
  1.275E+00  4.519E-02  1.159E+07  1.826E+02
  1.335E+00  5.188E-02  1.175E+07  2.069E+02
  1.394E+00  5.837E-02  1.190E+07  2.298E+02
  1.454E+00  6.469E-02  1.204E+07  2.517E+02
  1.515E+00  7.084E-02  1.218E+07  2.726E+02
  1.576E+00  7.682E-02  1.231E+07  2.925E+02
  1.637E+00  8.267E-02  1.243E+07  3.116E+02
  1.699E+00  8.837E-02  1.255E+07  3.299E+02
  1.761E+00  9.395E-02  1.266E+07  3.476E+02
  1.824E+00  9.940E-02  1.277E+07  3.646E+02
  1.887E+00  1.047E-01  1.288E+07  3.810E+02
  1.950E+00  1.100E-01  1.298E+07  3.968E+02
  2.014E+00  1.151E-01  1.308E+07  4.122E+02
  2.079E+00  1.201E-01  1.318E+07  4.270E+02
  2.144E+00  1.250E-01  1.327E+07  4.415E+02
  2.209E+00  1.299E-01  1.336E+07  4.555E+02
  2.275E+00  1.346E-01  1.345E+07  4.691E+02
  2.342E+00  1.393E-01  1.353E+07  4.823E+02
  2.408E+00  1.439E-01  1.361E+07  4.952E+02
  2.476E+00  1.484E-01  1.369E+07  5.078E+02
  2.544E+00  1.529E-01  1.377E+07  5.201E+02
  2.612E+00  1.572E-01  1.385E+07  5.321E+02
  2.681E+00  1.616E-01  1.392E+07  5.438E+02
  2.750E+00  1.658E-01  1.399E+07  5.552E+02
  2.820E+00  1.700E-01  1.406E+07  5.664E+02
  2.890E+00  1.742E-01  1.413E+07  5.774E+02
  2.961E+00  1.783E-01  1.420E+07  5.881E+02
  3.032E+00  1.823E-01  1.427E+07  5.987E+02
  3.104E+00  1.863E-01  1.433E+07  6.090E+02
  3.176E+00  1.902E-01  1.440E+07  6.191E+02
  3.249E+00  1.941E-01  1.446E+07  6.290E+02
  3.323E+00  1.980E-01  1.452E+07  6.388E+02
  3.397E+00  2.018E-01  1.458E+07  6.484E+02
  3.471E+00  2.055E-01  1.464E+07  6.578E+02
  3.546E+00  2.093E-01  1.470E+07  6.671E+02
  3.622E+00  2.129E-01  1.475E+07  6.762E+02
  3.698E+00  2.166E-01  1.481E+07  6.852E+02
  3.774E+00  2.202E-01  1.487E+07  6.941E+02
  3.851E+00  2.238E-01  1.492E+07  7.028E+02
  3.929E+00  2.273E-01  1.497E+07  7.113E+02
  4.007E+00  2.309E-01  1.503E+07  7.198E+02
  4.086E+00  2.344E-01  1.508E+07  7.281E+02
  4.166E+00  2.378E-01  1.513E+07  7.364E+02
  4.246E+00  2.413E-01  1.518E+07  7.445E+02
  4.326E+00  2.447E-01  1.523E+07  7.525E+02
  4.407E+00  2.480E-01  1.528E+07  7.604E+02
  4.489E+00  2.514E-01  1.533E+07  7.682E+02
  4.571E+00  2.547E-01  1.538E+07  7.759E+02
  4.654E+00  2.580E-01  1.543E+07  7.835E+02
  4.738E+00  2.613E-01  1.548E+07  7.910E+02
  4.822E+00  2.646E-01  1.553E+07  7.985E+02
  4.907E+00  2.678E-01  1.557E+07  8.058E+02
  4.992E+00  2.711E-01  1.562E+07  8.131E+02
  5.078E+00  2.743E-01  1.567E+07  8.203E+02
  5.165E+00  2.775E-01  1.571E+07  8.274E+02
  5.252E+00  2.806E-01  1.576E+07  8.344E+02
  5.340E+00  2.838E-01  1.580E+07  8.414E+02
  5.428E+00  2.869E-01  1.585E+07  8.483E+02
  5.517E+00  2.900E-01  1.589E+07  8.551E+02
  5.607E+00  2.931E-01  1.594E+07  8.618E+02
  5.697E+00  2.962E-01  1.598E+07  8.685E+02
  5.788E+00  2.993E-01  1.602E+07  8.751E+02
  5.880E+00  3.024E-01  1.607E+07  8.817E+02
  5.972E+00  3.054E-01  1.611E+07  8.882E+02
  6.065E+00  3.085E-01  1.615E+07  8.946E+02
  6.159E+00  3.115E-01  1.620E+07  9.010E+02
  6.253E+00  3.145E-01  1.624E+07  9.073E+02
  6.348E+00  3.175E-01  1.628E+07  9.136E+02
  6.444E+00  3.205E-01  1.633E+07  9.198E+02
  6.540E+00  3.235E-01  1.637E+07  9.260E+02
  6.637E+00  3.265E-01  1.641E+07  9.321E+02
  6.735E+00  3.294E-01  1.645E+07  9.382E+02
  6.834E+00  3.324E-01  1.649E+07  9.442E+02
  6.933E+00  3.353E-01  1.653E+07  9.502E+02
  7.033E+00  3.383E-01  1.658E+07  9.561E+02
  7.133E+00  3.412E-01  1.662E+07  9.620E+02
  7.235E+00  3.441E-01  1.666E+07  9.678E+02
  7.337E+00  3.470E-01  1.670E+07  9.736E+02
  7.440E+00  3.500E-01  1.674E+07  9.793E+02
  7.543E+00  3.529E-01  1.678E+07  9.850E+02
  7.648E+00  3.558E-01  1.682E+07  9.907E+02
  7.753E+00  3.587E-01  1.687E+07  9.963E+02
  7.859E+00  3.615E-01  1.691E+07  1.002E+03
  7.965E+00  3.644E-01  1.695E+07  1.007E+03
  8.072E+00  3.673E-01  1.699E+07  1.013E+03
  8.181E+00  3.702E-01  1.703E+07  1.018E+03
  8.289E+00  3.731E-01  1.707E+07  1.024E+03
  8.399E+00  3.759E-01  1.711E+07  1.029E+03
  8.510E+00  3.788E-01  1.715E+07  1.035E+03
  8.621E+00  3.817E-01  1.719E+07  1.040E+03
  8.733E+00  3.845E-01  1.724E+07  1.045E+03
  8.846E+00  3.874E-01  1.728E+07  1.051E+03
  8.960E+00  3.902E-01  1.732E+07  1.056E+03
  9.074E+00  3.931E-01  1.736E+07  1.061E+03
  9.189E+00  3.959E-01  1.740E+07  1.066E+03
  9.306E+00  3.988E-01  1.744E+07  1.071E+03
  9.423E+00  4.016E-01  1.748E+07  1.076E+03
  9.540E+00  4.045E-01  1.752E+07  1.081E+03
  9.659E+00  4.073E-01  1.756E+07  1.086E+03
  9.779E+00  4.102E-01  1.761E+07  1.091E+03
  9.899E+00  4.130E-01  1.765E+07  1.096E+03
  1.002E+01  4.158E-01  1.769E+07  1.101E+03
  1.014E+01  4.187E-01  1.773E+07  1.106E+03
  1.027E+01  4.215E-01  1.777E+07  1.111E+03
  1.039E+01  4.244E-01  1.781E+07  1.116E+03
  1.051E+01  4.272E-01  1.786E+07  1.121E+03
  1.064E+01  4.301E-01  1.790E+07  1.126E+03
  1.077E+01  4.329E-01  1.794E+07  1.131E+03
  1.089E+01  4.357E-01  1.798E+07  1.135E+03
  1.102E+01  4.386E-01  1.802E+07  1.140E+03
  1.115E+01  4.414E-01  1.807E+07  1.145E+03
  1.128E+01  4.443E-01  1.811E+07  1.149E+03
  1.141E+01  4.471E-01  1.815E+07  1.154E+03
  1.155E+01  4.500E-01  1.819E+07  1.159E+03
  1.168E+01  4.529E-01  1.824E+07  1.163E+03
  1.181E+01  4.557E-01  1.828E+07  1.168E+03
  1.195E+01  4.586E-01  1.832E+07  1.173E+03
  1.208E+01  4.614E-01  1.837E+07  1.177E+03
  1.222E+01  4.643E-01  1.841E+07  1.182E+03
  1.236E+01  4.672E-01  1.845E+07  1.186E+03
  1.250E+01  4.701E-01  1.850E+07  1.191E+03
  1.264E+01  4.729E-01  1.854E+07  1.195E+03
  1.278E+01  4.758E-01  1.859E+07  1.199E+03
  1.292E+01  4.787E-01  1.863E+07  1.204E+03
  1.306E+01  4.816E-01  1.867E+07  1.208E+03
  1.321E+01  4.845E-01  1.872E+07  1.213E+03
  1.335E+01  4.874E-01  1.876E+07  1.217E+03
  1.350E+01  4.903E-01  1.881E+07  1.221E+03
  1.365E+01  4.932E-01  1.885E+07  1.226E+03
  1.379E+01  4.961E-01  1.890E+07  1.230E+03
  1.394E+01  4.990E-01  1.894E+07  1.234E+03
  1.409E+01  5.019E-01  1.899E+07  1.238E+03
  1.425E+01  5.048E-01  1.904E+07  1.243E+03
  1.440E+01  5.077E-01  1.908E+07  1.247E+03
  1.455E+01  5.107E-01  1.913E+07  1.251E+03
  1.471E+01  5.136E-01  1.917E+07  1.255E+03
  1.486E+01  5.166E-01  1.922E+07  1.259E+03
  1.502E+01  5.195E-01  1.927E+07  1.263E+03
  1.518E+01  5.225E-01  1.931E+07  1.267E+03
  1.534E+01  5.254E-01  1.936E+07  1.271E+03
  1.550E+01  5.284E-01  1.941E+07  1.276E+03
  1.566E+01  5.313E-01  1.946E+07  1.280E+03
  1.582E+01  5.343E-01  1.950E+07  1.284E+03
  1.599E+01  5.373E-01  1.955E+07  1.288E+03
  1.615E+01  5.403E-01  1.960E+07  1.292E+03
  1.632E+01  5.433E-01  1.965E+07  1.296E+03
  1.648E+01  5.463E-01  1.970E+07  1.299E+03
  1.665E+01  5.493E-01  1.974E+07  1.303E+03
  1.682E+01  5.523E-01  1.979E+07  1.307E+03
  1.699E+01  5.553E-01  1.984E+07  1.311E+03
  1.717E+01  5.583E-01  1.989E+07  1.315E+03
  1.734E+01  5.614E-01  1.994E+07  1.319E+03
  1.752E+01  5.644E-01  1.999E+07  1.323E+03
  1.769E+01  5.675E-01  2.004E+07  1.327E+03
  1.787E+01  5.705E-01  2.009E+07  1.330E+03
  1.805E+01  5.736E-01  2.014E+07  1.334E+03
  1.823E+01  5.766E-01  2.019E+07  1.338E+03
  1.841E+01  5.797E-01  2.024E+07  1.342E+03
  1.859E+01  5.828E-01  2.030E+07  1.345E+03
  1.877E+01  5.859E-01  2.035E+07  1.349E+03
  1.896E+01  5.890E-01  2.040E+07  1.353E+03
  1.915E+01  5.921E-01  2.045E+07  1.356E+03
  1.933E+01  5.952E-01  2.050E+07  1.360E+03
  1.952E+01  5.983E-01  2.056E+07  1.364E+03
  1.971E+01  6.015E-01  2.061E+07  1.367E+03
  1.991E+01  6.046E-01  2.066E+07  1.371E+03
  2.010E+01  6.077E-01  2.072E+07  1.375E+03
  2.029E+01  6.109E-01  2.077E+07  1.378E+03
  2.049E+01  6.141E-01  2.082E+07  1.382E+03
  2.069E+01  6.172E-01  2.088E+07  1.385E+03
  2.089E+01  6.204E-01  2.093E+07  1.389E+03
  2.109E+01  6.236E-01  2.099E+07  1.392E+03
  2.129E+01  6.268E-01  2.104E+07  1.396E+03
  2.149E+01  6.300E-01  2.110E+07  1.399E+03
  2.170E+01  6.332E-01  2.115E+07  1.403E+03
  2.190E+01  6.364E-01  2.121E+07  1.406E+03
  2.211E+01  6.397E-01  2.126E+07  1.410E+03
  2.232E+01  6.429E-01  2.132E+07  1.413E+03
  2.253E+01  6.462E-01  2.137E+07  1.416E+03
  2.274E+01  6.494E-01  2.143E+07  1.420E+03
  2.296E+01  6.527E-01  2.149E+07  1.423E+03
  2.317E+01  6.560E-01  2.155E+07  1.426E+03
  2.339E+01  6.592E-01  2.160E+07  1.430E+03
  2.361E+01  6.625E-01  2.166E+07  1.433E+03
  2.383E+01  6.658E-01  2.172E+07  1.436E+03
  2.405E+01  6.692E-01  2.178E+07  1.440E+03
  2.427E+01  6.725E-01  2.184E+07  1.443E+03
  2.450E+01  6.758E-01  2.190E+07  1.446E+03
  2.472E+01  6.792E-01  2.195E+07  1.449E+03
  2.495E+01  6.825E-01  2.201E+07  1.453E+03
  2.518E+01  6.859E-01  2.207E+07  1.456E+03
  2.541E+01  6.893E-01  2.213E+07  1.459E+03
  2.565E+01  6.926E-01  2.219E+07  1.462E+03
  2.588E+01  6.960E-01  2.225E+07  1.465E+03
  2.612E+01  6.994E-01  2.232E+07  1.468E+03
  2.635E+01  7.029E-01  2.238E+07  1.472E+03
  2.659E+01  7.063E-01  2.244E+07  1.475E+03
  2.684E+01  7.097E-01  2.250E+07  1.478E+03
  2.708E+01  7.132E-01  2.256E+07  1.481E+03
  2.732E+01  7.166E-01  2.263E+07  1.484E+03
  2.757E+01  7.201E-01  2.269E+07  1.487E+03
  2.782E+01  7.236E-01  2.275E+07  1.490E+03
  2.807E+01  7.270E-01  2.281E+07  1.493E+03
  2.832E+01  7.305E-01  2.288E+07  1.496E+03
  2.857E+01  7.340E-01  2.294E+07  1.499E+03
  2.883E+01  7.376E-01  2.301E+07  1.502E+03
  2.909E+01  7.411E-01  2.307E+07  1.505E+03
  2.935E+01  7.446E-01  2.313E+07  1.508E+03
  2.961E+01  7.482E-01  2.320E+07  1.511E+03
  2.987E+01  7.517E-01  2.327E+07  1.514E+03
  3.014E+01  7.553E-01  2.333E+07  1.517E+03
  3.040E+01  7.589E-01  2.340E+07  1.520E+03
  3.067E+01  7.625E-01  2.346E+07  1.523E+03
  3.094E+01  7.661E-01  2.353E+07  1.525E+03
  3.122E+01  7.698E-01  2.360E+07  1.528E+03
  3.149E+01  7.734E-01  2.366E+07  1.531E+03
  3.177E+01  7.771E-01  2.373E+07  1.534E+03
  3.205E+01  7.807E-01  2.380E+07  1.537E+03
  3.233E+01  7.844E-01  2.387E+07  1.540E+03
  3.261E+01  7.881E-01  2.394E+07  1.543E+03
  3.290E+01  7.918E-01  2.401E+07  1.545E+03
  3.318E+01  7.955E-01  2.408E+07  1.548E+03
  3.347E+01  7.993E-01  2.415E+07  1.551E+03
  3.376E+01  8.030E-01  2.422E+07  1.554E+03
  3.406E+01  8.068E-01  2.429E+07  1.556E+03
  3.435E+01  8.105E-01  2.436E+07  1.559E+03
  3.465E+01  8.143E-01  2.443E+07  1.562E+03
  3.495E+01  8.181E-01  2.450E+07  1.565E+03
  3.525E+01  8.219E-01  2.457E+07  1.567E+03
  3.555E+01  8.258E-01  2.464E+07  1.570E+03
  3.586E+01  8.296E-01  2.472E+07  1.573E+03
  3.617E+01  8.335E-01  2.479E+07  1.575E+03
  3.648E+01  8.373E-01  2.486E+07  1.578E+03
  3.679E+01  8.412E-01  2.494E+07  1.581E+03
  3.710E+01  8.451E-01  2.501E+07  1.583E+03
  3.742E+01  8.490E-01  2.508E+07  1.586E+03
  3.774E+01  8.529E-01  2.516E+07  1.588E+03
  3.806E+01  8.569E-01  2.523E+07  1.591E+03
  3.839E+01  8.608E-01  2.531E+07  1.594E+03
  3.871E+01  8.648E-01  2.538E+07  1.596E+03
  3.904E+01  8.687E-01  2.546E+07  1.599E+03
  3.937E+01  8.727E-01  2.554E+07  1.601E+03
  3.971E+01  8.767E-01  2.561E+07  1.604E+03
  4.004E+01  8.808E-01  2.569E+07  1.606E+03
  4.038E+01  8.848E-01  2.577E+07  1.609E+03
  4.072E+01  8.888E-01  2.584E+07  1.611E+03
  4.106E+01  8.929E-01  2.592E+07  1.614E+03
  4.141E+01  8.970E-01  2.600E+07  1.616E+03
  4.176E+01  9.011E-01  2.608E+07  1.619E+03
  4.211E+01  9.052E-01  2.616E+07  1.621E+03
  4.246E+01  9.093E-01  2.624E+07  1.624E+03
  4.282E+01  9.134E-01  2.632E+07  1.626E+03
  4.318E+01  9.175E-01  2.640E+07  1.629E+03
  4.354E+01  9.217E-01  2.648E+07  1.631E+03
  4.390E+01  9.259E-01  2.656E+07  1.633E+03
  4.427E+01  9.300E-01  2.664E+07  1.636E+03
  4.464E+01  9.342E-01  2.672E+07  1.638E+03
  4.501E+01  9.385E-01  2.680E+07  1.641E+03
  4.538E+01  9.427E-01  2.688E+07  1.643E+03
  4.576E+01  9.469E-01  2.697E+07  1.645E+03
  4.614E+01  9.512E-01  2.705E+07  1.648E+03
  4.652E+01  9.554E-01  2.713E+07  1.650E+03
  4.690E+01  9.597E-01  2.721E+07  1.652E+03
  4.729E+01  9.640E-01  2.730E+07  1.655E+03
  4.768E+01  9.683E-01  2.738E+07  1.657E+03
  4.808E+01  9.727E-01  2.747E+07  1.659E+03
  4.847E+01  9.770E-01  2.755E+07  1.662E+03
  4.887E+01  9.813E-01  2.763E+07  1.664E+03
  4.927E+01  9.857E-01  2.772E+07  1.666E+03
  4.968E+01  9.901E-01  2.780E+07  1.668E+03
  5.009E+01  9.945E-01  2.789E+07  1.671E+03
  5.050E+01  9.989E-01  2.798E+07  1.673E+03
  5.091E+01  1.003E+00  2.806E+07  1.675E+03
  5.133E+01  1.008E+00  2.815E+07  1.677E+03
  5.175E+01  1.012E+00  2.824E+07  1.680E+03
  5.217E+01  1.017E+00  2.832E+07  1.682E+03
  5.259E+01  1.021E+00  2.841E+07  1.684E+03
  5.302E+01  1.026E+00  2.850E+07  1.686E+03
  5.345E+01  1.030E+00  2.859E+07  1.688E+03
  5.389E+01  1.035E+00  2.868E+07  1.690E+03
  5.433E+01  1.039E+00  2.877E+07  1.693E+03
  5.477E+01  1.044E+00  2.885E+07  1.695E+03
  5.521E+01  1.048E+00  2.894E+07  1.697E+03
  5.566E+01  1.053E+00  2.903E+07  1.699E+03
  5.611E+01  1.058E+00  2.912E+07  1.701E+03
  5.657E+01  1.062E+00  2.921E+07  1.703E+03
  5.702E+01  1.067E+00  2.930E+07  1.706E+03
  5.748E+01  1.071E+00  2.940E+07  1.708E+03
  5.795E+01  1.076E+00  2.949E+07  1.710E+03
  5.841E+01  1.081E+00  2.958E+07  1.712E+03
  5.888E+01  1.085E+00  2.967E+07  1.714E+03
  5.936E+01  1.090E+00  2.976E+07  1.716E+03
  5.984E+01  1.095E+00  2.985E+07  1.718E+03
  6.032E+01  1.100E+00  2.995E+07  1.720E+03
  6.080E+01  1.104E+00  3.004E+07  1.722E+03
  6.129E+01  1.109E+00  3.013E+07  1.724E+03
  6.178E+01  1.114E+00  3.023E+07  1.726E+03
  6.227E+01  1.119E+00  3.032E+07  1.728E+03
  6.277E+01  1.123E+00  3.041E+07  1.731E+03
  6.328E+01  1.128E+00  3.051E+07  1.733E+03
  6.378E+01  1.133E+00  3.060E+07  1.735E+03
  6.429E+01  1.138E+00  3.070E+07  1.737E+03
  6.480E+01  1.143E+00  3.079E+07  1.739E+03
  6.532E+01  1.148E+00  3.089E+07  1.741E+03
  6.584E+01  1.152E+00  3.098E+07  1.743E+03
  6.636E+01  1.157E+00  3.108E+07  1.745E+03
  6.689E+01  1.162E+00  3.117E+07  1.747E+03
  6.742E+01  1.167E+00  3.127E+07  1.749E+03
  6.796E+01  1.172E+00  3.137E+07  1.751E+03
  6.850E+01  1.177E+00  3.146E+07  1.753E+03
  6.904E+01  1.182E+00  3.156E+07  1.755E+03
  6.959E+01  1.187E+00  3.166E+07  1.757E+03
  7.014E+01  1.192E+00  3.176E+07  1.759E+03
  7.069E+01  1.197E+00  3.185E+07  1.761E+03
  7.125E+01  1.202E+00  3.195E+07  1.763E+03
  7.182E+01  1.207E+00  3.205E+07  1.765E+03
  7.238E+01  1.212E+00  3.215E+07  1.767E+03
  7.295E+01  1.217E+00  3.225E+07  1.769E+03
  7.353E+01  1.222E+00  3.235E+07  1.770E+03
  7.411E+01  1.227E+00  3.245E+07  1.772E+03
  7.469E+01  1.233E+00  3.254E+07  1.774E+03
  7.528E+01  1.238E+00  3.264E+07  1.776E+03
  7.587E+01  1.243E+00  3.274E+07  1.778E+03
  7.647E+01  1.248E+00  3.284E+07  1.780E+03
  7.707E+01  1.253E+00  3.294E+07  1.782E+03
  7.767E+01  1.258E+00  3.304E+07  1.784E+03
  7.828E+01  1.264E+00  3.315E+07  1.786E+03
  7.890E+01  1.269E+00  3.325E+07  1.788E+03
  7.952E+01  1.274E+00  3.335E+07  1.790E+03
  8.014E+01  1.279E+00  3.345E+07  1.792E+03
  8.077E+01  1.284E+00  3.355E+07  1.794E+03
  8.140E+01  1.290E+00  3.365E+07  1.796E+03
  8.203E+01  1.295E+00  3.375E+07  1.798E+03
  8.267E+01  1.300E+00  3.385E+07  1.800E+03
  8.332E+01  1.306E+00  3.396E+07  1.802E+03
  8.397E+01  1.311E+00  3.406E+07  1.803E+03
  8.462E+01  1.316E+00  3.416E+07  1.805E+03
  8.528E+01  1.322E+00  3.426E+07  1.807E+03
  8.595E+01  1.327E+00  3.437E+07  1.809E+03
  8.662E+01  1.332E+00  3.447E+07  1.811E+03
  8.729E+01  1.338E+00  3.457E+07  1.813E+03
  8.797E+01  1.343E+00  3.468E+07  1.815E+03
  8.865E+01  1.349E+00  3.478E+07  1.817E+03
  8.934E+01  1.354E+00  3.488E+07  1.819E+03
  9.003E+01  1.360E+00  3.499E+07  1.821E+03
  9.073E+01  1.365E+00  3.509E+07  1.823E+03
  9.143E+01  1.371E+00  3.519E+07  1.825E+03
  9.214E+01  1.376E+00  3.530E+07  1.826E+03
  9.286E+01  1.382E+00  3.540E+07  1.828E+03
  9.357E+01  1.387E+00  3.551E+07  1.830E+03
  9.430E+01  1.393E+00  3.561E+07  1.832E+03
  9.503E+01  1.398E+00  3.572E+07  1.834E+03
  9.576E+01  1.404E+00  3.582E+07  1.836E+03
  9.650E+01  1.409E+00  3.593E+07  1.838E+03
  9.725E+01  1.415E+00  3.603E+07  1.840E+03
  9.800E+01  1.421E+00  3.614E+07  1.842E+03
  9.875E+01  1.426E+00  3.624E+07  1.844E+03
  9.951E+01  1.432E+00  3.635E+07  1.846E+03
  1.003E+02  1.437E+00  3.645E+07  1.848E+03
  1.011E+02  1.443E+00  3.656E+07  1.850E+03
  1.018E+02  1.449E+00  3.666E+07  1.852E+03
  1.026E+02  1.454E+00  3.677E+07  1.853E+03
  1.034E+02  1.460E+00  3.687E+07  1.855E+03
  1.042E+02  1.466E+00  3.698E+07  1.857E+03
  1.050E+02  1.472E+00  3.708E+07  1.859E+03
  1.058E+02  1.477E+00  3.719E+07  1.861E+03
  1.066E+02  1.483E+00  3.730E+07  1.863E+03
  1.074E+02  1.489E+00  3.740E+07  1.865E+03
  1.083E+02  1.495E+00  3.751E+07  1.867E+03
  1.091E+02  1.500E+00  3.761E+07  1.869E+03
  1.099E+02  1.506E+00  3.772E+07  1.871E+03
  1.108E+02  1.512E+00  3.783E+07  1.873E+03
  1.116E+02  1.518E+00  3.793E+07  1.875E+03
  1.125E+02  1.524E+00  3.804E+07  1.877E+03
  1.133E+02  1.530E+00  3.814E+07  1.879E+03
  1.142E+02  1.536E+00  3.825E+07  1.881E+03
  1.151E+02  1.541E+00  3.836E+07  1.883E+03
  1.159E+02  1.547E+00  3.846E+07  1.885E+03
  1.168E+02  1.553E+00  3.857E+07  1.887E+03
  1.177E+02  1.559E+00  3.868E+07  1.889E+03
  1.186E+02  1.565E+00  3.878E+07  1.891E+03
  1.195E+02  1.571E+00  3.889E+07  1.893E+03
  1.204E+02  1.577E+00  3.899E+07  1.895E+03
  1.213E+02  1.583E+00  3.910E+07  1.897E+03
  1.223E+02  1.589E+00  3.921E+07  1.899E+03
  1.232E+02  1.595E+00  3.931E+07  1.901E+03
  1.241E+02  1.601E+00  3.942E+07  1.903E+03
  1.251E+02  1.607E+00  3.952E+07  1.905E+03
  1.260E+02  1.613E+00  3.963E+07  1.907E+03
  1.270E+02  1.619E+00  3.974E+07  1.909E+03
  1.279E+02  1.625E+00  3.984E+07  1.911E+03
  1.289E+02  1.631E+00  3.995E+07  1.913E+03
  1.299E+02  1.637E+00  4.005E+07  1.915E+03
  1.309E+02  1.643E+00  4.016E+07  1.917E+03
  1.319E+02  1.649E+00  4.027E+07  1.919E+03
  1.329E+02  1.656E+00  4.037E+07  1.921E+03
  1.339E+02  1.662E+00  4.048E+07  1.923E+03
  1.349E+02  1.668E+00  4.058E+07  1.925E+03
  1.359E+02  1.674E+00  4.069E+07  1.927E+03
  1.369E+02  1.680E+00  4.079E+07  1.930E+03
  1.380E+02  1.686E+00  4.090E+07  1.932E+03
  1.390E+02  1.692E+00  4.101E+07  1.934E+03
  1.401E+02  1.699E+00  4.111E+07  1.936E+03
  1.411E+02  1.705E+00  4.122E+07  1.938E+03
  1.422E+02  1.711E+00  4.132E+07  1.940E+03
  1.433E+02  1.717E+00  4.143E+07  1.942E+03
  1.444E+02  1.723E+00  4.153E+07  1.944E+03
  1.454E+02  1.730E+00  4.163E+07  1.946E+03
  1.465E+02  1.736E+00  4.174E+07  1.949E+03
  1.476E+02  1.742E+00  4.184E+07  1.951E+03
  1.488E+02  1.748E+00  4.195E+07  1.953E+03
  1.499E+02  1.755E+00  4.205E+07  1.955E+03
  1.510E+02  1.761E+00  4.216E+07  1.957E+03
  1.521E+02  1.767E+00  4.226E+07  1.959E+03
  1.533E+02  1.774E+00  4.236E+07  1.961E+03
  1.544E+02  1.780E+00  4.247E+07  1.964E+03
  1.556E+02  1.786E+00  4.257E+07  1.966E+03
  1.568E+02  1.793E+00  4.267E+07  1.968E+03
  1.580E+02  1.799E+00  4.278E+07  1.970E+03
  1.591E+02  1.805E+00  4.288E+07  1.972E+03
  1.603E+02  1.812E+00  4.298E+07  1.975E+03
  1.615E+02  1.818E+00  4.308E+07  1.977E+03
  1.628E+02  1.824E+00  4.319E+07  1.979E+03
  1.640E+02  1.831E+00  4.329E+07  1.981E+03
  1.652E+02  1.837E+00  4.339E+07  1.983E+03
  1.665E+02  1.843E+00  4.349E+07  1.986E+03
  1.677E+02  1.850E+00  4.359E+07  1.988E+03
  1.690E+02  1.856E+00  4.370E+07  1.990E+03
  1.702E+02  1.863E+00  4.380E+07  1.992E+03
  1.715E+02  1.869E+00  4.390E+07  1.995E+03
  1.728E+02  1.875E+00  4.400E+07  1.997E+03
  1.741E+02  1.882E+00  4.410E+07  1.999E+03
  1.754E+02  1.888E+00  4.420E+07  2.002E+03
  1.767E+02  1.895E+00  4.430E+07  2.004E+03
  1.780E+02  1.901E+00  4.440E+07  2.006E+03
  1.793E+02  1.908E+00  4.450E+07  2.008E+03
  1.807E+02  1.914E+00  4.460E+07  2.011E+03
  1.820E+02  1.920E+00  4.470E+07  2.013E+03
  1.834E+02  1.927E+00  4.480E+07  2.015E+03
  1.848E+02  1.933E+00  4.490E+07  2.018E+03
  1.862E+02  1.940E+00  4.499E+07  2.020E+03
  1.875E+02  1.946E+00  4.509E+07  2.022E+03
  1.889E+02  1.953E+00  4.519E+07  2.025E+03
  1.904E+02  1.959E+00  4.529E+07  2.027E+03
  1.918E+02  1.966E+00  4.538E+07  2.029E+03
  1.932E+02  1.972E+00  4.548E+07  2.032E+03
  1.946E+02  1.979E+00  4.558E+07  2.034E+03
  1.961E+02  1.985E+00  4.567E+07  2.036E+03
  1.976E+02  1.992E+00  4.577E+07  2.039E+03
  1.990E+02  1.998E+00  4.587E+07  2.041E+03
  2.005E+02  2.005E+00  4.596E+07  2.043E+03
  2.020E+02  2.011E+00  4.606E+07  2.046E+03
  2.035E+02  2.018E+00  4.615E+07  2.048E+03
  2.050E+02  2.024E+00  4.625E+07  2.051E+03
  2.066E+02  2.031E+00  4.634E+07  2.053E+03
  2.081E+02  2.037E+00  4.644E+07  2.055E+03
  2.096E+02  2.044E+00  4.653E+07  2.058E+03
  2.112E+02  2.050E+00  4.662E+07  2.060E+03
  2.128E+02  2.057E+00  4.672E+07  2.063E+03
  2.144E+02  2.063E+00  4.681E+07  2.065E+03
  2.159E+02  2.070E+00  4.690E+07  2.067E+03
  2.176E+02  2.076E+00  4.699E+07  2.070E+03
  2.192E+02  2.083E+00  4.709E+07  2.072E+03
  2.208E+02  2.089E+00  4.718E+07  2.075E+03
  2.224E+02  2.096E+00  4.727E+07  2.077E+03
  2.241E+02  2.102E+00  4.736E+07  2.080E+03
  2.257E+02  2.109E+00  4.745E+07  2.082E+03
  2.274E+02  2.115E+00  4.754E+07  2.085E+03
  2.291E+02  2.122E+00  4.763E+07  2.087E+03
  2.308E+02  2.128E+00  4.772E+07  2.089E+03
  2.325E+02  2.135E+00  4.781E+07  2.092E+03
  2.342E+02  2.141E+00  4.790E+07  2.094E+03
  2.360E+02  2.148E+00  4.799E+07  2.097E+03
  2.377E+02  2.154E+00  4.807E+07  2.099E+03
  2.395E+02  2.161E+00  4.816E+07  2.102E+03
  2.413E+02  2.167E+00  4.825E+07  2.104E+03
  2.431E+02  2.174E+00  4.834E+07  2.107E+03
  2.449E+02  2.180E+00  4.842E+07  2.109E+03
  2.467E+02  2.186E+00  4.851E+07  2.112E+03
  2.485E+02  2.193E+00  4.859E+07  2.114E+03
  2.503E+02  2.199E+00  4.868E+07  2.117E+03
  2.522E+02  2.206E+00  4.877E+07  2.119E+03
  2.541E+02  2.212E+00  4.885E+07  2.122E+03
  2.559E+02  2.219E+00  4.893E+07  2.124E+03
  2.578E+02  2.225E+00  4.902E+07  2.127E+03
  2.597E+02  2.231E+00  4.910E+07  2.129E+03
  2.617E+02  2.238E+00  4.919E+07  2.132E+03
  2.636E+02  2.244E+00  4.927E+07  2.134E+03
  2.655E+02  2.251E+00  4.935E+07  2.137E+03
  2.675E+02  2.257E+00  4.943E+07  2.139E+03
  2.695E+02  2.263E+00  4.951E+07  2.142E+03
  2.715E+02  2.270E+00  4.960E+07  2.144E+03
  2.735E+02  2.276E+00  4.968E+07  2.147E+03
  2.755E+02  2.283E+00  4.976E+07  2.149E+03
  2.775E+02  2.289E+00  4.984E+07  2.152E+03
  2.796E+02  2.295E+00  4.992E+07  2.154E+03
  2.816E+02  2.302E+00  5.000E+07  2.157E+03
  2.837E+02  2.308E+00  5.007E+07  2.159E+03
  2.858E+02  2.314E+00  5.015E+07  2.162E+03
  2.879E+02  2.321E+00  5.023E+07  2.164E+03
  2.900E+02  2.327E+00  5.031E+07  2.167E+03
  2.922E+02  2.333E+00  5.039E+07  2.170E+03
  2.943E+02  2.339E+00  5.046E+07  2.172E+03
  2.965E+02  2.346E+00  5.054E+07  2.175E+03
  2.987E+02  2.352E+00  5.061E+07  2.177E+03
  3.009E+02  2.358E+00  5.069E+07  2.180E+03
  3.031E+02  2.364E+00  5.077E+07  2.182E+03
  3.053E+02  2.371E+00  5.084E+07  2.185E+03
  3.076E+02  2.377E+00  5.091E+07  2.187E+03
  3.098E+02  2.383E+00  5.099E+07  2.190E+03
  3.121E+02  2.389E+00  5.106E+07  2.192E+03
  3.144E+02  2.395E+00  5.114E+07  2.195E+03
  3.167E+02  2.401E+00  5.121E+07  2.197E+03
  3.191E+02  2.408E+00  5.128E+07  2.200E+03
  3.214E+02  2.414E+00  5.135E+07  2.202E+03
  3.238E+02  2.420E+00  5.142E+07  2.205E+03
  3.262E+02  2.426E+00  5.149E+07  2.207E+03
  3.286E+02  2.432E+00  5.156E+07  2.210E+03
  3.310E+02  2.438E+00  5.163E+07  2.212E+03
  3.334E+02  2.444E+00  5.170E+07  2.215E+03
  3.358E+02  2.450E+00  5.177E+07  2.217E+03
  3.383E+02  2.456E+00  5.184E+07  2.220E+03
  3.408E+02  2.462E+00  5.191E+07  2.222E+03
  3.433E+02  2.468E+00  5.198E+07  2.225E+03
  3.458E+02  2.474E+00  5.205E+07  2.227E+03
  3.484E+02  2.480E+00  5.211E+07  2.230E+03
  3.509E+02  2.486E+00  5.218E+07  2.232E+03
  3.535E+02  2.492E+00  5.225E+07  2.235E+03
  3.561E+02  2.498E+00  5.231E+07  2.237E+03
  3.587E+02  2.504E+00  5.238E+07  2.240E+03
  3.613E+02  2.510E+00  5.244E+07  2.242E+03
  3.640E+02  2.516E+00  5.251E+07  2.245E+03
  3.667E+02  2.521E+00  5.257E+07  2.247E+03
  3.694E+02  2.527E+00  5.264E+07  2.249E+03
  3.721E+02  2.533E+00  5.270E+07  2.252E+03
  3.748E+02  2.539E+00  5.276E+07  2.254E+03
  3.775E+02  2.545E+00  5.283E+07  2.257E+03
  3.803E+02  2.550E+00  5.289E+07  2.259E+03
  3.831E+02  2.556E+00  5.295E+07  2.262E+03
  3.859E+02  2.562E+00  5.301E+07  2.264E+03
  3.887E+02  2.567E+00  5.307E+07  2.267E+03
  3.916E+02  2.573E+00  5.313E+07  2.269E+03
  3.945E+02  2.579E+00  5.319E+07  2.271E+03
  3.973E+02  2.584E+00  5.325E+07  2.274E+03
  4.003E+02  2.590E+00  5.331E+07  2.276E+03
  4.032E+02  2.596E+00  5.337E+07  2.279E+03
  4.061E+02  2.601E+00  5.343E+07  2.281E+03
  4.091E+02  2.607E+00  5.349E+07  2.283E+03
  4.121E+02  2.612E+00  5.355E+07  2.286E+03
  4.151E+02  2.618E+00  5.360E+07  2.288E+03
  4.182E+02  2.623E+00  5.366E+07  2.290E+03
  4.212E+02  2.629E+00  5.372E+07  2.293E+03
  4.243E+02  2.634E+00  5.377E+07  2.295E+03
  4.274E+02  2.640E+00  5.383E+07  2.298E+03
  4.305E+02  2.645E+00  5.388E+07  2.300E+03
  4.337E+02  2.651E+00  5.394E+07  2.302E+03
  4.369E+02  2.656E+00  5.399E+07  2.305E+03
  4.401E+02  2.661E+00  5.405E+07  2.307E+03
  4.433E+02  2.667E+00  5.410E+07  2.309E+03
  4.465E+02  2.672E+00  5.416E+07  2.312E+03
  4.498E+02  2.677E+00  5.421E+07  2.314E+03
  4.531E+02  2.682E+00  5.426E+07  2.316E+03
  4.564E+02  2.688E+00  5.431E+07  2.318E+03
  4.597E+02  2.693E+00  5.436E+07  2.321E+03
  4.631E+02  2.698E+00  5.442E+07  2.323E+03
  4.665E+02  2.703E+00  5.447E+07  2.325E+03
  4.699E+02  2.708E+00  5.452E+07  2.328E+03
  4.733E+02  2.714E+00  5.457E+07  2.330E+03
  4.768E+02  2.719E+00  5.462E+07  2.332E+03
  4.803E+02  2.724E+00  5.467E+07  2.334E+03
  4.838E+02  2.729E+00  5.472E+07  2.337E+03
  4.873E+02  2.734E+00  5.477E+07  2.339E+03
  4.909E+02  2.739E+00  5.481E+07  2.341E+03
  4.944E+02  2.744E+00  5.486E+07  2.343E+03
  4.980E+02  2.749E+00  5.491E+07  2.345E+03
  5.017E+02  2.754E+00  5.496E+07  2.348E+03
  5.053E+02  2.759E+00  5.500E+07  2.350E+03
  5.090E+02  2.764E+00  5.505E+07  2.352E+03
  5.127E+02  2.768E+00  5.510E+07  2.354E+03
  5.165E+02  2.773E+00  5.514E+07  2.356E+03
  5.203E+02  2.778E+00  5.519E+07  2.359E+03
  5.241E+02  2.783E+00  5.523E+07  2.361E+03
  5.279E+02  2.788E+00  5.528E+07  2.363E+03
  5.317E+02  2.793E+00  5.532E+07  2.365E+03
  5.356E+02  2.797E+00  5.537E+07  2.367E+03
  5.395E+02  2.802E+00  5.541E+07  2.369E+03
  5.434E+02  2.807E+00  5.545E+07  2.371E+03
  5.474E+02  2.811E+00  5.550E+07  2.373E+03
  5.514E+02  2.816E+00  5.554E+07  2.375E+03
  5.554E+02  2.821E+00  5.558E+07  2.378E+03
  5.595E+02  2.825E+00  5.562E+07  2.380E+03
  5.635E+02  2.830E+00  5.567E+07  2.382E+03
  5.677E+02  2.834E+00  5.571E+07  2.384E+03
  5.718E+02  2.839E+00  5.575E+07  2.386E+03
  5.760E+02  2.843E+00  5.579E+07  2.388E+03
  5.802E+02  2.848E+00  5.583E+07  2.390E+03
  5.844E+02  2.852E+00  5.587E+07  2.392E+03
  5.886E+02  2.857E+00  5.591E+07  2.394E+03
  5.929E+02  2.861E+00  5.595E+07  2.396E+03
  5.972E+02  2.865E+00  5.599E+07  2.398E+03
  6.016E+02  2.870E+00  5.603E+07  2.400E+03
  6.060E+02  2.874E+00  5.606E+07  2.402E+03
  6.104E+02  2.878E+00  5.610E+07  2.404E+03
  6.148E+02  2.883E+00  5.614E+07  2.406E+03
  6.193E+02  2.887E+00  5.618E+07  2.408E+03
  6.238E+02  2.891E+00  5.622E+07  2.410E+03
  6.284E+02  2.895E+00  5.625E+07  2.412E+03
  6.329E+02  2.900E+00  5.629E+07  2.414E+03
  6.375E+02  2.904E+00  5.632E+07  2.415E+03
  6.422E+02  2.908E+00  5.636E+07  2.417E+03
  6.469E+02  2.912E+00  5.640E+07  2.419E+03
  6.516E+02  2.916E+00  5.643E+07  2.421E+03
  6.563E+02  2.920E+00  5.647E+07  2.423E+03
  6.611E+02  2.924E+00  5.650E+07  2.425E+03
  6.659E+02  2.928E+00  5.654E+07  2.427E+03
  6.707E+02  2.932E+00  5.657E+07  2.429E+03
  6.756E+02  2.936E+00  5.660E+07  2.430E+03
  6.805E+02  2.940E+00  5.664E+07  2.432E+03
  6.855E+02  2.944E+00  5.667E+07  2.434E+03
  6.905E+02  2.948E+00  5.670E+07  2.436E+03
  6.955E+02  2.952E+00  5.674E+07  2.438E+03
  7.005E+02  2.956E+00  5.677E+07  2.439E+03
  7.056E+02  2.960E+00  5.680E+07  2.441E+03
  7.108E+02  2.963E+00  5.683E+07  2.443E+03
  7.159E+02  2.967E+00  5.687E+07  2.445E+03
  7.211E+02  2.971E+00  5.690E+07  2.447E+03
  7.264E+02  2.975E+00  5.693E+07  2.448E+03
  7.317E+02  2.979E+00  5.696E+07  2.450E+03
  7.370E+02  2.982E+00  5.699E+07  2.452E+03
  7.423E+02  2.986E+00  5.702E+07  2.453E+03
  7.477E+02  2.990E+00  5.705E+07  2.455E+03
  7.532E+02  2.993E+00  5.708E+07  2.457E+03
  7.586E+02  2.997E+00  5.711E+07  2.459E+03
  7.642E+02  3.000E+00  5.714E+07  2.460E+03
  7.697E+02  3.004E+00  5.717E+07  2.462E+03
  7.753E+02  3.008E+00  5.720E+07  2.464E+03
  7.809E+02  3.011E+00  5.723E+07  2.465E+03
  7.866E+02  3.015E+00  5.725E+07  2.467E+03
  7.923E+02  3.018E+00  5.728E+07  2.469E+03
  7.981E+02  3.022E+00  5.731E+07  2.470E+03
  8.039E+02  3.025E+00  5.734E+07  2.472E+03
  8.097E+02  3.028E+00  5.737E+07  2.473E+03
  8.156E+02  3.032E+00  5.739E+07  2.475E+03
  8.215E+02  3.035E+00  5.742E+07  2.477E+03
  8.275E+02  3.039E+00  5.745E+07  2.478E+03
  8.335E+02  3.042E+00  5.747E+07  2.480E+03
  8.395E+02  3.045E+00  5.750E+07  2.481E+03
  8.456E+02  3.048E+00  5.753E+07  2.483E+03
  8.518E+02  3.052E+00  5.755E+07  2.484E+03
  8.579E+02  3.055E+00  5.758E+07  2.486E+03
  8.642E+02  3.058E+00  5.760E+07  2.487E+03
  8.704E+02  3.061E+00  5.763E+07  2.489E+03
  8.768E+02  3.065E+00  5.765E+07  2.491E+03
  8.831E+02  3.068E+00  5.768E+07  2.492E+03
  8.895E+02  3.071E+00  5.770E+07  2.494E+03
  8.960E+02  3.074E+00  5.773E+07  2.495E+03
  9.025E+02  3.077E+00  5.775E+07  2.496E+03
  9.090E+02  3.080E+00  5.777E+07  2.498E+03
  9.156E+02  3.083E+00  5.780E+07  2.499E+03
  9.223E+02  3.086E+00  5.782E+07  2.501E+03
  9.290E+02  3.089E+00  5.785E+07  2.502E+03
  9.357E+02  3.092E+00  5.787E+07  2.504E+03
  9.425E+02  3.095E+00  5.789E+07  2.505E+03
  9.493E+02  3.098E+00  5.791E+07  2.507E+03
  9.562E+02  3.101E+00  5.794E+07  2.508E+03
  9.631E+02  3.104E+00  5.796E+07  2.509E+03
  9.701E+02  3.107E+00  5.798E+07  2.511E+03
  9.772E+02  3.110E+00  5.800E+07  2.512E+03
  9.843E+02  3.113E+00  5.803E+07  2.514E+03
  9.914E+02  3.116E+00  5.805E+07  2.515E+03
  9.986E+02  3.119E+00  5.807E+07  2.516E+03
  1.006E+03  3.122E+00  5.809E+07  2.518E+03
  1.013E+03  3.124E+00  5.811E+07  2.519E+03
  1.020E+03  3.127E+00  5.813E+07  2.520E+03
  1.028E+03  3.130E+00  5.815E+07  2.522E+03
  1.035E+03  3.133E+00  5.817E+07  2.523E+03
  1.043E+03  3.135E+00  5.819E+07  2.524E+03
  1.050E+03  3.138E+00  5.821E+07  2.526E+03
  1.058E+03  3.141E+00  5.824E+07  2.527E+03
  1.066E+03  3.144E+00  5.826E+07  2.528E+03
  1.073E+03  3.146E+00  5.827E+07  2.530E+03
  1.081E+03  3.149E+00  5.829E+07  2.531E+03
  1.089E+03  3.152E+00  5.831E+07  2.532E+03
  1.097E+03  3.154E+00  5.833E+07  2.533E+03
  1.105E+03  3.157E+00  5.835E+07  2.535E+03
  1.113E+03  3.159E+00  5.837E+07  2.536E+03
  1.121E+03  3.162E+00  5.839E+07  2.537E+03
  1.129E+03  3.165E+00  5.841E+07  2.538E+03
  1.137E+03  3.167E+00  5.843E+07  2.540E+03
  1.145E+03  3.170E+00  5.845E+07  2.541E+03
  1.154E+03  3.172E+00  5.846E+07  2.542E+03
  1.162E+03  3.175E+00  5.848E+07  2.543E+03
  1.170E+03  3.177E+00  5.850E+07  2.544E+03
  1.179E+03  3.180E+00  5.852E+07  2.546E+03
  1.188E+03  3.182E+00  5.854E+07  2.547E+03
  1.196E+03  3.184E+00  5.855E+07  2.548E+03
  1.205E+03  3.187E+00  5.857E+07  2.549E+03
  1.213E+03  3.189E+00  5.859E+07  2.550E+03
  1.222E+03  3.192E+00  5.861E+07  2.552E+03
  1.231E+03  3.194E+00  5.862E+07  2.553E+03
  1.240E+03  3.196E+00  5.864E+07  2.554E+03
  1.249E+03  3.199E+00  5.866E+07  2.555E+03
  1.258E+03  3.201E+00  5.867E+07  2.556E+03
  1.267E+03  3.203E+00  5.869E+07  2.557E+03
  1.276E+03  3.206E+00  5.871E+07  2.558E+03
  1.286E+03  3.208E+00  5.872E+07  2.560E+03
  1.295E+03  3.210E+00  5.874E+07  2.561E+03
  1.304E+03  3.213E+00  5.876E+07  2.562E+03
  1.314E+03  3.215E+00  5.877E+07  2.563E+03
  1.323E+03  3.217E+00  5.879E+07  2.564E+03
  1.333E+03  3.219E+00  5.880E+07  2.565E+03
  1.342E+03  3.222E+00  5.882E+07  2.566E+03
  1.352E+03  3.224E+00  5.883E+07  2.567E+03
  1.362E+03  3.226E+00  5.885E+07  2.568E+03
  1.372E+03  3.228E+00  5.887E+07  2.569E+03
  1.382E+03  3.230E+00  5.888E+07  2.570E+03
  1.392E+03  3.232E+00  5.890E+07  2.571E+03
  1.402E+03  3.235E+00  5.891E+07  2.572E+03
  1.412E+03  3.237E+00  5.893E+07  2.574E+03
  1.422E+03  3.239E+00  5.894E+07  2.575E+03
  1.432E+03  3.241E+00  5.895E+07  2.576E+03
  1.443E+03  3.243E+00  5.897E+07  2.577E+03
  1.453E+03  3.245E+00  5.898E+07  2.578E+03
  1.464E+03  3.247E+00  5.900E+07  2.579E+03
  1.474E+03  3.249E+00  5.901E+07  2.580E+03
  1.485E+03  3.251E+00  5.903E+07  2.581E+03
  1.496E+03  3.253E+00  5.904E+07  2.582E+03
  1.507E+03  3.255E+00  5.905E+07  2.583E+03
  1.517E+03  3.257E+00  5.907E+07  2.584E+03
  1.528E+03  3.259E+00  5.908E+07  2.585E+03
  1.539E+03  3.261E+00  5.910E+07  2.586E+03
  1.551E+03  3.263E+00  5.911E+07  2.587E+03
  1.562E+03  3.265E+00  5.912E+07  2.588E+03
  1.573E+03  3.267E+00  5.914E+07  2.589E+03
  1.585E+03  3.269E+00  5.915E+07  2.590E+03
  1.596E+03  3.271E+00  5.916E+07  2.590E+03
  1.608E+03  3.273E+00  5.918E+07  2.591E+03
  1.619E+03  3.275E+00  5.919E+07  2.592E+03
  1.631E+03  3.277E+00  5.920E+07  2.593E+03
  1.643E+03  3.279E+00  5.921E+07  2.594E+03
  1.655E+03  3.281E+00  5.923E+07  2.595E+03
  1.666E+03  3.283E+00  5.924E+07  2.596E+03
  1.679E+03  3.284E+00  5.925E+07  2.597E+03
  1.691E+03  3.286E+00  5.927E+07  2.598E+03
  1.703E+03  3.288E+00  5.928E+07  2.599E+03
  1.715E+03  3.290E+00  5.929E+07  2.600E+03
  1.728E+03  3.292E+00  5.930E+07  2.601E+03
  1.740E+03  3.294E+00  5.932E+07  2.602E+03
  1.753E+03  3.296E+00  5.933E+07  2.603E+03
  1.765E+03  3.297E+00  5.934E+07  2.603E+03
  1.778E+03  3.299E+00  5.935E+07  2.604E+03
  1.791E+03  3.301E+00  5.936E+07  2.605E+03
  1.804E+03  3.303E+00  5.938E+07  2.606E+03
  1.817E+03  3.305E+00  5.939E+07  2.607E+03
  1.830E+03  3.306E+00  5.940E+07  2.608E+03
  1.843E+03  3.308E+00  5.941E+07  2.609E+03
  1.857E+03  3.310E+00  5.942E+07  2.610E+03
  1.870E+03  3.312E+00  5.943E+07  2.611E+03
  1.884E+03  3.313E+00  5.945E+07  2.611E+03
  1.897E+03  3.315E+00  5.946E+07  2.612E+03
  1.911E+03  3.317E+00  5.947E+07  2.613E+03
  1.925E+03  3.319E+00  5.948E+07  2.614E+03
  1.939E+03  3.320E+00  5.949E+07  2.615E+03
  1.953E+03  3.322E+00  5.950E+07  2.616E+03
  1.967E+03  3.324E+00  5.951E+07  2.617E+03
  1.981E+03  3.325E+00  5.952E+07  2.617E+03
  1.995E+03  3.327E+00  5.954E+07  2.618E+03
  2.010E+03  3.329E+00  5.955E+07  2.619E+03
  2.024E+03  3.330E+00  5.956E+07  2.620E+03
  2.039E+03  3.332E+00  5.957E+07  2.621E+03
  2.054E+03  3.334E+00  5.958E+07  2.622E+03
  2.068E+03  3.335E+00  5.959E+07  2.622E+03
  2.083E+03  3.337E+00  5.960E+07  2.623E+03
  2.098E+03  3.339E+00  5.961E+07  2.624E+03
  2.113E+03  3.340E+00  5.962E+07  2.625E+03
  2.129E+03  3.342E+00  5.963E+07  2.626E+03
  2.144E+03  3.344E+00  5.964E+07  2.626E+03
  2.160E+03  3.345E+00  5.965E+07  2.627E+03
  2.175E+03  3.347E+00  5.966E+07  2.628E+03
  2.191E+03  3.348E+00  5.967E+07  2.629E+03
  2.207E+03  3.350E+00  5.969E+07  2.630E+03
  2.223E+03  3.352E+00  5.970E+07  2.630E+03
  2.239E+03  3.353E+00  5.971E+07  2.631E+03
  2.255E+03  3.355E+00  5.972E+07  2.632E+03
  2.271E+03  3.356E+00  5.973E+07  2.633E+03
  2.288E+03  3.358E+00  5.974E+07  2.634E+03
  2.304E+03  3.359E+00  5.975E+07  2.634E+03
  2.321E+03  3.361E+00  5.976E+07  2.635E+03
  2.338E+03  3.363E+00  5.977E+07  2.636E+03
  2.354E+03  3.364E+00  5.978E+07  2.637E+03
  2.371E+03  3.366E+00  5.979E+07  2.638E+03
  2.389E+03  3.367E+00  5.980E+07  2.638E+03
  2.406E+03  3.369E+00  5.981E+07  2.639E+03
  2.423E+03  3.370E+00  5.982E+07  2.640E+03
  2.441E+03  3.372E+00  5.983E+07  2.641E+03
  2.458E+03  3.373E+00  5.984E+07  2.641E+03
  2.476E+03  3.375E+00  5.985E+07  2.642E+03
  2.494E+03  3.376E+00  5.986E+07  2.643E+03
  2.512E+03  3.378E+00  5.986E+07  2.644E+03
  2.530E+03  3.380E+00  5.987E+07  2.645E+03
  2.548E+03  3.381E+00  5.988E+07  2.645E+03
  2.567E+03  3.383E+00  5.989E+07  2.646E+03
  2.585E+03  3.384E+00  5.990E+07  2.647E+03
  2.604E+03  3.386E+00  5.991E+07  2.648E+03
  2.623E+03  3.387E+00  5.992E+07  2.648E+03
  2.642E+03  3.389E+00  5.993E+07  2.649E+03
  2.661E+03  3.390E+00  5.994E+07  2.650E+03
  2.680E+03  3.392E+00  5.995E+07  2.651E+03
  2.699E+03  3.393E+00  5.996E+07  2.651E+03
  2.719E+03  3.395E+00  5.997E+07  2.652E+03
  2.738E+03  3.396E+00  5.998E+07  2.653E+03
  2.758E+03  3.397E+00  5.999E+07  2.654E+03
  2.778E+03  3.399E+00  6.000E+07  2.654E+03
  2.798E+03  3.400E+00  6.001E+07  2.655E+03
  2.818E+03  3.402E+00  6.002E+07  2.656E+03
  2.839E+03  3.403E+00  6.002E+07  2.657E+03
  2.859E+03  3.405E+00  6.003E+07  2.657E+03
  2.880E+03  3.406E+00  6.004E+07  2.658E+03
  2.901E+03  3.408E+00  6.005E+07  2.659E+03
  2.921E+03  3.409E+00  6.006E+07  2.659E+03
  2.943E+03  3.411E+00  6.007E+07  2.660E+03
  2.964E+03  3.412E+00  6.008E+07  2.661E+03
  2.985E+03  3.414E+00  6.009E+07  2.662E+03
  3.007E+03  3.415E+00  6.010E+07  2.662E+03
  3.028E+03  3.417E+00  6.011E+07  2.663E+03
  3.050E+03  3.418E+00  6.012E+07  2.664E+03
  3.072E+03  3.419E+00  6.012E+07  2.665E+03
  3.094E+03  3.421E+00  6.013E+07  2.665E+03
  3.117E+03  3.422E+00  6.014E+07  2.666E+03
  3.139E+03  3.424E+00  6.015E+07  2.667E+03
  3.162E+03  3.425E+00  6.016E+07  2.668E+03
  3.185E+03  3.427E+00  6.017E+07  2.668E+03
  3.208E+03  3.428E+00  6.018E+07  2.669E+03
  3.231E+03  3.430E+00  6.019E+07  2.670E+03
  3.254E+03  3.431E+00  6.020E+07  2.671E+03
  3.278E+03  3.433E+00  6.020E+07  2.671E+03
  3.301E+03  3.434E+00  6.021E+07  2.672E+03
  3.325E+03  3.435E+00  6.022E+07  2.673E+03
  3.349E+03  3.437E+00  6.023E+07  2.673E+03
  3.373E+03  3.438E+00  6.024E+07  2.674E+03
  3.398E+03  3.440E+00  6.025E+07  2.675E+03
  3.422E+03  3.441E+00  6.026E+07  2.676E+03
  3.447E+03  3.443E+00  6.027E+07  2.676E+03
  3.472E+03  3.444E+00  6.027E+07  2.677E+03
  3.497E+03  3.446E+00  6.028E+07  2.678E+03
  3.522E+03  3.447E+00  6.029E+07  2.679E+03
  3.547E+03  3.448E+00  6.030E+07  2.679E+03
  3.573E+03  3.450E+00  6.031E+07  2.680E+03
  3.599E+03  3.451E+00  6.032E+07  2.681E+03
  3.625E+03  3.453E+00  6.033E+07  2.682E+03
  3.651E+03  3.454E+00  6.034E+07  2.682E+03
  3.677E+03  3.456E+00  6.034E+07  2.683E+03
  3.704E+03  3.457E+00  6.035E+07  2.684E+03
  3.730E+03  3.459E+00  6.036E+07  2.684E+03
  3.757E+03  3.460E+00  6.037E+07  2.685E+03
  3.784E+03  3.461E+00  6.038E+07  2.686E+03
  3.812E+03  3.463E+00  6.039E+07  2.687E+03
  3.839E+03  3.464E+00  6.040E+07  2.687E+03
  3.867E+03  3.466E+00  6.041E+07  2.688E+03
  3.895E+03  3.467E+00  6.041E+07  2.689E+03
  3.923E+03  3.469E+00  6.042E+07  2.690E+03
  3.951E+03  3.470E+00  6.043E+07  2.690E+03
  3.980E+03  3.472E+00  6.044E+07  2.691E+03
  4.008E+03  3.473E+00  6.045E+07  2.692E+03
  4.037E+03  3.475E+00  6.046E+07  2.693E+03
  4.066E+03  3.476E+00  6.047E+07  2.693E+03
  4.096E+03  3.478E+00  6.048E+07  2.694E+03
  4.125E+03  3.479E+00  6.048E+07  2.695E+03
  4.155E+03  3.480E+00  6.049E+07  2.696E+03
  4.185E+03  3.482E+00  6.050E+07  2.696E+03
  4.215E+03  3.483E+00  6.051E+07  2.697E+03
  4.246E+03  3.485E+00  6.052E+07  2.698E+03
  4.276E+03  3.486E+00  6.053E+07  2.699E+03
  4.307E+03  3.488E+00  6.054E+07  2.699E+03
  4.338E+03  3.489E+00  6.055E+07  2.700E+03
  4.369E+03  3.491E+00  6.056E+07  2.701E+03
  4.401E+03  3.492E+00  6.056E+07  2.702E+03
  4.433E+03  3.494E+00  6.057E+07  2.702E+03
  4.465E+03  3.495E+00  6.058E+07  2.703E+03
  4.497E+03  3.497E+00  6.059E+07  2.704E+03
  4.529E+03  3.498E+00  6.060E+07  2.705E+03
  4.562E+03  3.500E+00  6.061E+07  2.706E+03
  4.595E+03  3.501E+00  6.062E+07  2.706E+03
  4.628E+03  3.503E+00  6.063E+07  2.707E+03
  4.661E+03  3.505E+00  6.064E+07  2.708E+03
  4.695E+03  3.506E+00  6.064E+07  2.709E+03
  4.729E+03  3.508E+00  6.065E+07  2.709E+03
  4.763E+03  3.509E+00  6.066E+07  2.710E+03
  4.797E+03  3.511E+00  6.067E+07  2.711E+03
  4.832E+03  3.512E+00  6.068E+07  2.712E+03
  4.867E+03  3.514E+00  6.069E+07  2.713E+03
  4.902E+03  3.515E+00  6.070E+07  2.713E+03
  4.937E+03  3.517E+00  6.071E+07  2.714E+03
  4.973E+03  3.518E+00  6.072E+07  2.715E+03
  5.009E+03  3.520E+00  6.073E+07  2.716E+03
  5.045E+03  3.522E+00  6.073E+07  2.717E+03
  5.081E+03  3.523E+00  6.074E+07  2.717E+03
  5.118E+03  3.525E+00  6.075E+07  2.718E+03
  5.155E+03  3.526E+00  6.076E+07  2.719E+03
  5.192E+03  3.528E+00  6.077E+07  2.720E+03
  5.229E+03  3.530E+00  6.078E+07  2.721E+03
  5.267E+03  3.531E+00  6.079E+07  2.722E+03
  5.305E+03  3.533E+00  6.080E+07  2.722E+03
  5.343E+03  3.534E+00  6.081E+07  2.723E+03
  5.382E+03  3.536E+00  6.082E+07  2.724E+03
  5.420E+03  3.538E+00  6.083E+07  2.725E+03
  5.459E+03  3.539E+00  6.083E+07  2.726E+03
  5.499E+03  3.541E+00  6.084E+07  2.727E+03
  5.538E+03  3.542E+00  6.085E+07  2.727E+03
  5.578E+03  3.544E+00  6.086E+07  2.728E+03
  5.619E+03  3.546E+00  6.087E+07  2.729E+03
  5.659E+03  3.547E+00  6.088E+07  2.730E+03
  5.700E+03  3.549E+00  6.089E+07  2.731E+03
  5.741E+03  3.551E+00  6.090E+07  2.732E+03
  5.782E+03  3.552E+00  6.091E+07  2.733E+03
  5.824E+03  3.554E+00  6.092E+07  2.733E+03
  5.866E+03  3.556E+00  6.093E+07  2.734E+03
  5.908E+03  3.558E+00  6.094E+07  2.735E+03
  5.951E+03  3.559E+00  6.095E+07  2.736E+03
  5.994E+03  3.561E+00  6.096E+07  2.737E+03
  6.037E+03  3.563E+00  6.097E+07  2.738E+03
  6.081E+03  3.565E+00  6.098E+07  2.739E+03
  6.124E+03  3.566E+00  6.099E+07  2.740E+03
  6.168E+03  3.568E+00  6.100E+07  2.741E+03
  6.213E+03  3.570E+00  6.101E+07  2.742E+03
  6.258E+03  3.572E+00  6.102E+07  2.742E+03
  6.303E+03  3.573E+00  6.103E+07  2.743E+03
  6.348E+03  3.575E+00  6.104E+07  2.744E+03
  6.394E+03  3.577E+00  6.105E+07  2.745E+03
  6.440E+03  3.579E+00  6.106E+07  2.746E+03
  6.487E+03  3.581E+00  6.107E+07  2.747E+03
  6.533E+03  3.583E+00  6.108E+07  2.748E+03
  6.580E+03  3.584E+00  6.109E+07  2.749E+03
  6.628E+03  3.586E+00  6.110E+07  2.750E+03
  6.676E+03  3.588E+00  6.111E+07  2.751E+03
  6.724E+03  3.590E+00  6.112E+07  2.752E+03
  6.772E+03  3.592E+00  6.113E+07  2.753E+03
  6.821E+03  3.594E+00  6.114E+07  2.754E+03
  6.870E+03  3.596E+00  6.115E+07  2.755E+03
  6.920E+03  3.598E+00  6.116E+07  2.756E+03
  6.970E+03  3.600E+00  6.117E+07  2.757E+03
  7.020E+03  3.602E+00  6.119E+07  2.758E+03
  7.070E+03  3.604E+00  6.120E+07  2.759E+03
  7.121E+03  3.606E+00  6.121E+07  2.760E+03
  7.173E+03  3.608E+00  6.122E+07  2.761E+03
  7.224E+03  3.610E+00  6.123E+07  2.762E+03
  7.276E+03  3.612E+00  6.124E+07  2.763E+03
  7.329E+03  3.614E+00  6.125E+07  2.764E+03
  7.382E+03  3.616E+00  6.126E+07  2.765E+03
  7.435E+03  3.618E+00  6.127E+07  2.766E+03
  7.488E+03  3.620E+00  6.129E+07  2.767E+03
  7.542E+03  3.622E+00  6.130E+07  2.768E+03
  7.597E+03  3.624E+00  6.131E+07  2.770E+03
  7.651E+03  3.626E+00  6.132E+07  2.771E+03
  7.707E+03  3.628E+00  6.133E+07  2.772E+03
  7.762E+03  3.630E+00  6.134E+07  2.773E+03
  7.818E+03  3.633E+00  6.135E+07  2.774E+03
  7.874E+03  3.635E+00  6.137E+07  2.775E+03
  7.931E+03  3.637E+00  6.138E+07  2.776E+03
  7.988E+03  3.639E+00  6.139E+07  2.777E+03
  8.046E+03  3.641E+00  6.140E+07  2.778E+03
  8.104E+03  3.644E+00  6.141E+07  2.780E+03
  8.162E+03  3.646E+00  6.143E+07  2.781E+03
  8.221E+03  3.648E+00  6.144E+07  2.782E+03
  8.280E+03  3.650E+00  6.145E+07  2.783E+03
  8.340E+03  3.653E+00  6.146E+07  2.784E+03
  8.400E+03  3.655E+00  6.148E+07  2.786E+03
  8.461E+03  3.657E+00  6.149E+07  2.787E+03
  8.522E+03  3.660E+00  6.150E+07  2.788E+03
  8.583E+03  3.662E+00  6.151E+07  2.789E+03
  8.645E+03  3.665E+00  6.153E+07  2.790E+03
  8.707E+03  3.667E+00  6.154E+07  2.792E+03
  8.770E+03  3.669E+00  6.155E+07  2.793E+03
  8.833E+03  3.672E+00  6.157E+07  2.794E+03
  8.897E+03  3.674E+00  6.158E+07  2.796E+03
  8.961E+03  3.677E+00  6.159E+07  2.797E+03
  9.025E+03  3.677E+00  6.159E+07  2.797E+03
