  7.518E-02  0.000E+00  0.000E+00  0.000E+00
  1.257E-01  0.000E+00  0.000E+00  0.000E+00
  1.766E-01  0.000E+00  0.000E+00  0.000E+00
  2.279E-01  0.000E+00  0.000E+00  0.000E+00
  2.795E-01  0.000E+00  0.000E+00  0.000E+00
  3.316E-01  0.000E+00  0.000E+00  0.000E+00
  3.839E-01  0.000E+00  0.000E+00  0.000E+00
  4.367E-01  0.000E+00  0.000E+00  0.000E+00
  4.898E-01  0.000E+00  0.000E+00  0.000E+00
  5.434E-01  0.000E+00  0.000E+00  0.000E+00
  5.973E-01  0.000E+00  0.000E+00  0.000E+00
  6.516E-01  0.000E+00  0.000E+00  0.000E+00
  7.063E-01  0.000E+00  0.000E+00  0.000E+00
  7.614E-01  0.000E+00  0.000E+00  0.000E+00
  8.168E-01  0.000E+00  0.000E+00  0.000E+00
  8.727E-01  0.000E+00  0.000E+00  0.000E+00
  9.290E-01  0.000E+00  0.000E+00  0.000E+00
  9.857E-01  8.525E-03  1.058E+07  3.776E+01
  1.043E+00  1.671E-02  1.079E+07  7.255E+01
  1.100E+00  2.459E-02  1.099E+07  1.048E+02
  1.158E+00  3.220E-02  1.118E+07  1.349E+02
  1.217E+00  3.954E-02  1.136E+07  1.631E+02
  1.275E+00  4.666E-02  1.153E+07  1.897E+02
  1.335E+00  5.356E-02  1.168E+07  2.148E+02
  1.394E+00  6.026E-02  1.184E+07  2.386E+02
  1.454E+00  6.678E-02  1.198E+07  2.612E+02
  1.515E+00  7.312E-02  1.212E+07  2.828E+02
  1.576E+00  7.930E-02  1.225E+07  3.034E+02
  1.637E+00  8.532E-02  1.237E+07  3.231E+02
  1.699E+00  9.121E-02  1.249E+07  3.421E+02
  1.761E+00  9.696E-02  1.261E+07  3.604E+02
  1.824E+00  1.026E-01  1.272E+07  3.779E+02
  1.887E+00  1.081E-01  1.282E+07  3.949E+02
  1.950E+00  1.135E-01  1.293E+07  4.113E+02
  2.014E+00  1.188E-01  1.303E+07  4.271E+02
  2.079E+00  1.239E-01  1.312E+07  4.425E+02
  2.144E+00  1.290E-01  1.322E+07  4.574E+02
  2.209E+00  1.340E-01  1.331E+07  4.718E+02
  2.275E+00  1.389E-01  1.339E+07  4.859E+02
  2.342E+00  1.437E-01  1.348E+07  4.996E+02
  2.408E+00  1.485E-01  1.356E+07  5.129E+02
  2.476E+00  1.531E-01  1.364E+07  5.259E+02
  2.544E+00  1.577E-01  1.372E+07  5.386E+02
  2.612E+00  1.622E-01  1.380E+07  5.509E+02
  2.681E+00  1.667E-01  1.387E+07  5.630E+02
  2.750E+00  1.711E-01  1.394E+07  5.748E+02
  2.820E+00  1.754E-01  1.402E+07  5.864E+02
  2.890E+00  1.797E-01  1.409E+07  5.977E+02
  2.961E+00  1.839E-01  1.415E+07  6.088E+02
  3.032E+00  1.881E-01  1.422E+07  6.196E+02
  3.104E+00  1.922E-01  1.428E+07  6.303E+02
  3.176E+00  1.962E-01  1.435E+07  6.407E+02
  3.249E+00  2.002E-01  1.441E+07  6.510E+02
  3.323E+00  2.042E-01  1.447E+07  6.611E+02
  3.397E+00  2.081E-01  1.453E+07  6.710E+02
  3.471E+00  2.120E-01  1.459E+07  6.807E+02
  3.546E+00  2.159E-01  1.465E+07  6.903E+02
  3.622E+00  2.197E-01  1.471E+07  6.997E+02
  3.698E+00  2.234E-01  1.477E+07  7.089E+02
  3.774E+00  2.272E-01  1.482E+07  7.181E+02
  3.851E+00  2.308E-01  1.488E+07  7.270E+02
  3.929E+00  2.345E-01  1.493E+07  7.359E+02
  4.007E+00  2.381E-01  1.498E+07  7.446E+02
  4.086E+00  2.417E-01  1.504E+07  7.532E+02
  4.166E+00  2.453E-01  1.509E+07  7.617E+02
  4.246E+00  2.488E-01  1.514E+07  7.701E+02
  4.326E+00  2.524E-01  1.519E+07  7.783E+02
  4.407E+00  2.558E-01  1.524E+07  7.865E+02
  4.489E+00  2.593E-01  1.529E+07  7.945E+02
  4.571E+00  2.627E-01  1.534E+07  8.025E+02
  4.654E+00  2.661E-01  1.539E+07  8.103E+02
  4.738E+00  2.695E-01  1.544E+07  8.181E+02
  4.822E+00  2.729E-01  1.548E+07  8.257E+02
  4.907E+00  2.762E-01  1.553E+07  8.333E+02
  4.992E+00  2.796E-01  1.558E+07  8.408E+02
  5.078E+00  2.829E-01  1.562E+07  8.482E+02
  5.165E+00  2.862E-01  1.567E+07  8.556E+02
  5.252E+00  2.894E-01  1.572E+07  8.628E+02
  5.340E+00  2.927E-01  1.576E+07  8.700E+02
  5.428E+00  2.959E-01  1.581E+07  8.771E+02
  5.517E+00  2.991E-01  1.585E+07  8.841E+02
  5.607E+00  3.023E-01  1.590E+07  8.911E+02
  5.697E+00  3.055E-01  1.594E+07  8.980E+02
  5.788E+00  3.087E-01  1.598E+07  9.048E+02
  5.880E+00  3.118E-01  1.603E+07  9.116E+02
  5.972E+00  3.150E-01  1.607E+07  9.183E+02
  6.065E+00  3.181E-01  1.611E+07  9.249E+02
  6.159E+00  3.212E-01  1.616E+07  9.315E+02
  6.253E+00  3.243E-01  1.620E+07  9.380E+02
  6.348E+00  3.274E-01  1.624E+07  9.445E+02
  6.444E+00  3.305E-01  1.629E+07  9.509E+02
  6.540E+00  3.336E-01  1.633E+07  9.573E+02
  6.637E+00  3.367E-01  1.637E+07  9.636E+02
  6.735E+00  3.397E-01  1.641E+07  9.698E+02
  6.834E+00  3.428E-01  1.645E+07  9.760E+02
  6.933E+00  3.458E-01  1.650E+07  9.822E+02
  7.033E+00  3.488E-01  1.654E+07  9.883E+02
  7.133E+00  3.519E-01  1.658E+07  9.944E+02
  7.235E+00  3.549E-01  1.662E+07  1.000E+03
  7.337E+00  3.579E-01  1.666E+07  1.006E+03
  7.440E+00  3.609E-01  1.670E+07  1.012E+03
  7.543E+00  3.639E-01  1.674E+07  1.018E+03
  7.648E+00  3.669E-01  1.679E+07  1.024E+03
  7.753E+00  3.698E-01  1.683E+07  1.030E+03
  7.859E+00  3.728E-01  1.687E+07  1.036E+03
  7.965E+00  3.758E-01  1.691E+07  1.041E+03
  8.072E+00  3.788E-01  1.695E+07  1.047E+03
  8.181E+00  3.817E-01  1.699E+07  1.053E+03
  8.289E+00  3.847E-01  1.703E+07  1.058E+03
  8.399E+00  3.876E-01  1.707E+07  1.064E+03
  8.510E+00  3.906E-01  1.711E+07  1.069E+03
  8.621E+00  3.935E-01  1.716E+07  1.075E+03
  8.733E+00  3.965E-01  1.720E+07  1.080E+03
  8.846E+00  3.994E-01  1.724E+07  1.086E+03
  8.960E+00  4.024E-01  1.728E+07  1.091E+03
  9.074E+00  4.053E-01  1.732E+07  1.096E+03
  9.189E+00  4.082E-01  1.736E+07  1.102E+03
  9.306E+00  4.112E-01  1.740E+07  1.107E+03
  9.423E+00  4.141E-01  1.744E+07  1.112E+03
  9.540E+00  4.170E-01  1.748E+07  1.118E+03
  9.659E+00  4.200E-01  1.753E+07  1.123E+03
  9.779E+00  4.229E-01  1.757E+07  1.128E+03
  9.899E+00  4.258E-01  1.761E+07  1.133E+03
  1.002E+01  4.288E-01  1.765E+07  1.138E+03
  1.014E+01  4.317E-01  1.769E+07  1.143E+03
  1.027E+01  4.346E-01  1.773E+07  1.148E+03
  1.039E+01  4.376E-01  1.778E+07  1.153E+03
  1.051E+01  4.405E-01  1.782E+07  1.158E+03
  1.064E+01  4.434E-01  1.786E+07  1.163E+03
  1.077E+01  4.463E-01  1.790E+07  1.168E+03
  1.089E+01  4.493E-01  1.794E+07  1.173E+03
  1.102E+01  4.522E-01  1.799E+07  1.178E+03
  1.115E+01  4.551E-01  1.803E+07  1.183E+03
  1.128E+01  4.581E-01  1.807E+07  1.188E+03
  1.141E+01  4.610E-01  1.811E+07  1.193E+03
  1.155E+01  4.640E-01  1.816E+07  1.197E+03
  1.168E+01  4.669E-01  1.820E+07  1.202E+03
  1.181E+01  4.699E-01  1.824E+07  1.207E+03
  1.195E+01  4.728E-01  1.828E+07  1.212E+03
  1.208E+01  4.758E-01  1.833E+07  1.216E+03
  1.222E+01  4.787E-01  1.837E+07  1.221E+03
  1.236E+01  4.817E-01  1.841E+07  1.226E+03
  1.250E+01  4.846E-01  1.846E+07  1.230E+03
  1.264E+01  4.876E-01  1.850E+07  1.235E+03
  1.278E+01  4.906E-01  1.855E+07  1.239E+03
  1.292E+01  4.935E-01  1.859E+07  1.244E+03
  1.306E+01  4.965E-01  1.863E+07  1.248E+03
  1.321E+01  4.995E-01  1.868E+07  1.253E+03
  1.335E+01  5.025E-01  1.872E+07  1.257E+03
  1.350E+01  5.055E-01  1.877E+07  1.262E+03
  1.365E+01  5.084E-01  1.881E+07  1.266E+03
  1.379E+01  5.114E-01  1.886E+07  1.271E+03
  1.394E+01  5.144E-01  1.890E+07  1.275E+03
  1.409E+01  5.174E-01  1.895E+07  1.279E+03
  1.425E+01  5.205E-01  1.899E+07  1.284E+03
  1.440E+01  5.235E-01  1.904E+07  1.288E+03
  1.455E+01  5.265E-01  1.909E+07  1.292E+03
  1.471E+01  5.295E-01  1.913E+07  1.297E+03
  1.486E+01  5.325E-01  1.918E+07  1.301E+03
  1.502E+01  5.356E-01  1.923E+07  1.305E+03
  1.518E+01  5.386E-01  1.927E+07  1.309E+03
  1.534E+01  5.417E-01  1.932E+07  1.314E+03
  1.550E+01  5.447E-01  1.937E+07  1.318E+03
  1.566E+01  5.478E-01  1.941E+07  1.322E+03
  1.582E+01  5.508E-01  1.946E+07  1.326E+03
  1.599E+01  5.539E-01  1.951E+07  1.330E+03
  1.615E+01  5.570E-01  1.956E+07  1.334E+03
  1.632E+01  5.601E-01  1.960E+07  1.338E+03
  1.648E+01  5.632E-01  1.965E+07  1.343E+03
  1.665E+01  5.663E-01  1.970E+07  1.347E+03
  1.682E+01  5.694E-01  1.975E+07  1.351E+03
  1.699E+01  5.725E-01  1.980E+07  1.355E+03
  1.717E+01  5.756E-01  1.985E+07  1.359E+03
  1.734E+01  5.787E-01  1.990E+07  1.363E+03
  1.752E+01  5.818E-01  1.995E+07  1.367E+03
  1.769E+01  5.850E-01  2.000E+07  1.371E+03
  1.787E+01  5.881E-01  2.005E+07  1.374E+03
  1.805E+01  5.913E-01  2.010E+07  1.378E+03
  1.823E+01  5.944E-01  2.015E+07  1.382E+03
  1.841E+01  5.976E-01  2.020E+07  1.386E+03
  1.859E+01  6.008E-01  2.025E+07  1.390E+03
  1.877E+01  6.040E-01  2.030E+07  1.394E+03
  1.896E+01  6.072E-01  2.035E+07  1.398E+03
  1.915E+01  6.104E-01  2.041E+07  1.401E+03
  1.933E+01  6.136E-01  2.046E+07  1.405E+03
  1.952E+01  6.168E-01  2.051E+07  1.409E+03
  1.971E+01  6.200E-01  2.056E+07  1.413E+03
  1.991E+01  6.233E-01  2.062E+07  1.416E+03
  2.010E+01  6.265E-01  2.067E+07  1.420E+03
  2.029E+01  6.297E-01  2.072E+07  1.424E+03
  2.049E+01  6.330E-01  2.078E+07  1.427E+03
  2.069E+01  6.363E-01  2.083E+07  1.431E+03
  2.089E+01  6.395E-01  2.088E+07  1.435E+03
  2.109E+01  6.428E-01  2.094E+07  1.438E+03
  2.129E+01  6.461E-01  2.099E+07  1.442E+03
  2.149E+01  6.494E-01  2.105E+07  1.446E+03
  2.170E+01  6.527E-01  2.110E+07  1.449E+03
  2.190E+01  6.561E-01  2.116E+07  1.453E+03
  2.211E+01  6.594E-01  2.121E+07  1.456E+03
  2.232E+01  6.627E-01  2.127E+07  1.460E+03
  2.253E+01  6.661E-01  2.133E+07  1.463E+03
  2.274E+01  6.694E-01  2.138E+07  1.467E+03
  2.296E+01  6.728E-01  2.144E+07  1.470E+03
  2.317E+01  6.762E-01  2.150E+07  1.474E+03
  2.339E+01  6.796E-01  2.155E+07  1.477E+03
  2.361E+01  6.830E-01  2.161E+07  1.481E+03
  2.383E+01  6.864E-01  2.167E+07  1.484E+03
  2.405E+01  6.898E-01  2.173E+07  1.487E+03
  2.427E+01  6.932E-01  2.179E+07  1.491E+03
  2.450E+01  6.966E-01  2.184E+07  1.494E+03
  2.472E+01  7.001E-01  2.190E+07  1.498E+03
  2.495E+01  7.035E-01  2.196E+07  1.501E+03
  2.518E+01  7.070E-01  2.202E+07  1.504E+03
  2.541E+01  7.105E-01  2.208E+07  1.508E+03
  2.565E+01  7.140E-01  2.214E+07  1.511E+03
  2.588E+01  7.175E-01  2.220E+07  1.514E+03
  2.612E+01  7.210E-01  2.226E+07  1.517E+03
  2.635E+01  7.245E-01  2.232E+07  1.521E+03
  2.659E+01  7.280E-01  2.238E+07  1.524E+03
  2.684E+01  7.316E-01  2.245E+07  1.527E+03
  2.708E+01  7.351E-01  2.251E+07  1.530E+03
  2.732E+01  7.387E-01  2.257E+07  1.533E+03
  2.757E+01  7.422E-01  2.263E+07  1.537E+03
  2.782E+01  7.458E-01  2.269E+07  1.540E+03
  2.807E+01  7.494E-01  2.276E+07  1.543E+03
  2.832E+01  7.530E-01  2.282E+07  1.546E+03
  2.857E+01  7.566E-01  2.288E+07  1.549E+03
  2.883E+01  7.603E-01  2.295E+07  1.552E+03
  2.909E+01  7.639E-01  2.301E+07  1.555E+03
  2.935E+01  7.675E-01  2.308E+07  1.558E+03
  2.961E+01  7.712E-01  2.314E+07  1.561E+03
  2.987E+01  7.749E-01  2.321E+07  1.564E+03
  3.014E+01  7.785E-01  2.327E+07  1.567E+03
  3.040E+01  7.822E-01  2.334E+07  1.570E+03
  3.067E+01  7.860E-01  2.340E+07  1.573E+03
  3.094E+01  7.897E-01  2.347E+07  1.576E+03
  3.122E+01  7.934E-01  2.354E+07  1.579E+03
  3.149E+01  7.972E-01  2.360E+07  1.582E+03
  3.177E+01  8.009E-01  2.367E+07  1.585E+03
  3.205E+01  8.047E-01  2.374E+07  1.588E+03
  3.233E+01  8.085E-01  2.380E+07  1.591E+03
  3.261E+01  8.123E-01  2.387E+07  1.594E+03
  3.290E+01  8.161E-01  2.394E+07  1.597E+03
  3.318E+01  8.199E-01  2.401E+07  1.600E+03
  3.347E+01  8.238E-01  2.408E+07  1.603E+03
  3.376E+01  8.276E-01  2.415E+07  1.606E+03
  3.406E+01  8.315E-01  2.422E+07  1.609E+03
  3.435E+01  8.354E-01  2.429E+07  1.611E+03
  3.465E+01  8.393E-01  2.436E+07  1.614E+03
  3.495E+01  8.432E-01  2.443E+07  1.617E+03
  3.525E+01  8.471E-01  2.450E+07  1.620E+03
  3.555E+01  8.511E-01  2.457E+07  1.623E+03
  3.586E+01  8.550E-01  2.465E+07  1.625E+03
  3.617E+01  8.590E-01  2.472E+07  1.628E+03
  3.648E+01  8.630E-01  2.479E+07  1.631E+03
  3.679E+01  8.670E-01  2.486E+07  1.634E+03
  3.710E+01  8.710E-01  2.494E+07  1.636E+03
  3.742E+01  8.750E-01  2.501E+07  1.639E+03
  3.774E+01  8.791E-01  2.508E+07  1.642E+03
  3.806E+01  8.831E-01  2.516E+07  1.645E+03
  3.839E+01  8.872E-01  2.523E+07  1.647E+03
  3.871E+01  8.912E-01  2.531E+07  1.650E+03
  3.904E+01  8.953E-01  2.538E+07  1.653E+03
  3.937E+01  8.995E-01  2.546E+07  1.655E+03
  3.971E+01  9.036E-01  2.553E+07  1.658E+03
  4.004E+01  9.077E-01  2.561E+07  1.661E+03
  4.038E+01  9.119E-01  2.569E+07  1.663E+03
  4.072E+01  9.160E-01  2.576E+07  1.666E+03
  4.106E+01  9.202E-01  2.584E+07  1.668E+03
  4.141E+01  9.244E-01  2.592E+07  1.671E+03
  4.176E+01  9.286E-01  2.600E+07  1.674E+03
  4.211E+01  9.328E-01  2.607E+07  1.676E+03
  4.246E+01  9.371E-01  2.615E+07  1.679E+03
  4.282E+01  9.413E-01  2.623E+07  1.681E+03
  4.318E+01  9.456E-01  2.631E+07  1.684E+03
  4.354E+01  9.499E-01  2.639E+07  1.686E+03
  4.390E+01  9.542E-01  2.647E+07  1.689E+03
  4.427E+01  9.585E-01  2.655E+07  1.691E+03
  4.464E+01  9.628E-01  2.663E+07  1.694E+03
  4.501E+01  9.671E-01  2.671E+07  1.696E+03
  4.538E+01  9.715E-01  2.679E+07  1.699E+03
  4.576E+01  9.758E-01  2.687E+07  1.701E+03
  4.614E+01  9.802E-01  2.696E+07  1.704E+03
  4.652E+01  9.846E-01  2.704E+07  1.706E+03
  4.690E+01  9.890E-01  2.712E+07  1.709E+03
  4.729E+01  9.934E-01  2.720E+07  1.711E+03
  4.768E+01  9.979E-01  2.728E+07  1.713E+03
  4.808E+01  1.002E+00  2.737E+07  1.716E+03
  4.847E+01  1.007E+00  2.745E+07  1.718E+03
  4.887E+01  1.011E+00  2.754E+07  1.721E+03
  4.927E+01  1.016E+00  2.762E+07  1.723E+03
  4.968E+01  1.020E+00  2.770E+07  1.725E+03
  5.009E+01  1.025E+00  2.779E+07  1.728E+03
  5.050E+01  1.029E+00  2.787E+07  1.730E+03
  5.091E+01  1.034E+00  2.796E+07  1.733E+03
  5.133E+01  1.038E+00  2.805E+07  1.735E+03
  5.175E+01  1.043E+00  2.813E+07  1.737E+03
  5.217E+01  1.048E+00  2.822E+07  1.740E+03
  5.259E+01  1.052E+00  2.830E+07  1.742E+03
  5.302E+01  1.057E+00  2.839E+07  1.744E+03
  5.345E+01  1.062E+00  2.848E+07  1.746E+03
  5.389E+01  1.066E+00  2.857E+07  1.749E+03
  5.433E+01  1.071E+00  2.865E+07  1.751E+03
  5.477E+01  1.076E+00  2.874E+07  1.753E+03
  5.521E+01  1.080E+00  2.883E+07  1.756E+03
  5.566E+01  1.085E+00  2.892E+07  1.758E+03
  5.611E+01  1.090E+00  2.901E+07  1.760E+03
  5.657E+01  1.094E+00  2.910E+07  1.762E+03
  5.702E+01  1.099E+00  2.919E+07  1.765E+03
  5.748E+01  1.104E+00  2.928E+07  1.767E+03
  5.795E+01  1.109E+00  2.937E+07  1.769E+03
  5.841E+01  1.114E+00  2.946E+07  1.771E+03
  5.888E+01  1.118E+00  2.955E+07  1.773E+03
  5.936E+01  1.123E+00  2.964E+07  1.776E+03
  5.984E+01  1.128E+00  2.973E+07  1.778E+03
  6.032E+01  1.133E+00  2.982E+07  1.780E+03
  6.080E+01  1.138E+00  2.991E+07  1.782E+03
  6.129E+01  1.143E+00  3.000E+07  1.784E+03
  6.178E+01  1.148E+00  3.010E+07  1.787E+03
  6.227E+01  1.152E+00  3.019E+07  1.789E+03
  6.277E+01  1.157E+00  3.028E+07  1.791E+03
  6.328E+01  1.162E+00  3.037E+07  1.793E+03
  6.378E+01  1.167E+00  3.047E+07  1.795E+03
  6.429E+01  1.172E+00  3.056E+07  1.797E+03
  6.480E+01  1.177E+00  3.065E+07  1.799E+03
  6.532E+01  1.182E+00  3.075E+07  1.802E+03
  6.584E+01  1.187E+00  3.084E+07  1.804E+03
  6.636E+01  1.192E+00  3.094E+07  1.806E+03
  6.689E+01  1.197E+00  3.103E+07  1.808E+03
  6.742E+01  1.203E+00  3.113E+07  1.810E+03
  6.796E+01  1.208E+00  3.122E+07  1.812E+03
  6.850E+01  1.213E+00  3.132E+07  1.814E+03
  6.904E+01  1.218E+00  3.141E+07  1.816E+03
  6.959E+01  1.223E+00  3.151E+07  1.818E+03
  7.014E+01  1.228E+00  3.160E+07  1.821E+03
  7.069E+01  1.233E+00  3.170E+07  1.823E+03
  7.125E+01  1.238E+00  3.180E+07  1.825E+03
  7.182E+01  1.244E+00  3.189E+07  1.827E+03
  7.238E+01  1.249E+00  3.199E+07  1.829E+03
  7.295E+01  1.254E+00  3.209E+07  1.831E+03
  7.353E+01  1.259E+00  3.219E+07  1.833E+03
  7.411E+01  1.264E+00  3.228E+07  1.835E+03
  7.469E+01  1.270E+00  3.238E+07  1.837E+03
  7.528E+01  1.275E+00  3.248E+07  1.839E+03
  7.587E+01  1.280E+00  3.258E+07  1.841E+03
  7.647E+01  1.286E+00  3.268E+07  1.843E+03
  7.707E+01  1.291E+00  3.277E+07  1.845E+03
  7.767E+01  1.296E+00  3.287E+07  1.847E+03
  7.828E+01  1.302E+00  3.297E+07  1.849E+03
  7.890E+01  1.307E+00  3.307E+07  1.851E+03
  7.952E+01  1.312E+00  3.317E+07  1.854E+03
  8.014E+01  1.318E+00  3.327E+07  1.856E+03
  8.077E+01  1.323E+00  3.337E+07  1.858E+03
  8.140E+01  1.328E+00  3.347E+07  1.860E+03
  8.203E+01  1.334E+00  3.357E+07  1.862E+03
  8.267E+01  1.339E+00  3.367E+07  1.864E+03
  8.332E+01  1.345E+00  3.377E+07  1.866E+03
  8.397E+01  1.350E+00  3.387E+07  1.868E+03
  8.462E+01  1.356E+00  3.397E+07  1.870E+03
  8.528E+01  1.361E+00  3.407E+07  1.872E+03
  8.595E+01  1.367E+00  3.417E+07  1.874E+03
  8.662E+01  1.372E+00  3.427E+07  1.876E+03
  8.729E+01  1.378E+00  3.438E+07  1.878E+03
  8.797E+01  1.383E+00  3.448E+07  1.880E+03
  8.865E+01  1.389E+00  3.458E+07  1.882E+03
  8.934E+01  1.394E+00  3.468E+07  1.884E+03
  9.003E+01  1.400E+00  3.478E+07  1.886E+03
  9.073E+01  1.406E+00  3.488E+07  1.888E+03
  9.143E+01  1.411E+00  3.499E+07  1.890E+03
  9.214E+01  1.417E+00  3.509E+07  1.892E+03
  9.286E+01  1.423E+00  3.519E+07  1.894E+03
  9.357E+01  1.428E+00  3.529E+07  1.896E+03
  9.430E+01  1.434E+00  3.540E+07  1.898E+03
  9.503E+01  1.440E+00  3.550E+07  1.900E+03
  9.576E+01  1.445E+00  3.560E+07  1.902E+03
  9.650E+01  1.451E+00  3.570E+07  1.904E+03
  9.725E+01  1.457E+00  3.581E+07  1.906E+03
  9.800E+01  1.462E+00  3.591E+07  1.908E+03
  9.875E+01  1.468E+00  3.601E+07  1.910E+03
  9.951E+01  1.474E+00  3.612E+07  1.912E+03
  1.003E+02  1.480E+00  3.622E+07  1.914E+03
  1.011E+02  1.486E+00  3.632E+07  1.916E+03
  1.018E+02  1.491E+00  3.643E+07  1.918E+03
  1.026E+02  1.497E+00  3.653E+07  1.920E+03
  1.034E+02  1.503E+00  3.663E+07  1.922E+03
  1.042E+02  1.509E+00  3.674E+07  1.924E+03
  1.050E+02  1.515E+00  3.684E+07  1.926E+03
  1.058E+02  1.521E+00  3.694E+07  1.928E+03
  1.066E+02  1.526E+00  3.705E+07  1.930E+03
  1.074E+02  1.532E+00  3.715E+07  1.932E+03
  1.083E+02  1.538E+00  3.726E+07  1.935E+03
  1.091E+02  1.544E+00  3.736E+07  1.937E+03
  1.099E+02  1.550E+00  3.746E+07  1.939E+03
  1.108E+02  1.556E+00  3.757E+07  1.941E+03
  1.116E+02  1.562E+00  3.767E+07  1.943E+03
  1.125E+02  1.568E+00  3.778E+07  1.945E+03
  1.133E+02  1.574E+00  3.788E+07  1.947E+03
  1.142E+02  1.580E+00  3.798E+07  1.949E+03
  1.151E+02  1.586E+00  3.809E+07  1.951E+03
  1.159E+02  1.592E+00  3.819E+07  1.953E+03
  1.168E+02  1.598E+00  3.830E+07  1.955E+03
  1.177E+02  1.604E+00  3.840E+07  1.957E+03
  1.186E+02  1.610E+00  3.850E+07  1.959E+03
  1.195E+02  1.616E+00  3.861E+07  1.961E+03
  1.204E+02  1.622E+00  3.871E+07  1.963E+03
  1.213E+02  1.628E+00  3.882E+07  1.965E+03
  1.223E+02  1.634E+00  3.892E+07  1.967E+03
  1.232E+02  1.641E+00  3.903E+07  1.970E+03
  1.241E+02  1.647E+00  3.913E+07  1.972E+03
  1.251E+02  1.653E+00  3.923E+07  1.974E+03
  1.260E+02  1.659E+00  3.934E+07  1.976E+03
  1.270E+02  1.665E+00  3.944E+07  1.978E+03
  1.279E+02  1.671E+00  3.954E+07  1.980E+03
  1.289E+02  1.677E+00  3.965E+07  1.982E+03
  1.299E+02  1.684E+00  3.975E+07  1.984E+03
  1.309E+02  1.690E+00  3.986E+07  1.986E+03
  1.319E+02  1.696E+00  3.996E+07  1.988E+03
  1.329E+02  1.702E+00  4.006E+07  1.991E+03
  1.339E+02  1.708E+00  4.017E+07  1.993E+03
  1.349E+02  1.715E+00  4.027E+07  1.995E+03
  1.359E+02  1.721E+00  4.037E+07  1.997E+03
  1.369E+02  1.727E+00  4.048E+07  1.999E+03
  1.380E+02  1.733E+00  4.058E+07  2.001E+03
  1.390E+02  1.740E+00  4.068E+07  2.003E+03
  1.401E+02  1.746E+00  4.079E+07  2.006E+03
  1.411E+02  1.752E+00  4.089E+07  2.008E+03
  1.422E+02  1.758E+00  4.099E+07  2.010E+03
  1.433E+02  1.765E+00  4.109E+07  2.012E+03
  1.444E+02  1.771E+00  4.120E+07  2.014E+03
  1.454E+02  1.777E+00  4.130E+07  2.016E+03
  1.465E+02  1.784E+00  4.140E+07  2.019E+03
  1.476E+02  1.790E+00  4.150E+07  2.021E+03
  1.488E+02  1.796E+00  4.161E+07  2.023E+03
  1.499E+02  1.803E+00  4.171E+07  2.025E+03
  1.510E+02  1.809E+00  4.181E+07  2.027E+03
  1.521E+02  1.816E+00  4.191E+07  2.030E+03
  1.533E+02  1.822E+00  4.201E+07  2.032E+03
  1.544E+02  1.828E+00  4.211E+07  2.034E+03
  1.556E+02  1.835E+00  4.222E+07  2.036E+03
  1.568E+02  1.841E+00  4.232E+07  2.038E+03
  1.580E+02  1.847E+00  4.242E+07  2.041E+03
  1.591E+02  1.854E+00  4.252E+07  2.043E+03
  1.603E+02  1.860E+00  4.262E+07  2.045E+03
  1.615E+02  1.867E+00  4.272E+07  2.047E+03
  1.628E+02  1.873E+00  4.282E+07  2.049E+03
  1.640E+02  1.880E+00  4.292E+07  2.052E+03
  1.652E+02  1.886E+00  4.302E+07  2.054E+03
  1.665E+02  1.892E+00  4.312E+07  2.056E+03
  1.677E+02  1.899E+00  4.322E+07  2.058E+03
  1.690E+02  1.905E+00  4.332E+07  2.061E+03
  1.702E+02  1.912E+00  4.342E+07  2.063E+03
  1.715E+02  1.918E+00  4.352E+07  2.065E+03
  1.728E+02  1.925E+00  4.362E+07  2.068E+03
  1.741E+02  1.931E+00  4.371E+07  2.070E+03
  1.754E+02  1.938E+00  4.381E+07  2.072E+03
  1.767E+02  1.944E+00  4.391E+07  2.074E+03
  1.780E+02  1.951E+00  4.401E+07  2.077E+03
  1.793E+02  1.957E+00  4.411E+07  2.079E+03
  1.807E+02  1.964E+00  4.420E+07  2.081E+03
  1.820E+02  1.970E+00  4.430E+07  2.084E+03
  1.834E+02  1.977E+00  4.440E+07  2.086E+03
  1.848E+02  1.983E+00  4.449E+07  2.088E+03
  1.862E+02  1.990E+00  4.459E+07  2.091E+03
  1.875E+02  1.996E+00  4.469E+07  2.093E+03
  1.889E+02  2.003E+00  4.478E+07  2.095E+03
  1.904E+02  2.009E+00  4.488E+07  2.098E+03
  1.918E+02  2.016E+00  4.497E+07  2.100E+03
  1.932E+02  2.022E+00  4.507E+07  2.102E+03
  1.946E+02  2.029E+00  4.516E+07  2.105E+03
  1.961E+02  2.035E+00  4.526E+07  2.107E+03
  1.976E+02  2.042E+00  4.535E+07  2.109E+03
  1.990E+02  2.048E+00  4.545E+07  2.112E+03
  2.005E+02  2.055E+00  4.554E+07  2.114E+03
  2.020E+02  2.061E+00  4.563E+07  2.116E+03
  2.035E+02  2.068E+00  4.573E+07  2.119E+03
  2.050E+02  2.074E+00  4.582E+07  2.121E+03
  2.066E+02  2.081E+00  4.591E+07  2.123E+03
  2.081E+02  2.087E+00  4.601E+07  2.126E+03
  2.096E+02  2.094E+00  4.610E+07  2.128E+03
  2.112E+02  2.100E+00  4.619E+07  2.131E+03
  2.128E+02  2.107E+00  4.628E+07  2.133E+03
  2.144E+02  2.114E+00  4.637E+07  2.135E+03
  2.159E+02  2.120E+00  4.646E+07  2.138E+03
  2.176E+02  2.127E+00  4.655E+07  2.140E+03
  2.192E+02  2.133E+00  4.664E+07  2.143E+03
  2.208E+02  2.140E+00  4.673E+07  2.145E+03
  2.224E+02  2.146E+00  4.682E+07  2.147E+03
  2.241E+02  2.153E+00  4.691E+07  2.150E+03
  2.257E+02  2.159E+00  4.700E+07  2.152E+03
  2.274E+02  2.166E+00  4.709E+07  2.155E+03
  2.291E+02  2.172E+00  4.718E+07  2.157E+03
  2.308E+02  2.179E+00  4.727E+07  2.160E+03
  2.325E+02  2.185E+00  4.735E+07  2.162E+03
  2.342E+02  2.192E+00  4.744E+07  2.164E+03
  2.360E+02  2.198E+00  4.753E+07  2.167E+03
  2.377E+02  2.205E+00  4.761E+07  2.169E+03
  2.395E+02  2.211E+00  4.770E+07  2.172E+03
  2.413E+02  2.217E+00  4.779E+07  2.174E+03
  2.431E+02  2.224E+00  4.787E+07  2.177E+03
  2.449E+02  2.230E+00  4.796E+07  2.179E+03
  2.467E+02  2.237E+00  4.804E+07  2.181E+03
  2.485E+02  2.243E+00  4.813E+07  2.184E+03
  2.503E+02  2.250E+00  4.821E+07  2.186E+03
  2.522E+02  2.256E+00  4.829E+07  2.189E+03
  2.541E+02  2.263E+00  4.838E+07  2.191E+03
  2.559E+02  2.269E+00  4.846E+07  2.194E+03
  2.578E+02  2.275E+00  4.854E+07  2.196E+03
  2.597E+02  2.282E+00  4.863E+07  2.199E+03
  2.617E+02  2.288E+00  4.871E+07  2.201E+03
  2.636E+02  2.295E+00  4.879E+07  2.204E+03
  2.655E+02  2.301E+00  4.887E+07  2.206E+03
  2.675E+02  2.307E+00  4.895E+07  2.208E+03
  2.695E+02  2.314E+00  4.903E+07  2.211E+03
  2.715E+02  2.320E+00  4.911E+07  2.213E+03
  2.735E+02  2.326E+00  4.919E+07  2.216E+03
  2.755E+02  2.333E+00  4.927E+07  2.218E+03
  2.775E+02  2.339E+00  4.935E+07  2.221E+03
  2.796E+02  2.345E+00  4.943E+07  2.223E+03
  2.816E+02  2.352E+00  4.951E+07  2.226E+03
  2.837E+02  2.358E+00  4.958E+07  2.228E+03
  2.858E+02  2.364E+00  4.966E+07  2.231E+03
  2.879E+02  2.371E+00  4.974E+07  2.233E+03
  2.900E+02  2.377E+00  4.981E+07  2.235E+03
  2.922E+02  2.383E+00  4.989E+07  2.238E+03
  2.943E+02  2.389E+00  4.997E+07  2.240E+03
  2.965E+02  2.396E+00  5.004E+07  2.243E+03
  2.987E+02  2.402E+00  5.012E+07  2.245E+03
  3.009E+02  2.408E+00  5.019E+07  2.248E+03
  3.031E+02  2.414E+00  5.027E+07  2.250E+03
  3.053E+02  2.420E+00  5.034E+07  2.253E+03
  3.076E+02  2.426E+00  5.041E+07  2.255E+03
  3.098E+02  2.433E+00  5.049E+07  2.258E+03
  3.121E+02  2.439E+00  5.056E+07  2.260E+03
  3.144E+02  2.445E+00  5.063E+07  2.262E+03
  3.167E+02  2.451E+00  5.070E+07  2.265E+03
  3.191E+02  2.457E+00  5.077E+07  2.267E+03
  3.214E+02  2.463E+00  5.084E+07  2.270E+03
  3.238E+02  2.469E+00  5.092E+07  2.272E+03
  3.262E+02  2.475E+00  5.099E+07  2.275E+03
  3.286E+02  2.481E+00  5.106E+07  2.277E+03
  3.310E+02  2.487E+00  5.112E+07  2.280E+03
  3.334E+02  2.493E+00  5.119E+07  2.282E+03
  3.358E+02  2.499E+00  5.126E+07  2.284E+03
  3.383E+02  2.505E+00  5.133E+07  2.287E+03
  3.408E+02  2.511E+00  5.140E+07  2.289E+03
  3.433E+02  2.517E+00  5.147E+07  2.292E+03
  3.458E+02  2.523E+00  5.153E+07  2.294E+03
  3.484E+02  2.529E+00  5.160E+07  2.296E+03
  3.509E+02  2.535E+00  5.167E+07  2.299E+03
  3.535E+02  2.541E+00  5.173E+07  2.301E+03
  3.561E+02  2.547E+00  5.180E+07  2.304E+03
  3.587E+02  2.553E+00  5.186E+07  2.306E+03
  3.613E+02  2.558E+00  5.193E+07  2.308E+03
  3.640E+02  2.564E+00  5.199E+07  2.311E+03
  3.667E+02  2.570E+00  5.205E+07  2.313E+03
  3.694E+02  2.576E+00  5.212E+07  2.316E+03
  3.721E+02  2.582E+00  5.218E+07  2.318E+03
  3.748E+02  2.587E+00  5.224E+07  2.320E+03
  3.775E+02  2.593E+00  5.231E+07  2.323E+03
  3.803E+02  2.599E+00  5.237E+07  2.325E+03
  3.831E+02  2.604E+00  5.243E+07  2.327E+03
  3.859E+02  2.610E+00  5.249E+07  2.330E+03
  3.887E+02  2.616E+00  5.255E+07  2.332E+03
  3.916E+02  2.621E+00  5.261E+07  2.335E+03
  3.945E+02  2.627E+00  5.267E+07  2.337E+03
  3.973E+02  2.633E+00  5.273E+07  2.339E+03
  4.003E+02  2.638E+00  5.279E+07  2.342E+03
  4.032E+02  2.644E+00  5.285E+07  2.344E+03
  4.061E+02  2.649E+00  5.291E+07  2.346E+03
  4.091E+02  2.655E+00  5.296E+07  2.348E+03
  4.121E+02  2.660E+00  5.302E+07  2.351E+03
  4.151E+02  2.666E+00  5.308E+07  2.353E+03
  4.182E+02  2.671E+00  5.313E+07  2.355E+03
  4.212E+02  2.677E+00  5.319E+07  2.358E+03
  4.243E+02  2.682E+00  5.325E+07  2.360E+03
  4.274E+02  2.687E+00  5.330E+07  2.362E+03
  4.305E+02  2.693E+00  5.336E+07  2.365E+03
  4.337E+02  2.698E+00  5.341E+07  2.367E+03
  4.369E+02  2.703E+00  5.347E+07  2.369E+03
  4.401E+02  2.709E+00  5.352E+07  2.371E+03
  4.433E+02  2.714E+00  5.357E+07  2.374E+03
  4.465E+02  2.719E+00  5.363E+07  2.376E+03
  4.498E+02  2.725E+00  5.368E+07  2.378E+03
  4.531E+02  2.730E+00  5.373E+07  2.380E+03
  4.564E+02  2.735E+00  5.378E+07  2.382E+03
  4.597E+02  2.740E+00  5.383E+07  2.385E+03
  4.631E+02  2.745E+00  5.389E+07  2.387E+03
  4.665E+02  2.750E+00  5.394E+07  2.389E+03
  4.699E+02  2.755E+00  5.399E+07  2.391E+03
  4.733E+02  2.761E+00  5.404E+07  2.393E+03
  4.768E+02  2.766E+00  5.409E+07  2.396E+03
  4.803E+02  2.771E+00  5.414E+07  2.398E+03
  4.838E+02  2.776E+00  5.419E+07  2.400E+03
  4.873E+02  2.781E+00  5.423E+07  2.402E+03
  4.909E+02  2.786E+00  5.428E+07  2.404E+03
  4.944E+02  2.791E+00  5.433E+07  2.406E+03
  4.980E+02  2.796E+00  5.438E+07  2.409E+03
  5.017E+02  2.800E+00  5.442E+07  2.411E+03
  5.053E+02  2.805E+00  5.447E+07  2.413E+03
  5.090E+02  2.810E+00  5.452E+07  2.415E+03
  5.127E+02  2.815E+00  5.456E+07  2.417E+03
  5.165E+02  2.820E+00  5.461E+07  2.419E+03
  5.203E+02  2.825E+00  5.466E+07  2.421E+03
  5.241E+02  2.829E+00  5.470E+07  2.423E+03
  5.279E+02  2.834E+00  5.475E+07  2.425E+03
  5.317E+02  2.839E+00  5.479E+07  2.428E+03
  5.356E+02  2.843E+00  5.483E+07  2.430E+03
  5.395E+02  2.848E+00  5.488E+07  2.432E+03
  5.434E+02  2.853E+00  5.492E+07  2.434E+03
  5.474E+02  2.857E+00  5.496E+07  2.436E+03
  5.514E+02  2.862E+00  5.501E+07  2.438E+03
  5.554E+02  2.867E+00  5.505E+07  2.440E+03
  5.595E+02  2.871E+00  5.509E+07  2.442E+03
  5.635E+02  2.876E+00  5.513E+07  2.444E+03
  5.677E+02  2.880E+00  5.517E+07  2.446E+03
  5.718E+02  2.885E+00  5.522E+07  2.448E+03
  5.760E+02  2.889E+00  5.526E+07  2.450E+03
  5.802E+02  2.894E+00  5.530E+07  2.452E+03
  5.844E+02  2.898E+00  5.534E+07  2.454E+03
  5.886E+02  2.902E+00  5.538E+07  2.456E+03
  5.929E+02  2.907E+00  5.542E+07  2.458E+03
  5.972E+02  2.911E+00  5.545E+07  2.459E+03
  6.016E+02  2.915E+00  5.549E+07  2.461E+03
  6.060E+02  2.920E+00  5.553E+07  2.463E+03
  6.104E+02  2.924E+00  5.557E+07  2.465E+03
  6.148E+02  2.928E+00  5.561E+07  2.467E+03
  6.193E+02  2.932E+00  5.565E+07  2.469E+03
  6.238E+02  2.937E+00  5.568E+07  2.471E+03
  6.284E+02  2.941E+00  5.572E+07  2.473E+03
  6.329E+02  2.945E+00  5.576E+07  2.475E+03
  6.375E+02  2.949E+00  5.579E+07  2.477E+03
  6.422E+02  2.953E+00  5.583E+07  2.478E+03
  6.469E+02  2.957E+00  5.586E+07  2.480E+03
  6.516E+02  2.961E+00  5.590E+07  2.482E+03
  6.563E+02  2.965E+00  5.593E+07  2.484E+03
  6.611E+02  2.969E+00  5.597E+07  2.486E+03
  6.659E+02  2.973E+00  5.600E+07  2.487E+03
  6.707E+02  2.977E+00  5.604E+07  2.489E+03
  6.756E+02  2.981E+00  5.607E+07  2.491E+03
  6.805E+02  2.985E+00  5.611E+07  2.493E+03
  6.855E+02  2.989E+00  5.614E+07  2.495E+03
  6.905E+02  2.993E+00  5.617E+07  2.496E+03
  6.955E+02  2.997E+00  5.621E+07  2.498E+03
  7.005E+02  3.001E+00  5.624E+07  2.500E+03
  7.056E+02  3.004E+00  5.627E+07  2.502E+03
  7.108E+02  3.008E+00  5.630E+07  2.503E+03
  7.159E+02  3.012E+00  5.633E+07  2.505E+03
  7.211E+02  3.016E+00  5.637E+07  2.507E+03
  7.264E+02  3.020E+00  5.640E+07  2.508E+03
  7.317E+02  3.023E+00  5.643E+07  2.510E+03
  7.370E+02  3.027E+00  5.646E+07  2.512E+03
  7.423E+02  3.031E+00  5.649E+07  2.513E+03
  7.477E+02  3.034E+00  5.652E+07  2.515E+03
  7.532E+02  3.038E+00  5.655E+07  2.517E+03
  7.586E+02  3.041E+00  5.658E+07  2.518E+03
  7.642E+02  3.045E+00  5.661E+07  2.520E+03
  7.697E+02  3.048E+00  5.664E+07  2.522E+03
  7.753E+02  3.052E+00  5.667E+07  2.523E+03
  7.809E+02  3.056E+00  5.670E+07  2.525E+03
  7.866E+02  3.059E+00  5.673E+07  2.527E+03
  7.923E+02  3.062E+00  5.675E+07  2.528E+03
  7.981E+02  3.066E+00  5.678E+07  2.530E+03
  8.039E+02  3.069E+00  5.681E+07  2.531E+03
  8.097E+02  3.073E+00  5.684E+07  2.533E+03
  8.156E+02  3.076E+00  5.686E+07  2.534E+03
  8.215E+02  3.079E+00  5.689E+07  2.536E+03
  8.275E+02  3.083E+00  5.692E+07  2.538E+03
  8.335E+02  3.086E+00  5.695E+07  2.539E+03
  8.395E+02  3.089E+00  5.697E+07  2.541E+03
  8.456E+02  3.093E+00  5.700E+07  2.542E+03
  8.518E+02  3.096E+00  5.702E+07  2.544E+03
  8.579E+02  3.099E+00  5.705E+07  2.545E+03
  8.642E+02  3.102E+00  5.708E+07  2.547E+03
  8.704E+02  3.106E+00  5.710E+07  2.548E+03
  8.768E+02  3.109E+00  5.713E+07  2.550E+03
  8.831E+02  3.112E+00  5.715E+07  2.551E+03
  8.895E+02  3.115E+00  5.718E+07  2.553E+03
  8.960E+02  3.118E+00  5.720E+07  2.554E+03
  9.025E+02  3.121E+00  5.722E+07  2.555E+03
  9.090E+02  3.124E+00  5.725E+07  2.557E+03
  9.156E+02  3.127E+00  5.727E+07  2.558E+03
  9.223E+02  3.130E+00  5.730E+07  2.560E+03
  9.290E+02  3.133E+00  5.732E+07  2.561E+03
  9.357E+02  3.136E+00  5.734E+07  2.563E+03
  9.425E+02  3.139E+00  5.737E+07  2.564E+03
  9.493E+02  3.142E+00  5.739E+07  2.565E+03
  9.562E+02  3.145E+00  5.741E+07  2.567E+03
  9.631E+02  3.148E+00  5.743E+07  2.568E+03
  9.701E+02  3.151E+00  5.746E+07  2.569E+03
  9.772E+02  3.154E+00  5.748E+07  2.571E+03
  9.843E+02  3.157E+00  5.750E+07  2.572E+03
  9.914E+02  3.160E+00  5.752E+07  2.574E+03
  9.986E+02  3.162E+00  5.754E+07  2.575E+03
  1.006E+03  3.165E+00  5.757E+07  2.576E+03
  1.013E+03  3.168E+00  5.759E+07  2.578E+03
  1.020E+03  3.171E+00  5.761E+07  2.579E+03
  1.028E+03  3.174E+00  5.763E+07  2.580E+03
  1.035E+03  3.176E+00  5.765E+07  2.581E+03
  1.043E+03  3.179E+00  5.767E+07  2.583E+03
  1.050E+03  3.182E+00  5.769E+07  2.584E+03
  1.058E+03  3.185E+00  5.771E+07  2.585E+03
  1.066E+03  3.187E+00  5.773E+07  2.587E+03
  1.073E+03  3.190E+00  5.775E+07  2.588E+03
  1.081E+03  3.193E+00  5.777E+07  2.589E+03
  1.089E+03  3.195E+00  5.779E+07  2.590E+03
  1.097E+03  3.198E+00  5.781E+07  2.592E+03
  1.105E+03  3.200E+00  5.783E+07  2.593E+03
  1.113E+03  3.203E+00  5.785E+07  2.594E+03
  1.121E+03  3.205E+00  5.787E+07  2.595E+03
  1.129E+03  3.208E+00  5.789E+07  2.596E+03
  1.137E+03  3.211E+00  5.791E+07  2.598E+03
  1.145E+03  3.213E+00  5.793E+07  2.599E+03
  1.154E+03  3.216E+00  5.794E+07  2.600E+03
  1.162E+03  3.218E+00  5.796E+07  2.601E+03
  1.170E+03  3.221E+00  5.798E+07  2.602E+03
  1.179E+03  3.223E+00  5.800E+07  2.604E+03
  1.188E+03  3.225E+00  5.802E+07  2.605E+03
  1.196E+03  3.228E+00  5.803E+07  2.606E+03
  1.205E+03  3.230E+00  5.805E+07  2.607E+03
  1.213E+03  3.233E+00  5.807E+07  2.608E+03
  1.222E+03  3.235E+00  5.809E+07  2.609E+03
  1.231E+03  3.237E+00  5.810E+07  2.610E+03
  1.240E+03  3.240E+00  5.812E+07  2.612E+03
  1.249E+03  3.242E+00  5.814E+07  2.613E+03
  1.258E+03  3.244E+00  5.816E+07  2.614E+03
  1.267E+03  3.247E+00  5.817E+07  2.615E+03
  1.276E+03  3.249E+00  5.819E+07  2.616E+03
  1.286E+03  3.251E+00  5.820E+07  2.617E+03
  1.295E+03  3.254E+00  5.822E+07  2.618E+03
  1.304E+03  3.256E+00  5.824E+07  2.619E+03
  1.314E+03  3.258E+00  5.825E+07  2.620E+03
  1.323E+03  3.260E+00  5.827E+07  2.622E+03
  1.333E+03  3.263E+00  5.829E+07  2.623E+03
  1.342E+03  3.265E+00  5.830E+07  2.624E+03
  1.352E+03  3.267E+00  5.832E+07  2.625E+03
  1.362E+03  3.269E+00  5.833E+07  2.626E+03
  1.372E+03  3.271E+00  5.835E+07  2.627E+03
  1.382E+03  3.274E+00  5.836E+07  2.628E+03
  1.392E+03  3.276E+00  5.838E+07  2.629E+03
  1.402E+03  3.278E+00  5.839E+07  2.630E+03
  1.412E+03  3.280E+00  5.841E+07  2.631E+03
  1.422E+03  3.282E+00  5.842E+07  2.632E+03
  1.432E+03  3.284E+00  5.844E+07  2.633E+03
  1.443E+03  3.286E+00  5.845E+07  2.634E+03
  1.453E+03  3.288E+00  5.847E+07  2.635E+03
  1.464E+03  3.290E+00  5.848E+07  2.636E+03
  1.474E+03  3.292E+00  5.850E+07  2.637E+03
  1.485E+03  3.294E+00  5.851E+07  2.638E+03
  1.496E+03  3.296E+00  5.852E+07  2.639E+03
  1.507E+03  3.298E+00  5.854E+07  2.640E+03
  1.517E+03  3.300E+00  5.855E+07  2.641E+03
  1.528E+03  3.302E+00  5.857E+07  2.642E+03
  1.539E+03  3.304E+00  5.858E+07  2.643E+03
  1.551E+03  3.306E+00  5.859E+07  2.644E+03
  1.562E+03  3.308E+00  5.861E+07  2.645E+03
  1.573E+03  3.310E+00  5.862E+07  2.646E+03
  1.585E+03  3.312E+00  5.864E+07  2.647E+03
  1.596E+03  3.314E+00  5.865E+07  2.648E+03
  1.608E+03  3.316E+00  5.866E+07  2.649E+03
  1.619E+03  3.318E+00  5.868E+07  2.650E+03
  1.631E+03  3.320E+00  5.869E+07  2.650E+03
  1.643E+03  3.322E+00  5.870E+07  2.651E+03
  1.655E+03  3.324E+00  5.871E+07  2.652E+03
  1.666E+03  3.326E+00  5.873E+07  2.653E+03
  1.679E+03  3.328E+00  5.874E+07  2.654E+03
  1.691E+03  3.329E+00  5.875E+07  2.655E+03
  1.703E+03  3.331E+00  5.877E+07  2.656E+03
  1.715E+03  3.333E+00  5.878E+07  2.657E+03
  1.728E+03  3.335E+00  5.879E+07  2.658E+03
  1.740E+03  3.337E+00  5.880E+07  2.659E+03
  1.753E+03  3.339E+00  5.882E+07  2.660E+03
  1.765E+03  3.340E+00  5.883E+07  2.660E+03
  1.778E+03  3.342E+00  5.884E+07  2.661E+03
  1.791E+03  3.344E+00  5.885E+07  2.662E+03
  1.804E+03  3.346E+00  5.886E+07  2.663E+03
  1.817E+03  3.348E+00  5.888E+07  2.664E+03
  1.830E+03  3.349E+00  5.889E+07  2.665E+03
  1.843E+03  3.351E+00  5.890E+07  2.666E+03
  1.857E+03  3.353E+00  5.891E+07  2.667E+03
  1.870E+03  3.355E+00  5.892E+07  2.667E+03
  1.884E+03  3.356E+00  5.893E+07  2.668E+03
  1.897E+03  3.358E+00  5.895E+07  2.669E+03
  1.911E+03  3.360E+00  5.896E+07  2.670E+03
  1.925E+03  3.362E+00  5.897E+07  2.671E+03
  1.939E+03  3.363E+00  5.898E+07  2.672E+03
  1.953E+03  3.365E+00  5.899E+07  2.672E+03
  1.967E+03  3.367E+00  5.900E+07  2.673E+03
  1.981E+03  3.368E+00  5.901E+07  2.674E+03
  1.995E+03  3.370E+00  5.903E+07  2.675E+03
  2.010E+03  3.372E+00  5.904E+07  2.676E+03
  2.024E+03  3.373E+00  5.905E+07  2.677E+03
  2.039E+03  3.375E+00  5.906E+07  2.677E+03
  2.054E+03  3.377E+00  5.907E+07  2.678E+03
  2.068E+03  3.378E+00  5.908E+07  2.679E+03
  2.083E+03  3.380E+00  5.909E+07  2.680E+03
  2.098E+03  3.382E+00  5.910E+07  2.681E+03
  2.113E+03  3.383E+00  5.911E+07  2.682E+03
  2.129E+03  3.385E+00  5.912E+07  2.682E+03
  2.144E+03  3.387E+00  5.913E+07  2.683E+03
  2.160E+03  3.388E+00  5.915E+07  2.684E+03
  2.175E+03  3.390E+00  5.916E+07  2.685E+03
  2.191E+03  3.391E+00  5.917E+07  2.686E+03
  2.207E+03  3.393E+00  5.918E+07  2.686E+03
  2.223E+03  3.395E+00  5.919E+07  2.687E+03
  2.239E+03  3.396E+00  5.920E+07  2.688E+03
  2.255E+03  3.398E+00  5.921E+07  2.689E+03
  2.271E+03  3.399E+00  5.922E+07  2.689E+03
  2.288E+03  3.401E+00  5.923E+07  2.690E+03
  2.304E+03  3.402E+00  5.924E+07  2.691E+03
  2.321E+03  3.404E+00  5.925E+07  2.692E+03
  2.338E+03  3.406E+00  5.926E+07  2.693E+03
  2.354E+03  3.407E+00  5.927E+07  2.693E+03
  2.371E+03  3.409E+00  5.928E+07  2.694E+03
  2.389E+03  3.410E+00  5.929E+07  2.695E+03
  2.406E+03  3.412E+00  5.930E+07  2.696E+03
  2.423E+03  3.413E+00  5.931E+07  2.696E+03
  2.441E+03  3.415E+00  5.932E+07  2.697E+03
  2.458E+03  3.416E+00  5.933E+07  2.698E+03
  2.476E+03  3.418E+00  5.934E+07  2.699E+03
  2.494E+03  3.419E+00  5.935E+07  2.699E+03
  2.512E+03  3.421E+00  5.936E+07  2.700E+03
  2.530E+03  3.422E+00  5.937E+07  2.701E+03
  2.548E+03  3.424E+00  5.938E+07  2.702E+03
  2.567E+03  3.426E+00  5.939E+07  2.702E+03
  2.585E+03  3.427E+00  5.940E+07  2.703E+03
  2.604E+03  3.429E+00  5.941E+07  2.704E+03
  2.623E+03  3.430E+00  5.942E+07  2.705E+03
  2.642E+03  3.432E+00  5.943E+07  2.705E+03
  2.661E+03  3.433E+00  5.944E+07  2.706E+03
  2.680E+03  3.435E+00  5.944E+07  2.707E+03
  2.699E+03  3.436E+00  5.945E+07  2.708E+03
  2.719E+03  3.437E+00  5.946E+07  2.708E+03
  2.738E+03  3.439E+00  5.947E+07  2.709E+03
  2.758E+03  3.440E+00  5.948E+07  2.710E+03
  2.778E+03  3.442E+00  5.949E+07  2.711E+03
  2.798E+03  3.443E+00  5.950E+07  2.711E+03
  2.818E+03  3.445E+00  5.951E+07  2.712E+03
  2.839E+03  3.446E+00  5.952E+07  2.713E+03
  2.859E+03  3.448E+00  5.953E+07  2.714E+03
  2.880E+03  3.449E+00  5.954E+07  2.714E+03
  2.901E+03  3.451E+00  5.955E+07  2.715E+03
  2.921E+03  3.452E+00  5.956E+07  2.716E+03
  2.943E+03  3.454E+00  5.957E+07  2.717E+03
  2.964E+03  3.455E+00  5.958E+07  2.717E+03
  2.985E+03  3.457E+00  5.958E+07  2.718E+03
  3.007E+03  3.458E+00  5.959E+07  2.719E+03
  3.028E+03  3.460E+00  5.960E+07  2.719E+03
  3.050E+03  3.461E+00  5.961E+07  2.720E+03
  3.072E+03  3.462E+00  5.962E+07  2.721E+03
  3.094E+03  3.464E+00  5.963E+07  2.722E+03
  3.117E+03  3.465E+00  5.964E+07  2.722E+03
  3.139E+03  3.467E+00  5.965E+07  2.723E+03
  3.162E+03  3.468E+00  5.966E+07  2.724E+03
  3.185E+03  3.470E+00  5.967E+07  2.725E+03
  3.208E+03  3.471E+00  5.968E+07  2.725E+03
  3.231E+03  3.473E+00  5.968E+07  2.726E+03
  3.254E+03  3.474E+00  5.969E+07  2.727E+03
  3.278E+03  3.475E+00  5.970E+07  2.727E+03
  3.301E+03  3.477E+00  5.971E+07  2.728E+03
  3.325E+03  3.478E+00  5.972E+07  2.729E+03
  3.349E+03  3.480E+00  5.973E+07  2.730E+03
  3.373E+03  3.481E+00  5.974E+07  2.730E+03
  3.398E+03  3.483E+00  5.975E+07  2.731E+03
  3.422E+03  3.484E+00  5.976E+07  2.732E+03
  3.447E+03  3.486E+00  5.976E+07  2.732E+03
  3.472E+03  3.487E+00  5.977E+07  2.733E+03
  3.497E+03  3.488E+00  5.978E+07  2.734E+03
  3.522E+03  3.490E+00  5.979E+07  2.735E+03
  3.547E+03  3.491E+00  5.980E+07  2.735E+03
  3.573E+03  3.493E+00  5.981E+07  2.736E+03
  3.599E+03  3.494E+00  5.982E+07  2.737E+03
  3.625E+03  3.496E+00  5.983E+07  2.738E+03
  3.651E+03  3.497E+00  5.984E+07  2.738E+03
  3.677E+03  3.499E+00  5.984E+07  2.739E+03
  3.704E+03  3.500E+00  5.985E+07  2.740E+03
  3.730E+03  3.501E+00  5.986E+07  2.741E+03
  3.757E+03  3.503E+00  5.987E+07  2.741E+03
  3.784E+03  3.504E+00  5.988E+07  2.742E+03
  3.812E+03  3.506E+00  5.989E+07  2.743E+03
  3.839E+03  3.507E+00  5.990E+07  2.743E+03
  3.867E+03  3.509E+00  5.991E+07  2.744E+03
  3.895E+03  3.510E+00  5.992E+07  2.745E+03
  3.923E+03  3.512E+00  5.992E+07  2.746E+03
  3.951E+03  3.513E+00  5.993E+07  2.746E+03
  3.980E+03  3.515E+00  5.994E+07  2.747E+03
  4.008E+03  3.516E+00  5.995E+07  2.748E+03
  4.037E+03  3.518E+00  5.996E+07  2.749E+03
  4.066E+03  3.519E+00  5.997E+07  2.749E+03
  4.096E+03  3.520E+00  5.998E+07  2.750E+03
  4.125E+03  3.522E+00  5.999E+07  2.751E+03
  4.155E+03  3.523E+00  5.999E+07  2.752E+03
  4.185E+03  3.525E+00  6.000E+07  2.752E+03
  4.215E+03  3.526E+00  6.001E+07  2.753E+03
  4.246E+03  3.528E+00  6.002E+07  2.754E+03
  4.276E+03  3.529E+00  6.003E+07  2.755E+03
  4.307E+03  3.531E+00  6.004E+07  2.755E+03
  4.338E+03  3.532E+00  6.005E+07  2.756E+03
  4.369E+03  3.534E+00  6.006E+07  2.757E+03
  4.401E+03  3.535E+00  6.007E+07  2.758E+03
  4.433E+03  3.537E+00  6.008E+07  2.758E+03
  4.465E+03  3.538E+00  6.008E+07  2.759E+03
  4.497E+03  3.540E+00  6.009E+07  2.760E+03
  4.529E+03  3.541E+00  6.010E+07  2.761E+03
  4.562E+03  3.543E+00  6.011E+07  2.761E+03
  4.595E+03  3.544E+00  6.012E+07  2.762E+03
  4.628E+03  3.546E+00  6.013E+07  2.763E+03
  4.661E+03  3.547E+00  6.014E+07  2.764E+03
  4.695E+03  3.549E+00  6.015E+07  2.765E+03
  4.729E+03  3.551E+00  6.016E+07  2.765E+03
  4.763E+03  3.552E+00  6.017E+07  2.766E+03
  4.797E+03  3.554E+00  6.017E+07  2.767E+03
  4.832E+03  3.555E+00  6.018E+07  2.768E+03
  4.867E+03  3.557E+00  6.019E+07  2.768E+03
  4.902E+03  3.558E+00  6.020E+07  2.769E+03
  4.937E+03  3.560E+00  6.021E+07  2.770E+03
  4.973E+03  3.561E+00  6.022E+07  2.771E+03
  5.009E+03  3.563E+00  6.023E+07  2.772E+03
  5.045E+03  3.565E+00  6.024E+07  2.772E+03
  5.081E+03  3.566E+00  6.025E+07  2.773E+03
  5.118E+03  3.568E+00  6.026E+07  2.774E+03
  5.155E+03  3.569E+00  6.027E+07  2.775E+03
  5.192E+03  3.571E+00  6.028E+07  2.776E+03
  5.229E+03  3.573E+00  6.029E+07  2.776E+03
  5.267E+03  3.574E+00  6.030E+07  2.777E+03
  5.305E+03  3.576E+00  6.030E+07  2.778E+03
  5.343E+03  3.577E+00  6.031E+07  2.779E+03
  5.382E+03  3.579E+00  6.032E+07  2.780E+03
  5.420E+03  3.581E+00  6.033E+07  2.781E+03
  5.459E+03  3.582E+00  6.034E+07  2.781E+03
  5.499E+03  3.584E+00  6.035E+07  2.782E+03
  5.538E+03  3.586E+00  6.036E+07  2.783E+03
  5.578E+03  3.587E+00  6.037E+07  2.784E+03
  5.619E+03  3.589E+00  6.038E+07  2.785E+03
  5.659E+03  3.591E+00  6.039E+07  2.786E+03
  5.700E+03  3.592E+00  6.040E+07  2.787E+03
  5.741E+03  3.594E+00  6.041E+07  2.787E+03
  5.782E+03  3.596E+00  6.042E+07  2.788E+03
  5.824E+03  3.597E+00  6.043E+07  2.789E+03
  5.866E+03  3.599E+00  6.044E+07  2.790E+03
  5.908E+03  3.601E+00  6.045E+07  2.791E+03
  5.951E+03  3.603E+00  6.046E+07  2.792E+03
  5.994E+03  3.604E+00  6.047E+07  2.793E+03
  6.037E+03  3.606E+00  6.048E+07  2.794E+03
  6.081E+03  3.608E+00  6.049E+07  2.794E+03
  6.124E+03  3.610E+00  6.050E+07  2.795E+03
  6.168E+03  3.611E+00  6.051E+07  2.796E+03
  6.213E+03  3.613E+00  6.052E+07  2.797E+03
  6.258E+03  3.615E+00  6.053E+07  2.798E+03
  6.303E+03  3.617E+00  6.054E+07  2.799E+03
  6.348E+03  3.619E+00  6.055E+07  2.800E+03
  6.394E+03  3.620E+00  6.056E+07  2.801E+03
  6.440E+03  3.622E+00  6.057E+07  2.802E+03
  6.487E+03  3.624E+00  6.058E+07  2.803E+03
  6.533E+03  3.626E+00  6.059E+07  2.804E+03
  6.580E+03  3.628E+00  6.060E+07  2.805E+03
  6.628E+03  3.630E+00  6.061E+07  2.806E+03
  6.676E+03  3.631E+00  6.062E+07  2.806E+03
  6.724E+03  3.633E+00  6.063E+07  2.807E+03
  6.772E+03  3.635E+00  6.064E+07  2.808E+03
  6.821E+03  3.637E+00  6.065E+07  2.809E+03
  6.870E+03  3.639E+00  6.067E+07  2.810E+03
  6.920E+03  3.641E+00  6.068E+07  2.811E+03
  6.970E+03  3.643E+00  6.069E+07  2.812E+03
  7.020E+03  3.645E+00  6.070E+07  2.813E+03
  7.070E+03  3.647E+00  6.071E+07  2.814E+03
  7.121E+03  3.649E+00  6.072E+07  2.815E+03
  7.173E+03  3.651E+00  6.073E+07  2.816E+03
  7.224E+03  3.653E+00  6.074E+07  2.817E+03
  7.276E+03  3.655E+00  6.075E+07  2.818E+03
  7.329E+03  3.657E+00  6.076E+07  2.819E+03
  7.382E+03  3.659E+00  6.077E+07  2.821E+03
  7.435E+03  3.661E+00  6.079E+07  2.822E+03
  7.488E+03  3.663E+00  6.080E+07  2.823E+03
  7.542E+03  3.665E+00  6.081E+07  2.824E+03
  7.597E+03  3.667E+00  6.082E+07  2.825E+03
  7.651E+03  3.669E+00  6.083E+07  2.826E+03
  7.707E+03  3.671E+00  6.084E+07  2.827E+03
  7.762E+03  3.673E+00  6.086E+07  2.828E+03
  7.818E+03  3.676E+00  6.087E+07  2.829E+03
  7.874E+03  3.678E+00  6.088E+07  2.830E+03
  7.931E+03  3.680E+00  6.089E+07  2.831E+03
  7.988E+03  3.682E+00  6.090E+07  2.833E+03
  8.046E+03  3.684E+00  6.092E+07  2.834E+03
  8.104E+03  3.687E+00  6.093E+07  2.835E+03
  8.162E+03  3.689E+00  6.094E+07  2.836E+03
  8.221E+03  3.691E+00  6.095E+07  2.837E+03
  8.280E+03  3.693E+00  6.097E+07  2.838E+03
  8.340E+03  3.696E+00  6.098E+07  2.840E+03
  8.400E+03  3.698E+00  6.099E+07  2.841E+03
  8.461E+03  3.700E+00  6.100E+07  2.842E+03
  8.522E+03  3.703E+00  6.102E+07  2.843E+03
  8.583E+03  3.705E+00  6.103E+07  2.844E+03
  8.645E+03  3.708E+00  6.104E+07  2.846E+03
  8.707E+03  3.710E+00  6.106E+07  2.847E+03
  8.770E+03  3.712E+00  6.107E+07  2.848E+03
  8.833E+03  3.715E+00  6.108E+07  2.849E+03
  8.897E+03  3.717E+00  6.110E+07  2.851E+03
  8.961E+03  3.720E+00  6.111E+07  2.852E+03
  9.025E+03  3.720E+00  6.111E+07  2.852E+03
