  7.518E-02  0.000E+00  0.000E+00  0.000E+00
  1.257E-01  0.000E+00  0.000E+00  0.000E+00
  1.766E-01  0.000E+00  0.000E+00  0.000E+00
  2.279E-01  0.000E+00  0.000E+00  0.000E+00
  2.795E-01  0.000E+00  0.000E+00  0.000E+00
  3.316E-01  0.000E+00  0.000E+00  0.000E+00
  3.839E-01  0.000E+00  0.000E+00  0.000E+00
  4.367E-01  0.000E+00  0.000E+00  0.000E+00
  4.898E-01  0.000E+00  0.000E+00  0.000E+00
  5.434E-01  0.000E+00  0.000E+00  0.000E+00
  5.973E-01  0.000E+00  0.000E+00  0.000E+00
  6.516E-01  0.000E+00  0.000E+00  0.000E+00
  7.063E-01  0.000E+00  0.000E+00  0.000E+00
  7.614E-01  0.000E+00  0.000E+00  0.000E+00
  8.168E-01  0.000E+00  0.000E+00  0.000E+00
  8.727E-01  0.000E+00  0.000E+00  0.000E+00
  9.290E-01  0.000E+00  0.000E+00  0.000E+00
  9.857E-01  8.257E-03  1.064E+07  3.635E+01
  1.043E+00  1.619E-02  1.085E+07  6.988E+01
  1.100E+00  2.382E-02  1.105E+07  1.010E+02
  1.158E+00  3.119E-02  1.124E+07  1.300E+02
  1.217E+00  3.831E-02  1.141E+07  1.573E+02
  1.275E+00  4.520E-02  1.158E+07  1.829E+02
  1.335E+00  5.189E-02  1.173E+07  2.072E+02
  1.394E+00  5.838E-02  1.188E+07  2.302E+02
  1.454E+00  6.470E-02  1.203E+07  2.521E+02
  1.515E+00  7.084E-02  1.216E+07  2.729E+02
  1.576E+00  7.683E-02  1.229E+07  2.929E+02
  1.637E+00  8.267E-02  1.241E+07  3.120E+02
  1.699E+00  8.837E-02  1.253E+07  3.304E+02
  1.761E+00  9.394E-02  1.265E+07  3.480E+02
  1.824E+00  9.939E-02  1.276E+07  3.651E+02
  1.887E+00  1.047E-01  1.286E+07  3.815E+02
  1.950E+00  1.099E-01  1.296E+07  3.973E+02
  2.014E+00  1.151E-01  1.306E+07  4.127E+02
  2.079E+00  1.201E-01  1.316E+07  4.276E+02
  2.144E+00  1.250E-01  1.325E+07  4.420E+02
  2.209E+00  1.298E-01  1.334E+07  4.560E+02
  2.275E+00  1.346E-01  1.343E+07  4.697E+02
  2.342E+00  1.393E-01  1.351E+07  4.829E+02
  2.408E+00  1.439E-01  1.359E+07  4.958E+02
  2.476E+00  1.484E-01  1.367E+07  5.084E+02
  2.544E+00  1.528E-01  1.375E+07  5.207E+02
  2.612E+00  1.572E-01  1.383E+07  5.327E+02
  2.681E+00  1.615E-01  1.390E+07  5.444E+02
  2.750E+00  1.658E-01  1.397E+07  5.559E+02
  2.820E+00  1.700E-01  1.404E+07  5.671E+02
  2.890E+00  1.741E-01  1.411E+07  5.780E+02
  2.961E+00  1.782E-01  1.418E+07  5.888E+02
  3.032E+00  1.822E-01  1.425E+07  5.993E+02
  3.104E+00  1.862E-01  1.431E+07  6.096E+02
  3.176E+00  1.901E-01  1.437E+07  6.198E+02
  3.249E+00  1.940E-01  1.444E+07  6.297E+02
  3.323E+00  1.979E-01  1.450E+07  6.395E+02
  3.397E+00  2.017E-01  1.456E+07  6.491E+02
  3.471E+00  2.054E-01  1.462E+07  6.585E+02
  3.546E+00  2.091E-01  1.467E+07  6.678E+02
  3.622E+00  2.128E-01  1.473E+07  6.769E+02
  3.698E+00  2.165E-01  1.479E+07  6.859E+02
  3.774E+00  2.201E-01  1.484E+07  6.948E+02
  3.851E+00  2.237E-01  1.490E+07  7.035E+02
  3.929E+00  2.272E-01  1.495E+07  7.121E+02
  4.007E+00  2.307E-01  1.500E+07  7.205E+02
  4.086E+00  2.342E-01  1.505E+07  7.289E+02
  4.166E+00  2.377E-01  1.511E+07  7.371E+02
  4.246E+00  2.411E-01  1.516E+07  7.452E+02
  4.326E+00  2.445E-01  1.521E+07  7.532E+02
  4.407E+00  2.479E-01  1.526E+07  7.611E+02
  4.489E+00  2.512E-01  1.531E+07  7.689E+02
  4.571E+00  2.545E-01  1.536E+07  7.766E+02
  4.654E+00  2.578E-01  1.540E+07  7.842E+02
  4.738E+00  2.611E-01  1.545E+07  7.918E+02
  4.822E+00  2.644E-01  1.550E+07  7.992E+02
  4.907E+00  2.676E-01  1.555E+07  8.066E+02
  4.992E+00  2.708E-01  1.559E+07  8.138E+02
  5.078E+00  2.740E-01  1.564E+07  8.210E+02
  5.165E+00  2.772E-01  1.568E+07  8.281E+02
  5.252E+00  2.804E-01  1.573E+07  8.351E+02
  5.340E+00  2.835E-01  1.577E+07  8.421E+02
  5.428E+00  2.866E-01  1.582E+07  8.490E+02
  5.517E+00  2.897E-01  1.586E+07  8.558E+02
  5.607E+00  2.928E-01  1.591E+07  8.626E+02
  5.697E+00  2.959E-01  1.595E+07  8.693E+02
  5.788E+00  2.990E-01  1.599E+07  8.759E+02
  5.880E+00  3.021E-01  1.604E+07  8.824E+02
  5.972E+00  3.051E-01  1.608E+07  8.889E+02
  6.065E+00  3.081E-01  1.612E+07  8.954E+02
  6.159E+00  3.111E-01  1.617E+07  9.018E+02
  6.253E+00  3.141E-01  1.621E+07  9.081E+02
  6.348E+00  3.171E-01  1.625E+07  9.144E+02
  6.444E+00  3.201E-01  1.629E+07  9.206E+02
  6.540E+00  3.231E-01  1.633E+07  9.267E+02
  6.637E+00  3.261E-01  1.638E+07  9.328E+02
  6.735E+00  3.290E-01  1.642E+07  9.389E+02
  6.834E+00  3.320E-01  1.646E+07  9.449E+02
  6.933E+00  3.349E-01  1.650E+07  9.509E+02
  7.033E+00  3.378E-01  1.654E+07  9.568E+02
  7.133E+00  3.408E-01  1.658E+07  9.627E+02
  7.235E+00  3.437E-01  1.662E+07  9.685E+02
  7.337E+00  3.466E-01  1.667E+07  9.743E+02
  7.440E+00  3.495E-01  1.671E+07  9.801E+02
  7.543E+00  3.524E-01  1.675E+07  9.858E+02
  7.648E+00  3.553E-01  1.679E+07  9.914E+02
  7.753E+00  3.581E-01  1.683E+07  9.970E+02
  7.859E+00  3.610E-01  1.687E+07  1.003E+03
  7.965E+00  3.639E-01  1.691E+07  1.008E+03
  8.072E+00  3.668E-01  1.695E+07  1.014E+03
  8.181E+00  3.696E-01  1.699E+07  1.019E+03
  8.289E+00  3.725E-01  1.703E+07  1.025E+03
  8.399E+00  3.753E-01  1.707E+07  1.030E+03
  8.510E+00  3.782E-01  1.711E+07  1.035E+03
  8.621E+00  3.810E-01  1.716E+07  1.041E+03
  8.733E+00  3.839E-01  1.720E+07  1.046E+03
  8.846E+00  3.867E-01  1.724E+07  1.051E+03
  8.960E+00  3.896E-01  1.728E+07  1.056E+03
  9.074E+00  3.924E-01  1.732E+07  1.062E+03
  9.189E+00  3.952E-01  1.736E+07  1.067E+03
  9.306E+00  3.981E-01  1.740E+07  1.072E+03
  9.423E+00  4.009E-01  1.744E+07  1.077E+03
  9.540E+00  4.037E-01  1.748E+07  1.082E+03
  9.659E+00  4.066E-01  1.752E+07  1.087E+03
  9.779E+00  4.094E-01  1.756E+07  1.092E+03
  9.899E+00  4.122E-01  1.761E+07  1.097E+03
  1.002E+01  4.151E-01  1.765E+07  1.102E+03
  1.014E+01  4.179E-01  1.769E+07  1.107E+03
  1.027E+01  4.207E-01  1.773E+07  1.112E+03
  1.039E+01  4.235E-01  1.777E+07  1.117E+03
  1.051E+01  4.264E-01  1.781E+07  1.122E+03
  1.064E+01  4.292E-01  1.785E+07  1.126E+03
  1.077E+01  4.320E-01  1.790E+07  1.131E+03
  1.089E+01  4.349E-01  1.794E+07  1.136E+03
  1.102E+01  4.377E-01  1.798E+07  1.141E+03
  1.115E+01  4.405E-01  1.802E+07  1.145E+03
  1.128E+01  4.434E-01  1.806E+07  1.150E+03
  1.141E+01  4.462E-01  1.811E+07  1.155E+03
  1.155E+01  4.490E-01  1.815E+07  1.159E+03
  1.168E+01  4.519E-01  1.819E+07  1.164E+03
  1.181E+01  4.547E-01  1.823E+07  1.168E+03
  1.195E+01  4.576E-01  1.828E+07  1.173E+03
  1.208E+01  4.604E-01  1.832E+07  1.178E+03
  1.222E+01  4.633E-01  1.836E+07  1.182E+03
  1.236E+01  4.661E-01  1.841E+07  1.187E+03
  1.250E+01  4.690E-01  1.845E+07  1.191E+03
  1.264E+01  4.718E-01  1.849E+07  1.195E+03
  1.278E+01  4.747E-01  1.854E+07  1.200E+03
  1.292E+01  4.776E-01  1.858E+07  1.204E+03
  1.306E+01  4.804E-01  1.862E+07  1.209E+03
  1.321E+01  4.833E-01  1.867E+07  1.213E+03
  1.335E+01  4.862E-01  1.871E+07  1.217E+03
  1.350E+01  4.890E-01  1.876E+07  1.222E+03
  1.365E+01  4.919E-01  1.880E+07  1.226E+03
  1.379E+01  4.948E-01  1.885E+07  1.230E+03
  1.394E+01  4.977E-01  1.889E+07  1.234E+03
  1.409E+01  5.006E-01  1.894E+07  1.239E+03
  1.425E+01  5.035E-01  1.898E+07  1.243E+03
  1.440E+01  5.064E-01  1.903E+07  1.247E+03
  1.455E+01  5.093E-01  1.907E+07  1.251E+03
  1.471E+01  5.122E-01  1.912E+07  1.255E+03
  1.486E+01  5.152E-01  1.916E+07  1.259E+03
  1.502E+01  5.181E-01  1.921E+07  1.264E+03
  1.518E+01  5.210E-01  1.926E+07  1.268E+03
  1.534E+01  5.240E-01  1.930E+07  1.272E+03
  1.550E+01  5.269E-01  1.935E+07  1.276E+03
  1.566E+01  5.298E-01  1.940E+07  1.280E+03
  1.582E+01  5.328E-01  1.944E+07  1.284E+03
  1.599E+01  5.357E-01  1.949E+07  1.288E+03
  1.615E+01  5.387E-01  1.954E+07  1.292E+03
  1.632E+01  5.417E-01  1.959E+07  1.296E+03
  1.648E+01  5.447E-01  1.964E+07  1.300E+03
  1.665E+01  5.476E-01  1.968E+07  1.303E+03
  1.682E+01  5.506E-01  1.973E+07  1.307E+03
  1.699E+01  5.536E-01  1.978E+07  1.311E+03
  1.717E+01  5.566E-01  1.983E+07  1.315E+03
  1.734E+01  5.596E-01  1.988E+07  1.319E+03
  1.752E+01  5.626E-01  1.993E+07  1.323E+03
  1.769E+01  5.657E-01  1.998E+07  1.327E+03
  1.787E+01  5.687E-01  2.003E+07  1.330E+03
  1.805E+01  5.717E-01  2.008E+07  1.334E+03
  1.823E+01  5.748E-01  2.013E+07  1.338E+03
  1.841E+01  5.778E-01  2.018E+07  1.342E+03
  1.859E+01  5.809E-01  2.023E+07  1.345E+03
  1.877E+01  5.839E-01  2.028E+07  1.349E+03
  1.896E+01  5.870E-01  2.033E+07  1.353E+03
  1.915E+01  5.901E-01  2.038E+07  1.356E+03
  1.933E+01  5.932E-01  2.044E+07  1.360E+03
  1.952E+01  5.963E-01  2.049E+07  1.364E+03
  1.971E+01  5.994E-01  2.054E+07  1.367E+03
  1.991E+01  6.025E-01  2.059E+07  1.371E+03
  2.010E+01  6.056E-01  2.065E+07  1.374E+03
  2.029E+01  6.087E-01  2.070E+07  1.378E+03
  2.049E+01  6.119E-01  2.075E+07  1.381E+03
  2.069E+01  6.150E-01  2.081E+07  1.385E+03
  2.089E+01  6.181E-01  2.086E+07  1.388E+03
  2.109E+01  6.213E-01  2.091E+07  1.392E+03
  2.129E+01  6.245E-01  2.097E+07  1.395E+03
  2.149E+01  6.276E-01  2.102E+07  1.399E+03
  2.170E+01  6.308E-01  2.108E+07  1.402E+03
  2.190E+01  6.340E-01  2.113E+07  1.406E+03
  2.211E+01  6.372E-01  2.119E+07  1.409E+03
  2.232E+01  6.404E-01  2.124E+07  1.412E+03
  2.253E+01  6.436E-01  2.130E+07  1.416E+03
  2.274E+01  6.469E-01  2.136E+07  1.419E+03
  2.296E+01  6.501E-01  2.141E+07  1.422E+03
  2.317E+01  6.533E-01  2.147E+07  1.426E+03
  2.339E+01  6.566E-01  2.153E+07  1.429E+03
  2.361E+01  6.598E-01  2.158E+07  1.432E+03
  2.383E+01  6.631E-01  2.164E+07  1.436E+03
  2.405E+01  6.664E-01  2.170E+07  1.439E+03
  2.427E+01  6.697E-01  2.176E+07  1.442E+03
  2.450E+01  6.730E-01  2.182E+07  1.445E+03
  2.472E+01  6.763E-01  2.188E+07  1.448E+03
  2.495E+01  6.796E-01  2.193E+07  1.452E+03
  2.518E+01  6.829E-01  2.199E+07  1.455E+03
  2.541E+01  6.863E-01  2.205E+07  1.458E+03
  2.565E+01  6.896E-01  2.211E+07  1.461E+03
  2.588E+01  6.930E-01  2.217E+07  1.464E+03
  2.612E+01  6.963E-01  2.223E+07  1.467E+03
  2.635E+01  6.997E-01  2.229E+07  1.470E+03
  2.659E+01  7.031E-01  2.236E+07  1.473E+03
  2.684E+01  7.065E-01  2.242E+07  1.477E+03
  2.708E+01  7.099E-01  2.248E+07  1.480E+03
  2.732E+01  7.133E-01  2.254E+07  1.483E+03
  2.757E+01  7.167E-01  2.260E+07  1.486E+03
  2.782E+01  7.202E-01  2.267E+07  1.489E+03
  2.807E+01  7.236E-01  2.273E+07  1.492E+03
  2.832E+01  7.271E-01  2.279E+07  1.495E+03
  2.857E+01  7.305E-01  2.285E+07  1.498E+03
  2.883E+01  7.340E-01  2.292E+07  1.500E+03
  2.909E+01  7.375E-01  2.298E+07  1.503E+03
  2.935E+01  7.410E-01  2.305E+07  1.506E+03
  2.961E+01  7.445E-01  2.311E+07  1.509E+03
  2.987E+01  7.480E-01  2.318E+07  1.512E+03
  3.014E+01  7.515E-01  2.324E+07  1.515E+03
  3.040E+01  7.551E-01  2.331E+07  1.518E+03
  3.067E+01  7.586E-01  2.337E+07  1.521E+03
  3.094E+01  7.622E-01  2.344E+07  1.523E+03
  3.122E+01  7.658E-01  2.351E+07  1.526E+03
  3.149E+01  7.693E-01  2.357E+07  1.529E+03
  3.177E+01  7.729E-01  2.364E+07  1.532E+03
  3.205E+01  7.766E-01  2.371E+07  1.535E+03
  3.233E+01  7.802E-01  2.378E+07  1.537E+03
  3.261E+01  7.838E-01  2.384E+07  1.540E+03
  3.290E+01  7.875E-01  2.391E+07  1.543E+03
  3.318E+01  7.911E-01  2.398E+07  1.546E+03
  3.347E+01  7.948E-01  2.405E+07  1.548E+03
  3.376E+01  7.985E-01  2.412E+07  1.551E+03
  3.406E+01  8.022E-01  2.419E+07  1.554E+03
  3.435E+01  8.059E-01  2.426E+07  1.556E+03
  3.465E+01  8.097E-01  2.433E+07  1.559E+03
  3.495E+01  8.134E-01  2.440E+07  1.562E+03
  3.525E+01  8.172E-01  2.447E+07  1.564E+03
  3.555E+01  8.209E-01  2.455E+07  1.567E+03
  3.586E+01  8.247E-01  2.462E+07  1.570E+03
  3.617E+01  8.285E-01  2.469E+07  1.572E+03
  3.648E+01  8.323E-01  2.476E+07  1.575E+03
  3.679E+01  8.361E-01  2.484E+07  1.577E+03
  3.710E+01  8.400E-01  2.491E+07  1.580E+03
  3.742E+01  8.438E-01  2.498E+07  1.582E+03
  3.774E+01  8.477E-01  2.506E+07  1.585E+03
  3.806E+01  8.515E-01  2.513E+07  1.588E+03
  3.839E+01  8.554E-01  2.521E+07  1.590E+03
  3.871E+01  8.593E-01  2.528E+07  1.593E+03
  3.904E+01  8.632E-01  2.536E+07  1.595E+03
  3.937E+01  8.672E-01  2.543E+07  1.598E+03
  3.971E+01  8.711E-01  2.551E+07  1.600E+03
  4.004E+01  8.750E-01  2.559E+07  1.602E+03
  4.038E+01  8.790E-01  2.566E+07  1.605E+03
  4.072E+01  8.830E-01  2.574E+07  1.607E+03
  4.106E+01  8.870E-01  2.582E+07  1.610E+03
  4.141E+01  8.910E-01  2.589E+07  1.612E+03
  4.176E+01  8.950E-01  2.597E+07  1.614E+03
  4.211E+01  8.990E-01  2.605E+07  1.617E+03
  4.246E+01  9.031E-01  2.613E+07  1.619E+03
  4.282E+01  9.071E-01  2.621E+07  1.622E+03
  4.318E+01  9.112E-01  2.629E+07  1.624E+03
  4.354E+01  9.153E-01  2.637E+07  1.626E+03
  4.390E+01  9.194E-01  2.645E+07  1.629E+03
  4.427E+01  9.235E-01  2.653E+07  1.631E+03
  4.464E+01  9.276E-01  2.661E+07  1.633E+03
  4.501E+01  9.317E-01  2.669E+07  1.635E+03
  4.538E+01  9.359E-01  2.677E+07  1.638E+03
  4.576E+01  9.400E-01  2.686E+07  1.640E+03
  4.614E+01  9.442E-01  2.694E+07  1.642E+03
  4.652E+01  9.484E-01  2.702E+07  1.645E+03
  4.690E+01  9.526E-01  2.710E+07  1.647E+03
  4.729E+01  9.568E-01  2.719E+07  1.649E+03
  4.768E+01  9.610E-01  2.727E+07  1.651E+03
  4.808E+01  9.653E-01  2.735E+07  1.653E+03
  4.847E+01  9.695E-01  2.744E+07  1.656E+03
  4.887E+01  9.738E-01  2.752E+07  1.658E+03
  4.927E+01  9.781E-01  2.761E+07  1.660E+03
  4.968E+01  9.824E-01  2.769E+07  1.662E+03
  5.009E+01  9.867E-01  2.778E+07  1.664E+03
  5.050E+01  9.910E-01  2.786E+07  1.666E+03
  5.091E+01  9.954E-01  2.795E+07  1.668E+03
  5.133E+01  9.997E-01  2.804E+07  1.671E+03
  5.175E+01  1.004E+00  2.812E+07  1.673E+03
  5.217E+01  1.008E+00  2.821E+07  1.675E+03
  5.259E+01  1.013E+00  2.830E+07  1.677E+03
  5.302E+01  1.017E+00  2.839E+07  1.679E+03
  5.345E+01  1.022E+00  2.847E+07  1.681E+03
  5.389E+01  1.026E+00  2.856E+07  1.683E+03
  5.433E+01  1.031E+00  2.865E+07  1.685E+03
  5.477E+01  1.035E+00  2.874E+07  1.687E+03
  5.521E+01  1.039E+00  2.883E+07  1.689E+03
  5.566E+01  1.044E+00  2.892E+07  1.691E+03
  5.611E+01  1.048E+00  2.901E+07  1.693E+03
  5.657E+01  1.053E+00  2.910E+07  1.695E+03
  5.702E+01  1.057E+00  2.919E+07  1.697E+03
  5.748E+01  1.062E+00  2.928E+07  1.699E+03
  5.795E+01  1.067E+00  2.937E+07  1.701E+03
  5.841E+01  1.071E+00  2.946E+07  1.703E+03
  5.888E+01  1.076E+00  2.956E+07  1.705E+03
  5.936E+01  1.080E+00  2.965E+07  1.707E+03
  5.984E+01  1.085E+00  2.974E+07  1.709E+03
  6.032E+01  1.090E+00  2.983E+07  1.711E+03
  6.080E+01  1.094E+00  2.993E+07  1.713E+03
  6.129E+01  1.099E+00  3.002E+07  1.715E+03
  6.178E+01  1.103E+00  3.011E+07  1.717E+03
  6.227E+01  1.108E+00  3.021E+07  1.719E+03
  6.277E+01  1.113E+00  3.030E+07  1.721E+03
  6.328E+01  1.118E+00  3.039E+07  1.723E+03
  6.378E+01  1.122E+00  3.049E+07  1.725E+03
  6.429E+01  1.127E+00  3.058E+07  1.726E+03
  6.480E+01  1.132E+00  3.068E+07  1.728E+03
  6.532E+01  1.136E+00  3.077E+07  1.730E+03
  6.584E+01  1.141E+00  3.087E+07  1.732E+03
  6.636E+01  1.146E+00  3.097E+07  1.734E+03
  6.689E+01  1.151E+00  3.106E+07  1.736E+03
  6.742E+01  1.156E+00  3.116E+07  1.738E+03
  6.796E+01  1.160E+00  3.126E+07  1.740E+03
  6.850E+01  1.165E+00  3.135E+07  1.741E+03
  6.904E+01  1.170E+00  3.145E+07  1.743E+03
  6.959E+01  1.175E+00  3.155E+07  1.745E+03
  7.014E+01  1.180E+00  3.165E+07  1.747E+03
  7.069E+01  1.185E+00  3.174E+07  1.749E+03
  7.125E+01  1.190E+00  3.184E+07  1.751E+03
  7.182E+01  1.195E+00  3.194E+07  1.752E+03
  7.238E+01  1.200E+00  3.204E+07  1.754E+03
  7.295E+01  1.205E+00  3.214E+07  1.756E+03
  7.353E+01  1.210E+00  3.224E+07  1.758E+03
  7.411E+01  1.214E+00  3.234E+07  1.760E+03
  7.469E+01  1.219E+00  3.244E+07  1.761E+03
  7.528E+01  1.224E+00  3.254E+07  1.763E+03
  7.587E+01  1.230E+00  3.264E+07  1.765E+03
  7.647E+01  1.235E+00  3.274E+07  1.767E+03
  7.707E+01  1.240E+00  3.284E+07  1.769E+03
  7.767E+01  1.245E+00  3.294E+07  1.770E+03
  7.828E+01  1.250E+00  3.304E+07  1.772E+03
  7.890E+01  1.255E+00  3.314E+07  1.774E+03
  7.952E+01  1.260E+00  3.324E+07  1.776E+03
  8.014E+01  1.265E+00  3.335E+07  1.777E+03
  8.077E+01  1.270E+00  3.345E+07  1.779E+03
  8.140E+01  1.275E+00  3.355E+07  1.781E+03
  8.203E+01  1.280E+00  3.365E+07  1.783E+03
  8.267E+01  1.286E+00  3.376E+07  1.784E+03
  8.332E+01  1.291E+00  3.386E+07  1.786E+03
  8.397E+01  1.296E+00  3.396E+07  1.788E+03
  8.462E+01  1.301E+00  3.406E+07  1.790E+03
  8.528E+01  1.306E+00  3.417E+07  1.792E+03
  8.595E+01  1.312E+00  3.427E+07  1.793E+03
  8.662E+01  1.317E+00  3.437E+07  1.795E+03
  8.729E+01  1.322E+00  3.448E+07  1.797E+03
  8.797E+01  1.328E+00  3.458E+07  1.799E+03
  8.865E+01  1.333E+00  3.469E+07  1.800E+03
  8.934E+01  1.338E+00  3.479E+07  1.802E+03
  9.003E+01  1.343E+00  3.490E+07  1.804E+03
  9.073E+01  1.349E+00  3.500E+07  1.806E+03
  9.143E+01  1.354E+00  3.511E+07  1.807E+03
  9.214E+01  1.360E+00  3.521E+07  1.809E+03
  9.286E+01  1.365E+00  3.532E+07  1.811E+03
  9.357E+01  1.370E+00  3.542E+07  1.813E+03
  9.430E+01  1.376E+00  3.553E+07  1.814E+03
  9.503E+01  1.381E+00  3.563E+07  1.816E+03
  9.576E+01  1.387E+00  3.574E+07  1.818E+03
  9.650E+01  1.392E+00  3.584E+07  1.820E+03
  9.725E+01  1.397E+00  3.595E+07  1.821E+03
  9.800E+01  1.403E+00  3.606E+07  1.823E+03
  9.875E+01  1.408E+00  3.616E+07  1.825E+03
  9.951E+01  1.414E+00  3.627E+07  1.827E+03
  1.003E+02  1.419E+00  3.637E+07  1.828E+03
  1.011E+02  1.425E+00  3.648E+07  1.830E+03
  1.018E+02  1.431E+00  3.659E+07  1.832E+03
  1.026E+02  1.436E+00  3.669E+07  1.834E+03
  1.034E+02  1.442E+00  3.680E+07  1.835E+03
  1.042E+02  1.447E+00  3.691E+07  1.837E+03
  1.050E+02  1.453E+00  3.702E+07  1.839E+03
  1.058E+02  1.458E+00  3.712E+07  1.841E+03
  1.066E+02  1.464E+00  3.723E+07  1.842E+03
  1.074E+02  1.470E+00  3.734E+07  1.844E+03
  1.083E+02  1.475E+00  3.744E+07  1.846E+03
  1.091E+02  1.481E+00  3.755E+07  1.848E+03
  1.099E+02  1.487E+00  3.766E+07  1.850E+03
  1.108E+02  1.492E+00  3.777E+07  1.851E+03
  1.116E+02  1.498E+00  3.787E+07  1.853E+03
  1.125E+02  1.504E+00  3.798E+07  1.855E+03
  1.133E+02  1.510E+00  3.809E+07  1.857E+03
  1.142E+02  1.515E+00  3.820E+07  1.859E+03
  1.151E+02  1.521E+00  3.830E+07  1.860E+03
  1.159E+02  1.527E+00  3.841E+07  1.862E+03
  1.168E+02  1.533E+00  3.852E+07  1.864E+03
  1.177E+02  1.538E+00  3.863E+07  1.866E+03
  1.186E+02  1.544E+00  3.874E+07  1.868E+03
  1.195E+02  1.550E+00  3.884E+07  1.870E+03
  1.204E+02  1.556E+00  3.895E+07  1.871E+03
  1.213E+02  1.562E+00  3.906E+07  1.873E+03
  1.223E+02  1.568E+00  3.917E+07  1.875E+03
  1.232E+02  1.573E+00  3.927E+07  1.877E+03
  1.241E+02  1.579E+00  3.938E+07  1.879E+03
  1.251E+02  1.585E+00  3.949E+07  1.881E+03
  1.260E+02  1.591E+00  3.960E+07  1.883E+03
  1.270E+02  1.597E+00  3.971E+07  1.884E+03
  1.279E+02  1.603E+00  3.981E+07  1.886E+03
  1.289E+02  1.609E+00  3.992E+07  1.888E+03
  1.299E+02  1.615E+00  4.003E+07  1.890E+03
  1.309E+02  1.621E+00  4.014E+07  1.892E+03
  1.319E+02  1.627E+00  4.024E+07  1.894E+03
  1.329E+02  1.633E+00  4.035E+07  1.896E+03
  1.339E+02  1.639E+00  4.046E+07  1.898E+03
  1.349E+02  1.645E+00  4.057E+07  1.900E+03
  1.359E+02  1.651E+00  4.067E+07  1.902E+03
  1.369E+02  1.657E+00  4.078E+07  1.904E+03
  1.380E+02  1.663E+00  4.089E+07  1.906E+03
  1.390E+02  1.669E+00  4.099E+07  1.907E+03
  1.401E+02  1.675E+00  4.110E+07  1.909E+03
  1.411E+02  1.681E+00  4.121E+07  1.911E+03
  1.422E+02  1.687E+00  4.132E+07  1.913E+03
  1.433E+02  1.693E+00  4.142E+07  1.915E+03
  1.444E+02  1.699E+00  4.153E+07  1.917E+03
  1.454E+02  1.706E+00  4.164E+07  1.919E+03
  1.465E+02  1.712E+00  4.174E+07  1.921E+03
  1.476E+02  1.718E+00  4.185E+07  1.923E+03
  1.488E+02  1.724E+00  4.195E+07  1.925E+03
  1.499E+02  1.730E+00  4.206E+07  1.927E+03
  1.510E+02  1.736E+00  4.217E+07  1.929E+03
  1.521E+02  1.743E+00  4.227E+07  1.931E+03
  1.533E+02  1.749E+00  4.238E+07  1.933E+03
  1.544E+02  1.755E+00  4.248E+07  1.936E+03
  1.556E+02  1.761E+00  4.259E+07  1.938E+03
  1.568E+02  1.767E+00  4.269E+07  1.940E+03
  1.580E+02  1.774E+00  4.280E+07  1.942E+03
  1.591E+02  1.780E+00  4.290E+07  1.944E+03
  1.603E+02  1.786E+00  4.301E+07  1.946E+03
  1.615E+02  1.792E+00  4.311E+07  1.948E+03
  1.628E+02  1.799E+00  4.322E+07  1.950E+03
  1.640E+02  1.805E+00  4.332E+07  1.952E+03
  1.652E+02  1.811E+00  4.342E+07  1.954E+03
  1.665E+02  1.818E+00  4.353E+07  1.956E+03
  1.677E+02  1.824E+00  4.363E+07  1.959E+03
  1.690E+02  1.830E+00  4.373E+07  1.961E+03
  1.702E+02  1.837E+00  4.384E+07  1.963E+03
  1.715E+02  1.843E+00  4.394E+07  1.965E+03
  1.728E+02  1.849E+00  4.404E+07  1.967E+03
  1.741E+02  1.856E+00  4.415E+07  1.969E+03
  1.754E+02  1.862E+00  4.425E+07  1.972E+03
  1.767E+02  1.868E+00  4.435E+07  1.974E+03
  1.780E+02  1.875E+00  4.445E+07  1.976E+03
  1.793E+02  1.881E+00  4.455E+07  1.978E+03
  1.807E+02  1.887E+00  4.465E+07  1.980E+03
  1.820E+02  1.894E+00  4.476E+07  1.983E+03
  1.834E+02  1.900E+00  4.486E+07  1.985E+03
  1.848E+02  1.907E+00  4.496E+07  1.987E+03
  1.862E+02  1.913E+00  4.506E+07  1.989E+03
  1.875E+02  1.919E+00  4.516E+07  1.991E+03
  1.889E+02  1.926E+00  4.526E+07  1.994E+03
  1.904E+02  1.932E+00  4.536E+07  1.996E+03
  1.918E+02  1.939E+00  4.546E+07  1.998E+03
  1.932E+02  1.945E+00  4.555E+07  2.000E+03
  1.946E+02  1.952E+00  4.565E+07  2.003E+03
  1.961E+02  1.958E+00  4.575E+07  2.005E+03
  1.976E+02  1.964E+00  4.585E+07  2.007E+03
  1.990E+02  1.971E+00  4.595E+07  2.010E+03
  2.005E+02  1.977E+00  4.604E+07  2.012E+03
  2.020E+02  1.984E+00  4.614E+07  2.014E+03
  2.035E+02  1.990E+00  4.624E+07  2.017E+03
  2.050E+02  1.997E+00  4.634E+07  2.019E+03
  2.066E+02  2.003E+00  4.643E+07  2.021E+03
  2.081E+02  2.010E+00  4.653E+07  2.024E+03
  2.096E+02  2.016E+00  4.662E+07  2.026E+03
  2.112E+02  2.023E+00  4.672E+07  2.028E+03
  2.128E+02  2.029E+00  4.681E+07  2.031E+03
  2.144E+02  2.035E+00  4.691E+07  2.033E+03
  2.159E+02  2.042E+00  4.700E+07  2.035E+03
  2.176E+02  2.048E+00  4.710E+07  2.038E+03
  2.192E+02  2.055E+00  4.719E+07  2.040E+03
  2.208E+02  2.061E+00  4.728E+07  2.043E+03
  2.224E+02  2.068E+00  4.738E+07  2.045E+03
  2.241E+02  2.074E+00  4.747E+07  2.047E+03
  2.257E+02  2.081E+00  4.756E+07  2.050E+03
  2.274E+02  2.087E+00  4.765E+07  2.052E+03
  2.291E+02  2.094E+00  4.774E+07  2.055E+03
  2.308E+02  2.100E+00  4.784E+07  2.057E+03
  2.325E+02  2.107E+00  4.793E+07  2.059E+03
  2.342E+02  2.113E+00  4.802E+07  2.062E+03
  2.360E+02  2.120E+00  4.811E+07  2.064E+03
  2.377E+02  2.126E+00  4.820E+07  2.067E+03
  2.395E+02  2.133E+00  4.829E+07  2.069E+03
  2.413E+02  2.139E+00  4.837E+07  2.072E+03
  2.431E+02  2.145E+00  4.846E+07  2.074E+03
  2.449E+02  2.152E+00  4.855E+07  2.077E+03
  2.467E+02  2.158E+00  4.864E+07  2.079E+03
  2.485E+02  2.165E+00  4.873E+07  2.082E+03
  2.503E+02  2.171E+00  4.881E+07  2.084E+03
  2.522E+02  2.178E+00  4.890E+07  2.087E+03
  2.541E+02  2.184E+00  4.899E+07  2.089E+03
  2.559E+02  2.191E+00  4.907E+07  2.091E+03
  2.578E+02  2.197E+00  4.916E+07  2.094E+03
  2.597E+02  2.203E+00  4.924E+07  2.096E+03
  2.617E+02  2.210E+00  4.933E+07  2.099E+03
  2.636E+02  2.216E+00  4.941E+07  2.101E+03
  2.655E+02  2.223E+00  4.950E+07  2.104E+03
  2.675E+02  2.229E+00  4.958E+07  2.106E+03
  2.695E+02  2.235E+00  4.966E+07  2.109E+03
  2.715E+02  2.242E+00  4.974E+07  2.112E+03
  2.735E+02  2.248E+00  4.983E+07  2.114E+03
  2.755E+02  2.255E+00  4.991E+07  2.117E+03
  2.775E+02  2.261E+00  4.999E+07  2.119E+03
  2.796E+02  2.267E+00  5.007E+07  2.122E+03
  2.816E+02  2.274E+00  5.015E+07  2.124E+03
  2.837E+02  2.280E+00  5.023E+07  2.127E+03
  2.858E+02  2.286E+00  5.031E+07  2.129E+03
  2.879E+02  2.293E+00  5.039E+07  2.132E+03
  2.900E+02  2.299E+00  5.047E+07  2.134E+03
  2.922E+02  2.305E+00  5.055E+07  2.137E+03
  2.943E+02  2.312E+00  5.063E+07  2.139E+03
  2.965E+02  2.318E+00  5.070E+07  2.142E+03
  2.987E+02  2.324E+00  5.078E+07  2.144E+03
  3.009E+02  2.330E+00  5.086E+07  2.147E+03
  3.031E+02  2.337E+00  5.093E+07  2.149E+03
  3.053E+02  2.343E+00  5.101E+07  2.152E+03
  3.076E+02  2.349E+00  5.108E+07  2.154E+03
  3.098E+02  2.355E+00  5.116E+07  2.157E+03
  3.121E+02  2.362E+00  5.123E+07  2.160E+03
  3.144E+02  2.368E+00  5.131E+07  2.162E+03
  3.167E+02  2.374E+00  5.138E+07  2.165E+03
  3.191E+02  2.380E+00  5.146E+07  2.167E+03
  3.214E+02  2.386E+00  5.153E+07  2.170E+03
  3.238E+02  2.392E+00  5.160E+07  2.172E+03
  3.262E+02  2.399E+00  5.167E+07  2.175E+03
  3.286E+02  2.405E+00  5.174E+07  2.177E+03
  3.310E+02  2.411E+00  5.182E+07  2.180E+03
  3.334E+02  2.417E+00  5.189E+07  2.182E+03
  3.358E+02  2.423E+00  5.196E+07  2.185E+03
  3.383E+02  2.429E+00  5.203E+07  2.187E+03
  3.408E+02  2.435E+00  5.210E+07  2.190E+03
  3.433E+02  2.441E+00  5.216E+07  2.192E+03
  3.458E+02  2.447E+00  5.223E+07  2.195E+03
  3.484E+02  2.453E+00  5.230E+07  2.197E+03
  3.509E+02  2.459E+00  5.237E+07  2.200E+03
  3.535E+02  2.465E+00  5.244E+07  2.202E+03
  3.561E+02  2.471E+00  5.250E+07  2.205E+03
  3.587E+02  2.477E+00  5.257E+07  2.207E+03
  3.613E+02  2.483E+00  5.264E+07  2.210E+03
  3.640E+02  2.489E+00  5.270E+07  2.212E+03
  3.667E+02  2.495E+00  5.277E+07  2.215E+03
  3.694E+02  2.500E+00  5.283E+07  2.217E+03
  3.721E+02  2.506E+00  5.289E+07  2.220E+03
  3.748E+02  2.512E+00  5.296E+07  2.222E+03
  3.775E+02  2.518E+00  5.302E+07  2.225E+03
  3.803E+02  2.524E+00  5.308E+07  2.227E+03
  3.831E+02  2.529E+00  5.315E+07  2.230E+03
  3.859E+02  2.535E+00  5.321E+07  2.232E+03
  3.887E+02  2.541E+00  5.327E+07  2.235E+03
  3.916E+02  2.547E+00  5.333E+07  2.237E+03
  3.945E+02  2.552E+00  5.339E+07  2.240E+03
  3.973E+02  2.558E+00  5.345E+07  2.242E+03
  4.003E+02  2.564E+00  5.351E+07  2.245E+03
  4.032E+02  2.569E+00  5.357E+07  2.247E+03
  4.061E+02  2.575E+00  5.363E+07  2.249E+03
  4.091E+02  2.581E+00  5.369E+07  2.252E+03
  4.121E+02  2.586E+00  5.375E+07  2.254E+03
  4.151E+02  2.592E+00  5.381E+07  2.257E+03
  4.182E+02  2.597E+00  5.386E+07  2.259E+03
  4.212E+02  2.603E+00  5.392E+07  2.262E+03
  4.243E+02  2.608E+00  5.398E+07  2.264E+03
  4.274E+02  2.614E+00  5.403E+07  2.266E+03
  4.305E+02  2.619E+00  5.409E+07  2.269E+03
  4.337E+02  2.625E+00  5.415E+07  2.271E+03
  4.369E+02  2.630E+00  5.420E+07  2.274E+03
  4.401E+02  2.636E+00  5.426E+07  2.276E+03
  4.433E+02  2.641E+00  5.431E+07  2.278E+03
  4.465E+02  2.646E+00  5.436E+07  2.281E+03
  4.498E+02  2.652E+00  5.442E+07  2.283E+03
  4.531E+02  2.657E+00  5.447E+07  2.285E+03
  4.564E+02  2.662E+00  5.452E+07  2.288E+03
  4.597E+02  2.667E+00  5.458E+07  2.290E+03
  4.631E+02  2.673E+00  5.463E+07  2.292E+03
  4.665E+02  2.678E+00  5.468E+07  2.295E+03
  4.699E+02  2.683E+00  5.473E+07  2.297E+03
  4.733E+02  2.688E+00  5.478E+07  2.299E+03
  4.768E+02  2.693E+00  5.483E+07  2.302E+03
  4.803E+02  2.699E+00  5.488E+07  2.304E+03
  4.838E+02  2.704E+00  5.493E+07  2.306E+03
  4.873E+02  2.709E+00  5.498E+07  2.308E+03
  4.909E+02  2.714E+00  5.503E+07  2.311E+03
  4.944E+02  2.719E+00  5.508E+07  2.313E+03
  4.980E+02  2.724E+00  5.512E+07  2.315E+03
  5.017E+02  2.729E+00  5.517E+07  2.317E+03
  5.053E+02  2.734E+00  5.522E+07  2.320E+03
  5.090E+02  2.739E+00  5.527E+07  2.322E+03
  5.127E+02  2.744E+00  5.531E+07  2.324E+03
  5.165E+02  2.749E+00  5.536E+07  2.326E+03
  5.203E+02  2.753E+00  5.540E+07  2.328E+03
  5.241E+02  2.758E+00  5.545E+07  2.331E+03
  5.279E+02  2.763E+00  5.549E+07  2.333E+03
  5.317E+02  2.768E+00  5.554E+07  2.335E+03
  5.356E+02  2.773E+00  5.558E+07  2.337E+03
  5.395E+02  2.777E+00  5.563E+07  2.339E+03
  5.434E+02  2.782E+00  5.567E+07  2.341E+03
  5.474E+02  2.787E+00  5.571E+07  2.344E+03
  5.514E+02  2.792E+00  5.576E+07  2.346E+03
  5.554E+02  2.796E+00  5.580E+07  2.348E+03
  5.595E+02  2.801E+00  5.584E+07  2.350E+03
  5.635E+02  2.806E+00  5.588E+07  2.352E+03
  5.677E+02  2.810E+00  5.593E+07  2.354E+03
  5.718E+02  2.815E+00  5.597E+07  2.356E+03
  5.760E+02  2.819E+00  5.601E+07  2.358E+03
  5.802E+02  2.824E+00  5.605E+07  2.360E+03
  5.844E+02  2.828E+00  5.609E+07  2.362E+03
  5.886E+02  2.833E+00  5.613E+07  2.365E+03
  5.929E+02  2.837E+00  5.617E+07  2.367E+03
  5.972E+02  2.842E+00  5.621E+07  2.369E+03
  6.016E+02  2.846E+00  5.625E+07  2.371E+03
  6.060E+02  2.850E+00  5.628E+07  2.373E+03
  6.104E+02  2.855E+00  5.632E+07  2.375E+03
  6.148E+02  2.859E+00  5.636E+07  2.377E+03
  6.193E+02  2.863E+00  5.640E+07  2.379E+03
  6.238E+02  2.868E+00  5.644E+07  2.381E+03
  6.284E+02  2.872E+00  5.647E+07  2.383E+03
  6.329E+02  2.876E+00  5.651E+07  2.385E+03
  6.375E+02  2.880E+00  5.655E+07  2.386E+03
  6.422E+02  2.884E+00  5.658E+07  2.388E+03
  6.469E+02  2.889E+00  5.662E+07  2.390E+03
  6.516E+02  2.893E+00  5.665E+07  2.392E+03
  6.563E+02  2.897E+00  5.669E+07  2.394E+03
  6.611E+02  2.901E+00  5.672E+07  2.396E+03
  6.659E+02  2.905E+00  5.676E+07  2.398E+03
  6.707E+02  2.909E+00  5.679E+07  2.400E+03
  6.756E+02  2.913E+00  5.683E+07  2.402E+03
  6.805E+02  2.917E+00  5.686E+07  2.404E+03
  6.855E+02  2.921E+00  5.689E+07  2.405E+03
  6.905E+02  2.925E+00  5.693E+07  2.407E+03
  6.955E+02  2.929E+00  5.696E+07  2.409E+03
  7.005E+02  2.933E+00  5.699E+07  2.411E+03
  7.056E+02  2.937E+00  5.702E+07  2.413E+03
  7.108E+02  2.940E+00  5.706E+07  2.415E+03
  7.159E+02  2.944E+00  5.709E+07  2.416E+03
  7.211E+02  2.948E+00  5.712E+07  2.418E+03
  7.264E+02  2.952E+00  5.715E+07  2.420E+03
  7.317E+02  2.956E+00  5.718E+07  2.422E+03
  7.370E+02  2.959E+00  5.721E+07  2.423E+03
  7.423E+02  2.963E+00  5.724E+07  2.425E+03
  7.477E+02  2.967E+00  5.727E+07  2.427E+03
  7.532E+02  2.970E+00  5.730E+07  2.429E+03
  7.586E+02  2.974E+00  5.733E+07  2.430E+03
  7.642E+02  2.978E+00  5.736E+07  2.432E+03
  7.697E+02  2.981E+00  5.739E+07  2.434E+03
  7.753E+02  2.985E+00  5.742E+07  2.436E+03
  7.809E+02  2.988E+00  5.745E+07  2.437E+03
  7.866E+02  2.992E+00  5.748E+07  2.439E+03
  7.923E+02  2.995E+00  5.750E+07  2.441E+03
  7.981E+02  2.999E+00  5.753E+07  2.442E+03
  8.039E+02  3.002E+00  5.756E+07  2.444E+03
  8.097E+02  3.006E+00  5.759E+07  2.445E+03
  8.156E+02  3.009E+00  5.761E+07  2.447E+03
  8.215E+02  3.013E+00  5.764E+07  2.449E+03
  8.275E+02  3.016E+00  5.767E+07  2.450E+03
  8.335E+02  3.019E+00  5.769E+07  2.452E+03
  8.395E+02  3.023E+00  5.772E+07  2.454E+03
  8.456E+02  3.026E+00  5.775E+07  2.455E+03
  8.518E+02  3.029E+00  5.777E+07  2.457E+03
  8.579E+02  3.033E+00  5.780E+07  2.458E+03
  8.642E+02  3.036E+00  5.782E+07  2.460E+03
  8.704E+02  3.039E+00  5.785E+07  2.461E+03
  8.768E+02  3.042E+00  5.787E+07  2.463E+03
  8.831E+02  3.045E+00  5.790E+07  2.464E+03
  8.895E+02  3.049E+00  5.792E+07  2.466E+03
  8.960E+02  3.052E+00  5.795E+07  2.467E+03
  9.025E+02  3.055E+00  5.797E+07  2.469E+03
  9.090E+02  3.058E+00  5.800E+07  2.470E+03
  9.156E+02  3.061E+00  5.802E+07  2.472E+03
  9.223E+02  3.064E+00  5.804E+07  2.473E+03
  9.290E+02  3.067E+00  5.807E+07  2.475E+03
  9.357E+02  3.070E+00  5.809E+07  2.476E+03
  9.425E+02  3.073E+00  5.811E+07  2.478E+03
  9.493E+02  3.076E+00  5.814E+07  2.479E+03
  9.562E+02  3.079E+00  5.816E+07  2.481E+03
  9.631E+02  3.082E+00  5.818E+07  2.482E+03
  9.701E+02  3.085E+00  5.820E+07  2.483E+03
  9.772E+02  3.088E+00  5.823E+07  2.485E+03
  9.843E+02  3.091E+00  5.825E+07  2.486E+03
  9.914E+02  3.094E+00  5.827E+07  2.488E+03
  9.986E+02  3.097E+00  5.829E+07  2.489E+03
  1.006E+03  3.100E+00  5.831E+07  2.490E+03
  1.013E+03  3.102E+00  5.833E+07  2.492E+03
  1.020E+03  3.105E+00  5.835E+07  2.493E+03
  1.028E+03  3.108E+00  5.837E+07  2.495E+03
  1.035E+03  3.111E+00  5.839E+07  2.496E+03
  1.043E+03  3.114E+00  5.842E+07  2.497E+03
  1.050E+03  3.116E+00  5.844E+07  2.499E+03
  1.058E+03  3.119E+00  5.846E+07  2.500E+03
  1.066E+03  3.122E+00  5.848E+07  2.501E+03
  1.073E+03  3.124E+00  5.850E+07  2.502E+03
  1.081E+03  3.127E+00  5.852E+07  2.504E+03
  1.089E+03  3.130E+00  5.853E+07  2.505E+03
  1.097E+03  3.132E+00  5.855E+07  2.506E+03
  1.105E+03  3.135E+00  5.857E+07  2.508E+03
  1.113E+03  3.138E+00  5.859E+07  2.509E+03
  1.121E+03  3.140E+00  5.861E+07  2.510E+03
  1.129E+03  3.143E+00  5.863E+07  2.511E+03
  1.137E+03  3.145E+00  5.865E+07  2.513E+03
  1.145E+03  3.148E+00  5.867E+07  2.514E+03
  1.154E+03  3.150E+00  5.868E+07  2.515E+03
  1.162E+03  3.153E+00  5.870E+07  2.516E+03
  1.170E+03  3.155E+00  5.872E+07  2.518E+03
  1.179E+03  3.158E+00  5.874E+07  2.519E+03
  1.188E+03  3.160E+00  5.876E+07  2.520E+03
  1.196E+03  3.163E+00  5.877E+07  2.521E+03
  1.205E+03  3.165E+00  5.879E+07  2.522E+03
  1.213E+03  3.168E+00  5.881E+07  2.524E+03
  1.222E+03  3.170E+00  5.883E+07  2.525E+03
  1.231E+03  3.172E+00  5.884E+07  2.526E+03
  1.240E+03  3.175E+00  5.886E+07  2.527E+03
  1.249E+03  3.177E+00  5.888E+07  2.528E+03
  1.258E+03  3.179E+00  5.889E+07  2.529E+03
  1.267E+03  3.182E+00  5.891E+07  2.531E+03
  1.276E+03  3.184E+00  5.893E+07  2.532E+03
  1.286E+03  3.186E+00  5.894E+07  2.533E+03
  1.295E+03  3.189E+00  5.896E+07  2.534E+03
  1.304E+03  3.191E+00  5.897E+07  2.535E+03
  1.314E+03  3.193E+00  5.899E+07  2.536E+03
  1.323E+03  3.195E+00  5.901E+07  2.537E+03
  1.333E+03  3.198E+00  5.902E+07  2.538E+03
  1.342E+03  3.200E+00  5.904E+07  2.539E+03
  1.352E+03  3.202E+00  5.905E+07  2.541E+03
  1.362E+03  3.204E+00  5.907E+07  2.542E+03
  1.372E+03  3.207E+00  5.908E+07  2.543E+03
  1.382E+03  3.209E+00  5.910E+07  2.544E+03
  1.392E+03  3.211E+00  5.911E+07  2.545E+03
  1.402E+03  3.213E+00  5.913E+07  2.546E+03
  1.412E+03  3.215E+00  5.914E+07  2.547E+03
  1.422E+03  3.217E+00  5.916E+07  2.548E+03
  1.432E+03  3.219E+00  5.917E+07  2.549E+03
  1.443E+03  3.222E+00  5.919E+07  2.550E+03
  1.453E+03  3.224E+00  5.920E+07  2.551E+03
  1.464E+03  3.226E+00  5.922E+07  2.552E+03
  1.474E+03  3.228E+00  5.923E+07  2.553E+03
  1.485E+03  3.230E+00  5.924E+07  2.554E+03
  1.496E+03  3.232E+00  5.926E+07  2.555E+03
  1.507E+03  3.234E+00  5.927E+07  2.556E+03
  1.517E+03  3.236E+00  5.929E+07  2.557E+03
  1.528E+03  3.238E+00  5.930E+07  2.558E+03
  1.539E+03  3.240E+00  5.931E+07  2.559E+03
  1.551E+03  3.242E+00  5.933E+07  2.560E+03
  1.562E+03  3.244E+00  5.934E+07  2.561E+03
  1.573E+03  3.246E+00  5.935E+07  2.562E+03
  1.585E+03  3.248E+00  5.937E+07  2.563E+03
  1.596E+03  3.250E+00  5.938E+07  2.564E+03
  1.608E+03  3.252E+00  5.939E+07  2.565E+03
  1.619E+03  3.254E+00  5.941E+07  2.566E+03
  1.631E+03  3.256E+00  5.942E+07  2.567E+03
  1.643E+03  3.257E+00  5.943E+07  2.568E+03
  1.655E+03  3.259E+00  5.944E+07  2.569E+03
  1.666E+03  3.261E+00  5.946E+07  2.570E+03
  1.679E+03  3.263E+00  5.947E+07  2.571E+03
  1.691E+03  3.265E+00  5.948E+07  2.572E+03
  1.703E+03  3.267E+00  5.950E+07  2.573E+03
  1.715E+03  3.269E+00  5.951E+07  2.574E+03
  1.728E+03  3.271E+00  5.952E+07  2.574E+03
  1.740E+03  3.272E+00  5.953E+07  2.575E+03
  1.753E+03  3.274E+00  5.954E+07  2.576E+03
  1.765E+03  3.276E+00  5.956E+07  2.577E+03
  1.778E+03  3.278E+00  5.957E+07  2.578E+03
  1.791E+03  3.280E+00  5.958E+07  2.579E+03
  1.804E+03  3.281E+00  5.959E+07  2.580E+03
  1.817E+03  3.283E+00  5.960E+07  2.581E+03
  1.830E+03  3.285E+00  5.962E+07  2.582E+03
  1.843E+03  3.287E+00  5.963E+07  2.583E+03
  1.857E+03  3.288E+00  5.964E+07  2.583E+03
  1.870E+03  3.290E+00  5.965E+07  2.584E+03
  1.884E+03  3.292E+00  5.966E+07  2.585E+03
  1.897E+03  3.294E+00  5.967E+07  2.586E+03
  1.911E+03  3.295E+00  5.968E+07  2.587E+03
  1.925E+03  3.297E+00  5.970E+07  2.588E+03
  1.939E+03  3.299E+00  5.971E+07  2.589E+03
  1.953E+03  3.301E+00  5.972E+07  2.589E+03
  1.967E+03  3.302E+00  5.973E+07  2.590E+03
  1.981E+03  3.304E+00  5.974E+07  2.591E+03
  1.995E+03  3.306E+00  5.975E+07  2.592E+03
  2.010E+03  3.307E+00  5.976E+07  2.593E+03
  2.024E+03  3.309E+00  5.977E+07  2.594E+03
  2.039E+03  3.311E+00  5.978E+07  2.595E+03
  2.054E+03  3.312E+00  5.980E+07  2.595E+03
  2.068E+03  3.314E+00  5.981E+07  2.596E+03
  2.083E+03  3.316E+00  5.982E+07  2.597E+03
  2.098E+03  3.317E+00  5.983E+07  2.598E+03
  2.113E+03  3.319E+00  5.984E+07  2.599E+03
  2.129E+03  3.321E+00  5.985E+07  2.600E+03
  2.144E+03  3.322E+00  5.986E+07  2.600E+03
  2.160E+03  3.324E+00  5.987E+07  2.601E+03
  2.175E+03  3.325E+00  5.988E+07  2.602E+03
  2.191E+03  3.327E+00  5.989E+07  2.603E+03
  2.207E+03  3.329E+00  5.990E+07  2.604E+03
  2.223E+03  3.330E+00  5.991E+07  2.604E+03
  2.239E+03  3.332E+00  5.992E+07  2.605E+03
  2.255E+03  3.333E+00  5.993E+07  2.606E+03
  2.271E+03  3.335E+00  5.994E+07  2.607E+03
  2.288E+03  3.337E+00  5.995E+07  2.608E+03
  2.304E+03  3.338E+00  5.996E+07  2.608E+03
  2.321E+03  3.340E+00  5.997E+07  2.609E+03
  2.338E+03  3.341E+00  5.998E+07  2.610E+03
  2.354E+03  3.343E+00  5.999E+07  2.611E+03
  2.371E+03  3.344E+00  6.000E+07  2.612E+03
  2.389E+03  3.346E+00  6.001E+07  2.612E+03
  2.406E+03  3.348E+00  6.002E+07  2.613E+03
  2.423E+03  3.349E+00  6.003E+07  2.614E+03
  2.441E+03  3.351E+00  6.004E+07  2.615E+03
  2.458E+03  3.352E+00  6.005E+07  2.615E+03
  2.476E+03  3.354E+00  6.006E+07  2.616E+03
  2.494E+03  3.355E+00  6.007E+07  2.617E+03
  2.512E+03  3.357E+00  6.008E+07  2.618E+03
  2.530E+03  3.358E+00  6.009E+07  2.618E+03
  2.548E+03  3.360E+00  6.010E+07  2.619E+03
  2.567E+03  3.361E+00  6.011E+07  2.620E+03
  2.585E+03  3.363E+00  6.012E+07  2.621E+03
  2.604E+03  3.364E+00  6.013E+07  2.622E+03
  2.623E+03  3.366E+00  6.014E+07  2.622E+03
  2.642E+03  3.367E+00  6.015E+07  2.623E+03
  2.661E+03  3.369E+00  6.015E+07  2.624E+03
  2.680E+03  3.370E+00  6.016E+07  2.625E+03
  2.699E+03  3.372E+00  6.017E+07  2.625E+03
  2.719E+03  3.373E+00  6.018E+07  2.626E+03
  2.738E+03  3.375E+00  6.019E+07  2.627E+03
  2.758E+03  3.376E+00  6.020E+07  2.628E+03
  2.778E+03  3.378E+00  6.021E+07  2.628E+03
  2.798E+03  3.379E+00  6.022E+07  2.629E+03
  2.818E+03  3.381E+00  6.023E+07  2.630E+03
  2.839E+03  3.382E+00  6.024E+07  2.631E+03
  2.859E+03  3.384E+00  6.025E+07  2.631E+03
  2.880E+03  3.385E+00  6.026E+07  2.632E+03
  2.901E+03  3.387E+00  6.027E+07  2.633E+03
  2.921E+03  3.388E+00  6.027E+07  2.634E+03
  2.943E+03  3.389E+00  6.028E+07  2.634E+03
  2.964E+03  3.391E+00  6.029E+07  2.635E+03
  2.985E+03  3.392E+00  6.030E+07  2.636E+03
  3.007E+03  3.394E+00  6.031E+07  2.637E+03
  3.028E+03  3.395E+00  6.032E+07  2.637E+03
  3.050E+03  3.397E+00  6.033E+07  2.638E+03
  3.072E+03  3.398E+00  6.034E+07  2.639E+03
  3.094E+03  3.400E+00  6.035E+07  2.639E+03
  3.117E+03  3.401E+00  6.035E+07  2.640E+03
  3.139E+03  3.403E+00  6.036E+07  2.641E+03
  3.162E+03  3.404E+00  6.037E+07  2.642E+03
  3.185E+03  3.405E+00  6.038E+07  2.642E+03
  3.208E+03  3.407E+00  6.039E+07  2.643E+03
  3.231E+03  3.408E+00  6.040E+07  2.644E+03
  3.254E+03  3.410E+00  6.041E+07  2.645E+03
  3.278E+03  3.411E+00  6.042E+07  2.645E+03
  3.301E+03  3.413E+00  6.043E+07  2.646E+03
  3.325E+03  3.414E+00  6.043E+07  2.647E+03
  3.349E+03  3.416E+00  6.044E+07  2.648E+03
  3.373E+03  3.417E+00  6.045E+07  2.648E+03
  3.398E+03  3.418E+00  6.046E+07  2.649E+03
  3.422E+03  3.420E+00  6.047E+07  2.650E+03
  3.447E+03  3.421E+00  6.048E+07  2.651E+03
  3.472E+03  3.423E+00  6.049E+07  2.651E+03
  3.497E+03  3.424E+00  6.050E+07  2.652E+03
  3.522E+03  3.426E+00  6.050E+07  2.653E+03
  3.547E+03  3.427E+00  6.051E+07  2.653E+03
  3.573E+03  3.429E+00  6.052E+07  2.654E+03
  3.599E+03  3.430E+00  6.053E+07  2.655E+03
  3.625E+03  3.431E+00  6.054E+07  2.656E+03
  3.651E+03  3.433E+00  6.055E+07  2.656E+03
  3.677E+03  3.434E+00  6.056E+07  2.657E+03
  3.704E+03  3.436E+00  6.057E+07  2.658E+03
  3.730E+03  3.437E+00  6.057E+07  2.659E+03
  3.757E+03  3.439E+00  6.058E+07  2.659E+03
  3.784E+03  3.440E+00  6.059E+07  2.660E+03
  3.812E+03  3.442E+00  6.060E+07  2.661E+03
  3.839E+03  3.443E+00  6.061E+07  2.662E+03
  3.867E+03  3.445E+00  6.062E+07  2.662E+03
  3.895E+03  3.446E+00  6.063E+07  2.663E+03
  3.923E+03  3.447E+00  6.063E+07  2.664E+03
  3.951E+03  3.449E+00  6.064E+07  2.665E+03
  3.980E+03  3.450E+00  6.065E+07  2.665E+03
  4.008E+03  3.452E+00  6.066E+07  2.666E+03
  4.037E+03  3.453E+00  6.067E+07  2.667E+03
  4.066E+03  3.455E+00  6.068E+07  2.668E+03
  4.096E+03  3.456E+00  6.068E+07  2.668E+03
  4.125E+03  3.457E+00  6.069E+07  2.669E+03
  4.155E+03  3.459E+00  6.070E+07  2.670E+03
  4.185E+03  3.460E+00  6.071E+07  2.671E+03
  4.215E+03  3.462E+00  6.072E+07  2.671E+03
  4.246E+03  3.463E+00  6.073E+07  2.672E+03
  4.276E+03  3.465E+00  6.073E+07  2.673E+03
  4.307E+03  3.466E+00  6.074E+07  2.674E+03
  4.338E+03  3.468E+00  6.075E+07  2.674E+03
  4.369E+03  3.469E+00  6.076E+07  2.675E+03
  4.401E+03  3.471E+00  6.077E+07  2.676E+03
  4.433E+03  3.472E+00  6.078E+07  2.677E+03
  4.465E+03  3.474E+00  6.079E+07  2.677E+03
  4.497E+03  3.475E+00  6.080E+07  2.678E+03
  4.529E+03  3.477E+00  6.080E+07  2.679E+03
  4.562E+03  3.478E+00  6.081E+07  2.680E+03
  4.595E+03  3.480E+00  6.082E+07  2.681E+03
  4.628E+03  3.481E+00  6.083E+07  2.681E+03
  4.661E+03  3.483E+00  6.084E+07  2.682E+03
  4.695E+03  3.484E+00  6.085E+07  2.683E+03
  4.729E+03  3.486E+00  6.086E+07  2.684E+03
  4.763E+03  3.487E+00  6.087E+07  2.684E+03
  4.797E+03  3.489E+00  6.088E+07  2.685E+03
  4.832E+03  3.491E+00  6.088E+07  2.686E+03
  4.867E+03  3.492E+00  6.089E+07  2.687E+03
  4.902E+03  3.494E+00  6.090E+07  2.688E+03
  4.937E+03  3.495E+00  6.091E+07  2.688E+03
  4.973E+03  3.497E+00  6.092E+07  2.689E+03
  5.009E+03  3.498E+00  6.093E+07  2.690E+03
  5.045E+03  3.500E+00  6.094E+07  2.691E+03
  5.081E+03  3.501E+00  6.095E+07  2.692E+03
  5.118E+03  3.503E+00  6.096E+07  2.693E+03
  5.155E+03  3.505E+00  6.097E+07  2.693E+03
  5.192E+03  3.506E+00  6.098E+07  2.694E+03
  5.229E+03  3.508E+00  6.098E+07  2.695E+03
  5.267E+03  3.509E+00  6.099E+07  2.696E+03
  5.305E+03  3.511E+00  6.100E+07  2.697E+03
  5.343E+03  3.513E+00  6.101E+07  2.697E+03
  5.382E+03  3.514E+00  6.102E+07  2.698E+03
  5.420E+03  3.516E+00  6.103E+07  2.699E+03
  5.459E+03  3.518E+00  6.104E+07  2.700E+03
  5.499E+03  3.519E+00  6.105E+07  2.701E+03
  5.538E+03  3.521E+00  6.106E+07  2.702E+03
  5.578E+03  3.523E+00  6.107E+07  2.703E+03
  5.619E+03  3.524E+00  6.108E+07  2.703E+03
  5.659E+03  3.526E+00  6.109E+07  2.704E+03
  5.700E+03  3.528E+00  6.110E+07  2.705E+03
  5.741E+03  3.529E+00  6.111E+07  2.706E+03
  5.782E+03  3.531E+00  6.112E+07  2.707E+03
  5.824E+03  3.533E+00  6.113E+07  2.708E+03
  5.866E+03  3.534E+00  6.114E+07  2.709E+03
  5.908E+03  3.536E+00  6.115E+07  2.710E+03
  5.951E+03  3.538E+00  6.116E+07  2.710E+03
  5.994E+03  3.540E+00  6.117E+07  2.711E+03
  6.037E+03  3.541E+00  6.117E+07  2.712E+03
  6.081E+03  3.543E+00  6.118E+07  2.713E+03
  6.124E+03  3.545E+00  6.119E+07  2.714E+03
  6.168E+03  3.547E+00  6.120E+07  2.715E+03
  6.213E+03  3.549E+00  6.121E+07  2.716E+03
  6.258E+03  3.550E+00  6.122E+07  2.717E+03
  6.303E+03  3.552E+00  6.123E+07  2.718E+03
  6.348E+03  3.554E+00  6.125E+07  2.719E+03
  6.394E+03  3.556E+00  6.126E+07  2.720E+03
  6.440E+03  3.558E+00  6.127E+07  2.721E+03
  6.487E+03  3.559E+00  6.128E+07  2.722E+03
  6.533E+03  3.561E+00  6.129E+07  2.723E+03
  6.580E+03  3.563E+00  6.130E+07  2.723E+03
  6.628E+03  3.565E+00  6.131E+07  2.724E+03
  6.676E+03  3.567E+00  6.132E+07  2.725E+03
  6.724E+03  3.569E+00  6.133E+07  2.726E+03
  6.772E+03  3.571E+00  6.134E+07  2.727E+03
  6.821E+03  3.573E+00  6.135E+07  2.728E+03
  6.870E+03  3.575E+00  6.136E+07  2.729E+03
  6.920E+03  3.576E+00  6.137E+07  2.730E+03
  6.970E+03  3.578E+00  6.138E+07  2.731E+03
  7.020E+03  3.580E+00  6.139E+07  2.732E+03
  7.070E+03  3.582E+00  6.140E+07  2.733E+03
  7.121E+03  3.584E+00  6.141E+07  2.734E+03
  7.173E+03  3.586E+00  6.142E+07  2.735E+03
  7.224E+03  3.588E+00  6.144E+07  2.737E+03
  7.276E+03  3.590E+00  6.145E+07  2.738E+03
  7.329E+03  3.592E+00  6.146E+07  2.739E+03
  7.382E+03  3.594E+00  6.147E+07  2.740E+03
  7.435E+03  3.596E+00  6.148E+07  2.741E+03
  7.488E+03  3.599E+00  6.149E+07  2.742E+03
  7.542E+03  3.601E+00  6.150E+07  2.743E+03
  7.597E+03  3.603E+00  6.151E+07  2.744E+03
  7.651E+03  3.605E+00  6.153E+07  2.745E+03
  7.707E+03  3.607E+00  6.154E+07  2.746E+03
  7.762E+03  3.609E+00  6.155E+07  2.747E+03
  7.818E+03  3.611E+00  6.156E+07  2.748E+03
  7.874E+03  3.613E+00  6.157E+07  2.750E+03
  7.931E+03  3.616E+00  6.159E+07  2.751E+03
  7.988E+03  3.618E+00  6.160E+07  2.752E+03
  8.046E+03  3.620E+00  6.161E+07  2.753E+03
  8.104E+03  3.622E+00  6.162E+07  2.754E+03
  8.162E+03  3.625E+00  6.163E+07  2.755E+03
  8.221E+03  3.627E+00  6.165E+07  2.757E+03
  8.280E+03  3.629E+00  6.166E+07  2.758E+03
  8.340E+03  3.631E+00  6.167E+07  2.759E+03
  8.400E+03  3.634E+00  6.168E+07  2.760E+03
  8.461E+03  3.636E+00  6.170E+07  2.761E+03
  8.522E+03  3.639E+00  6.171E+07  2.763E+03
  8.583E+03  3.641E+00  6.172E+07  2.764E+03
  8.645E+03  3.643E+00  6.173E+07  2.765E+03
  8.707E+03  3.646E+00  6.175E+07  2.766E+03
  8.770E+03  3.648E+00  6.176E+07  2.768E+03
  8.833E+03  3.651E+00  6.177E+07  2.769E+03
  8.897E+03  3.653E+00  6.179E+07  2.770E+03
  8.961E+03  3.656E+00  6.180E+07  2.771E+03
  9.025E+03  3.656E+00  6.180E+07  2.771E+03
