  7.518E-02  0.000E+00  0.000E+00  0.000E+00
  1.257E-01  0.000E+00  0.000E+00  0.000E+00
  1.766E-01  0.000E+00  0.000E+00  0.000E+00
  2.279E-01  0.000E+00  0.000E+00  0.000E+00
  2.795E-01  0.000E+00  0.000E+00  0.000E+00
  3.316E-01  0.000E+00  0.000E+00  0.000E+00
  3.839E-01  0.000E+00  0.000E+00  0.000E+00
  4.367E-01  0.000E+00  0.000E+00  0.000E+00
  4.898E-01  0.000E+00  0.000E+00  0.000E+00
  5.434E-01  0.000E+00  0.000E+00  0.000E+00
  5.973E-01  0.000E+00  0.000E+00  0.000E+00
  6.516E-01  0.000E+00  0.000E+00  0.000E+00
  7.063E-01  0.000E+00  0.000E+00  0.000E+00
  7.614E-01  0.000E+00  0.000E+00  0.000E+00
  8.168E-01  0.000E+00  0.000E+00  0.000E+00
  8.727E-01  0.000E+00  0.000E+00  0.000E+00
  9.290E-01  0.000E+00  0.000E+00  0.000E+00
  9.857E-01  1.258E-02  0.000E+00  0.000E+00
  1.043E+00  2.460E-02  0.000E+00  0.000E+00
  1.100E+00  3.613E-02  1.029E+07  1.646E+02
  1.158E+00  4.721E-02  1.050E+07  2.108E+02
  1.217E+00  5.790E-02  1.069E+07  2.537E+02
  1.275E+00  6.822E-02  1.087E+07  2.939E+02
  1.335E+00  7.820E-02  1.105E+07  3.317E+02
  1.394E+00  8.788E-02  1.121E+07  3.673E+02
  1.454E+00  9.728E-02  1.137E+07  4.010E+02
  1.515E+00  1.064E-01  1.151E+07  4.330E+02
  1.576E+00  1.153E-01  1.165E+07  4.635E+02
  1.637E+00  1.239E-01  1.179E+07  4.927E+02
  1.699E+00  1.324E-01  1.191E+07  5.206E+02
  1.761E+00  1.406E-01  1.204E+07  5.473E+02
  1.824E+00  1.486E-01  1.215E+07  5.731E+02
  1.887E+00  1.565E-01  1.226E+07  5.978E+02
  1.950E+00  1.642E-01  1.237E+07  6.217E+02
  2.014E+00  1.717E-01  1.248E+07  6.448E+02
  2.079E+00  1.791E-01  1.258E+07  6.672E+02
  2.144E+00  1.863E-01  1.267E+07  6.888E+02
  2.209E+00  1.934E-01  1.277E+07  7.098E+02
  2.275E+00  2.004E-01  1.286E+07  7.301E+02
  2.342E+00  2.072E-01  1.295E+07  7.499E+02
  2.408E+00  2.139E-01  1.303E+07  7.692E+02
  2.476E+00  2.205E-01  1.311E+07  7.879E+02
  2.544E+00  2.270E-01  1.319E+07  8.062E+02
  2.612E+00  2.334E-01  1.327E+07  8.240E+02
  2.681E+00  2.397E-01  1.335E+07  8.414E+02
  2.750E+00  2.459E-01  1.342E+07  8.584E+02
  2.820E+00  2.520E-01  1.349E+07  8.750E+02
  2.890E+00  2.580E-01  1.356E+07  8.913E+02
  2.961E+00  2.639E-01  1.363E+07  9.072E+02
  3.032E+00  2.698E-01  1.370E+07  9.228E+02
  3.104E+00  2.756E-01  1.376E+07  9.381E+02
  3.176E+00  2.813E-01  1.383E+07  9.531E+02
  3.249E+00  2.869E-01  1.389E+07  9.678E+02
  3.323E+00  2.925E-01  1.395E+07  9.822E+02
  3.397E+00  2.979E-01  1.401E+07  9.964E+02
  3.471E+00  3.034E-01  1.407E+07  1.010E+03
  3.546E+00  3.088E-01  1.413E+07  1.024E+03
  3.622E+00  3.141E-01  1.418E+07  1.037E+03
  3.698E+00  3.193E-01  1.424E+07  1.051E+03
  3.774E+00  3.245E-01  1.429E+07  1.064E+03
  3.851E+00  3.297E-01  1.435E+07  1.077E+03
  3.929E+00  3.348E-01  1.440E+07  1.089E+03
  4.007E+00  3.398E-01  1.445E+07  1.102E+03
  4.086E+00  3.448E-01  1.450E+07  1.114E+03
  4.166E+00  3.498E-01  1.455E+07  1.126E+03
  4.246E+00  3.547E-01  1.460E+07  1.138E+03
  4.326E+00  3.596E-01  1.465E+07  1.150E+03
  4.407E+00  3.644E-01  1.470E+07  1.161E+03
  4.489E+00  3.692E-01  1.475E+07  1.173E+03
  4.571E+00  3.740E-01  1.480E+07  1.184E+03
  4.654E+00  3.787E-01  1.484E+07  1.195E+03
  4.738E+00  3.834E-01  1.489E+07  1.206E+03
  4.822E+00  3.880E-01  1.494E+07  1.217E+03
  4.907E+00  3.926E-01  1.498E+07  1.228E+03
  4.992E+00  3.972E-01  1.503E+07  1.239E+03
  5.078E+00  4.018E-01  1.507E+07  1.249E+03
  5.165E+00  4.063E-01  1.511E+07  1.260E+03
  5.252E+00  4.108E-01  1.516E+07  1.270E+03
  5.340E+00  4.153E-01  1.520E+07  1.280E+03
  5.428E+00  4.197E-01  1.524E+07  1.290E+03
  5.517E+00  4.241E-01  1.528E+07  1.300E+03
  5.607E+00  4.285E-01  1.533E+07  1.310E+03
  5.697E+00  4.329E-01  1.537E+07  1.320E+03
  5.788E+00  4.372E-01  1.541E+07  1.329E+03
  5.880E+00  4.416E-01  1.545E+07  1.339E+03
  5.972E+00  4.459E-01  1.549E+07  1.349E+03
  6.065E+00  4.502E-01  1.553E+07  1.358E+03
  6.159E+00  4.544E-01  1.557E+07  1.367E+03
  6.253E+00  4.587E-01  1.561E+07  1.376E+03
  6.348E+00  4.629E-01  1.565E+07  1.386E+03
  6.444E+00  4.671E-01  1.569E+07  1.395E+03
  6.540E+00  4.713E-01  1.573E+07  1.404E+03
  6.637E+00  4.754E-01  1.577E+07  1.413E+03
  6.735E+00  4.796E-01  1.581E+07  1.421E+03
  6.834E+00  4.837E-01  1.585E+07  1.430E+03
  6.933E+00  4.879E-01  1.589E+07  1.439E+03
  7.033E+00  4.920E-01  1.592E+07  1.448E+03
  7.133E+00  4.961E-01  1.596E+07  1.456E+03
  7.235E+00  5.002E-01  1.600E+07  1.465E+03
  7.337E+00  5.042E-01  1.604E+07  1.473E+03
  7.440E+00  5.083E-01  1.608E+07  1.481E+03
  7.543E+00  5.124E-01  1.611E+07  1.490E+03
  7.648E+00  5.164E-01  1.615E+07  1.498E+03
  7.753E+00  5.204E-01  1.619E+07  1.506E+03
  7.859E+00  5.244E-01  1.623E+07  1.514E+03
  7.965E+00  5.284E-01  1.626E+07  1.522E+03
  8.072E+00  5.324E-01  1.630E+07  1.530E+03
  8.181E+00  5.364E-01  1.634E+07  1.538E+03
  8.289E+00  5.404E-01  1.638E+07  1.546E+03
  8.399E+00  5.444E-01  1.641E+07  1.554E+03
  8.510E+00  5.483E-01  1.645E+07  1.562E+03
  8.621E+00  5.523E-01  1.649E+07  1.569E+03
  8.733E+00  5.562E-01  1.652E+07  1.577E+03
  8.846E+00  5.602E-01  1.656E+07  1.585E+03
  8.960E+00  5.641E-01  1.660E+07  1.592E+03
  9.074E+00  5.681E-01  1.664E+07  1.600E+03
  9.189E+00  5.720E-01  1.667E+07  1.607E+03
  9.306E+00  5.759E-01  1.671E+07  1.615E+03
  9.423E+00  5.798E-01  1.675E+07  1.622E+03
  9.540E+00  5.837E-01  1.678E+07  1.629E+03
  9.659E+00  5.876E-01  1.682E+07  1.637E+03
  9.779E+00  5.915E-01  1.686E+07  1.644E+03
  9.899E+00  5.954E-01  1.689E+07  1.651E+03
  1.002E+01  5.993E-01  1.693E+07  1.658E+03
  1.014E+01  6.032E-01  1.697E+07  1.665E+03
  1.027E+01  6.071E-01  1.701E+07  1.673E+03
  1.039E+01  6.110E-01  1.704E+07  1.680E+03
  1.051E+01  6.149E-01  1.708E+07  1.687E+03
  1.064E+01  6.187E-01  1.712E+07  1.694E+03
  1.077E+01  6.226E-01  1.716E+07  1.700E+03
  1.089E+01  6.265E-01  1.719E+07  1.707E+03
  1.102E+01  6.304E-01  1.723E+07  1.714E+03
  1.115E+01  6.343E-01  1.727E+07  1.721E+03
  1.128E+01  6.381E-01  1.730E+07  1.728E+03
  1.141E+01  6.420E-01  1.734E+07  1.734E+03
  1.155E+01  6.459E-01  1.738E+07  1.741E+03
  1.168E+01  6.497E-01  1.742E+07  1.748E+03
  1.181E+01  6.536E-01  1.746E+07  1.754E+03
  1.195E+01  6.575E-01  1.749E+07  1.761E+03
  1.208E+01  6.614E-01  1.753E+07  1.767E+03
  1.222E+01  6.652E-01  1.757E+07  1.774E+03
  1.236E+01  6.691E-01  1.761E+07  1.780E+03
  1.250E+01  6.730E-01  1.765E+07  1.787E+03
  1.264E+01  6.769E-01  1.769E+07  1.793E+03
  1.278E+01  6.807E-01  1.772E+07  1.800E+03
  1.292E+01  6.846E-01  1.776E+07  1.806E+03
  1.306E+01  6.885E-01  1.780E+07  1.812E+03
  1.321E+01  6.924E-01  1.784E+07  1.818E+03
  1.335E+01  6.963E-01  1.788E+07  1.825E+03
  1.350E+01  7.001E-01  1.792E+07  1.831E+03
  1.365E+01  7.040E-01  1.796E+07  1.837E+03
  1.379E+01  7.079E-01  1.800E+07  1.843E+03
  1.394E+01  7.118E-01  1.804E+07  1.849E+03
  1.409E+01  7.157E-01  1.808E+07  1.855E+03
  1.425E+01  7.196E-01  1.812E+07  1.861E+03
  1.440E+01  7.235E-01  1.815E+07  1.867E+03
  1.455E+01  7.274E-01  1.819E+07  1.873E+03
  1.471E+01  7.313E-01  1.823E+07  1.879E+03
  1.486E+01  7.352E-01  1.828E+07  1.885E+03
  1.502E+01  7.391E-01  1.832E+07  1.891E+03
  1.518E+01  7.431E-01  1.836E+07  1.897E+03
  1.534E+01  7.470E-01  1.840E+07  1.902E+03
  1.550E+01  7.509E-01  1.844E+07  1.908E+03
  1.566E+01  7.548E-01  1.848E+07  1.914E+03
  1.582E+01  7.588E-01  1.852E+07  1.920E+03
  1.599E+01  7.627E-01  1.856E+07  1.925E+03
  1.615E+01  7.667E-01  1.860E+07  1.931E+03
  1.632E+01  7.706E-01  1.864E+07  1.936E+03
  1.648E+01  7.746E-01  1.869E+07  1.942E+03
  1.665E+01  7.785E-01  1.873E+07  1.948E+03
  1.682E+01  7.825E-01  1.877E+07  1.953E+03
  1.699E+01  7.864E-01  1.881E+07  1.959E+03
  1.717E+01  7.904E-01  1.885E+07  1.964E+03
  1.734E+01  7.944E-01  1.890E+07  1.970E+03
  1.752E+01  7.984E-01  1.894E+07  1.975E+03
  1.769E+01  8.024E-01  1.898E+07  1.980E+03
  1.787E+01  8.063E-01  1.903E+07  1.986E+03
  1.805E+01  8.103E-01  1.907E+07  1.991E+03
  1.823E+01  8.143E-01  1.911E+07  1.996E+03
  1.841E+01  8.184E-01  1.916E+07  2.002E+03
  1.859E+01  8.224E-01  1.920E+07  2.007E+03
  1.877E+01  8.264E-01  1.924E+07  2.012E+03
  1.896E+01  8.304E-01  1.929E+07  2.017E+03
  1.915E+01  8.344E-01  1.933E+07  2.022E+03
  1.933E+01  8.385E-01  1.938E+07  2.027E+03
  1.952E+01  8.425E-01  1.942E+07  2.032E+03
  1.971E+01  8.466E-01  1.947E+07  2.037E+03
  1.991E+01  8.506E-01  1.951E+07  2.043E+03
  2.010E+01  8.547E-01  1.956E+07  2.048E+03
  2.029E+01  8.588E-01  1.960E+07  2.052E+03
  2.049E+01  8.628E-01  1.965E+07  2.057E+03
  2.069E+01  8.669E-01  1.970E+07  2.062E+03
  2.089E+01  8.710E-01  1.974E+07  2.067E+03
  2.109E+01  8.751E-01  1.979E+07  2.072E+03
  2.129E+01  8.792E-01  1.983E+07  2.077E+03
  2.149E+01  8.833E-01  1.988E+07  2.082E+03
  2.170E+01  8.874E-01  1.993E+07  2.086E+03
  2.190E+01  8.916E-01  1.998E+07  2.091E+03
  2.211E+01  8.957E-01  2.002E+07  2.096E+03
  2.232E+01  8.998E-01  2.007E+07  2.101E+03
  2.253E+01  9.040E-01  2.012E+07  2.105E+03
  2.274E+01  9.081E-01  2.017E+07  2.110E+03
  2.296E+01  9.123E-01  2.021E+07  2.114E+03
  2.317E+01  9.164E-01  2.026E+07  2.119E+03
  2.339E+01  9.206E-01  2.031E+07  2.124E+03
  2.361E+01  9.248E-01  2.036E+07  2.128E+03
  2.383E+01  9.290E-01  2.041E+07  2.133E+03
  2.405E+01  9.332E-01  2.046E+07  2.137E+03
  2.427E+01  9.374E-01  2.051E+07  2.141E+03
  2.450E+01  9.416E-01  2.056E+07  2.146E+03
  2.472E+01  9.458E-01  2.061E+07  2.150E+03
  2.495E+01  9.500E-01  2.066E+07  2.155E+03
  2.518E+01  9.542E-01  2.071E+07  2.159E+03
  2.541E+01  9.585E-01  2.076E+07  2.163E+03
  2.565E+01  9.627E-01  2.081E+07  2.167E+03
  2.588E+01  9.670E-01  2.086E+07  2.172E+03
  2.612E+01  9.712E-01  2.091E+07  2.176E+03
  2.635E+01  9.755E-01  2.096E+07  2.180E+03
  2.659E+01  9.798E-01  2.102E+07  2.184E+03
  2.684E+01  9.841E-01  2.107E+07  2.188E+03
  2.708E+01  9.883E-01  2.112E+07  2.192E+03
  2.732E+01  9.926E-01  2.117E+07  2.197E+03
  2.757E+01  9.969E-01  2.123E+07  2.201E+03
  2.782E+01  1.001E+00  2.128E+07  2.205E+03
  2.807E+01  1.006E+00  2.133E+07  2.209E+03
  2.832E+01  1.010E+00  2.139E+07  2.213E+03
  2.857E+01  1.014E+00  2.144E+07  2.216E+03
  2.883E+01  1.019E+00  2.149E+07  2.220E+03
  2.909E+01  1.023E+00  2.155E+07  2.224E+03
  2.935E+01  1.027E+00  2.160E+07  2.228E+03
  2.961E+01  1.032E+00  2.166E+07  2.232E+03
  2.987E+01  1.036E+00  2.171E+07  2.236E+03
  3.014E+01  1.040E+00  2.177E+07  2.239E+03
  3.040E+01  1.045E+00  2.182E+07  2.243E+03
  3.067E+01  1.049E+00  2.188E+07  2.247E+03
  3.094E+01  1.054E+00  2.193E+07  2.251E+03
  3.122E+01  1.058E+00  2.199E+07  2.254E+03
  3.149E+01  1.062E+00  2.205E+07  2.258E+03
  3.177E+01  1.067E+00  2.210E+07  2.261E+03
  3.205E+01  1.071E+00  2.216E+07  2.265E+03
  3.233E+01  1.076E+00  2.222E+07  2.269E+03
  3.261E+01  1.080E+00  2.227E+07  2.272E+03
  3.290E+01  1.085E+00  2.233E+07  2.276E+03
  3.318E+01  1.089E+00  2.239E+07  2.279E+03
  3.347E+01  1.094E+00  2.245E+07  2.282E+03
  3.376E+01  1.098E+00  2.251E+07  2.286E+03
  3.406E+01  1.102E+00  2.256E+07  2.289E+03
  3.435E+01  1.107E+00  2.262E+07  2.293E+03
  3.465E+01  1.111E+00  2.268E+07  2.296E+03
  3.495E+01  1.116E+00  2.274E+07  2.299E+03
  3.525E+01  1.121E+00  2.280E+07  2.302E+03
  3.555E+01  1.125E+00  2.286E+07  2.306E+03
  3.586E+01  1.130E+00  2.292E+07  2.309E+03
  3.617E+01  1.134E+00  2.298E+07  2.312E+03
  3.648E+01  1.139E+00  2.304E+07  2.315E+03
  3.679E+01  1.143E+00  2.310E+07  2.318E+03
  3.710E+01  1.148E+00  2.317E+07  2.321E+03
  3.742E+01  1.152E+00  2.323E+07  2.324E+03
  3.774E+01  1.157E+00  2.329E+07  2.328E+03
  3.806E+01  1.162E+00  2.335E+07  2.331E+03
  3.839E+01  1.166E+00  2.341E+07  2.334E+03
  3.871E+01  1.171E+00  2.348E+07  2.337E+03
  3.904E+01  1.175E+00  2.354E+07  2.339E+03
  3.937E+01  1.180E+00  2.360E+07  2.342E+03
  3.971E+01  1.185E+00  2.367E+07  2.345E+03
  4.004E+01  1.189E+00  2.373E+07  2.348E+03
  4.038E+01  1.194E+00  2.380E+07  2.351E+03
  4.072E+01  1.199E+00  2.386E+07  2.354E+03
  4.106E+01  1.203E+00  2.393E+07  2.357E+03
  4.141E+01  1.208E+00  2.399E+07  2.359E+03
  4.176E+01  1.213E+00  2.406E+07  2.362E+03
  4.211E+01  1.218E+00  2.412E+07  2.365E+03
  4.246E+01  1.222E+00  2.419E+07  2.367E+03
  4.282E+01  1.227E+00  2.425E+07  2.370E+03
  4.318E+01  1.232E+00  2.432E+07  2.373E+03
  4.354E+01  1.236E+00  2.439E+07  2.375E+03
  4.390E+01  1.241E+00  2.446E+07  2.378E+03
  4.427E+01  1.246E+00  2.452E+07  2.380E+03
  4.464E+01  1.251E+00  2.459E+07  2.383E+03
  4.501E+01  1.256E+00  2.466E+07  2.385E+03
  4.538E+01  1.260E+00  2.473E+07  2.388E+03
  4.576E+01  1.265E+00  2.480E+07  2.390E+03
  4.614E+01  1.270E+00  2.487E+07  2.393E+03
  4.652E+01  1.275E+00  2.494E+07  2.395E+03
  4.690E+01  1.280E+00  2.501E+07  2.397E+03
  4.729E+01  1.284E+00  2.508E+07  2.400E+03
  4.768E+01  1.289E+00  2.515E+07  2.402E+03
  4.808E+01  1.294E+00  2.522E+07  2.404E+03
  4.847E+01  1.299E+00  2.529E+07  2.407E+03
  4.887E+01  1.304E+00  2.536E+07  2.409E+03
  4.927E+01  1.309E+00  2.543E+07  2.411E+03
  4.968E+01  1.313E+00  2.550E+07  2.413E+03
  5.009E+01  1.318E+00  2.557E+07  2.415E+03
  5.050E+01  1.323E+00  2.565E+07  2.417E+03
  5.091E+01  1.328E+00  2.572E+07  2.420E+03
  5.133E+01  1.333E+00  2.579E+07  2.422E+03
  5.175E+01  1.338E+00  2.587E+07  2.424E+03
  5.217E+01  1.343E+00  2.594E+07  2.426E+03
  5.259E+01  1.348E+00  2.601E+07  2.428E+03
  5.302E+01  1.353E+00  2.609E+07  2.430E+03
  5.345E+01  1.358E+00  2.616E+07  2.431E+03
  5.389E+01  1.363E+00  2.624E+07  2.433E+03
  5.433E+01  1.368E+00  2.631E+07  2.435E+03
  5.477E+01  1.373E+00  2.639E+07  2.437E+03
  5.521E+01  1.377E+00  2.646E+07  2.439E+03
  5.566E+01  1.382E+00  2.654E+07  2.441E+03
  5.611E+01  1.387E+00  2.661E+07  2.442E+03
  5.657E+01  1.392E+00  2.669E+07  2.444E+03
  5.702E+01  1.397E+00  2.677E+07  2.446E+03
  5.748E+01  1.402E+00  2.684E+07  2.448E+03
  5.795E+01  1.407E+00  2.692E+07  2.449E+03
  5.841E+01  1.412E+00  2.700E+07  2.451E+03
  5.888E+01  1.417E+00  2.708E+07  2.453E+03
  5.936E+01  1.422E+00  2.716E+07  2.454E+03
  5.984E+01  1.428E+00  2.724E+07  2.456E+03
  6.032E+01  1.433E+00  2.731E+07  2.457E+03
  6.080E+01  1.438E+00  2.739E+07  2.459E+03
  6.129E+01  1.443E+00  2.747E+07  2.460E+03
  6.178E+01  1.448E+00  2.755E+07  2.462E+03
  6.227E+01  1.453E+00  2.763E+07  2.463E+03
  6.277E+01  1.458E+00  2.771E+07  2.465E+03
  6.328E+01  1.463E+00  2.779E+07  2.466E+03
  6.378E+01  1.468E+00  2.787E+07  2.467E+03
  6.429E+01  1.473E+00  2.796E+07  2.469E+03
  6.480E+01  1.478E+00  2.804E+07  2.470E+03
  6.532E+01  1.483E+00  2.812E+07  2.471E+03
  6.584E+01  1.488E+00  2.820E+07  2.473E+03
  6.636E+01  1.494E+00  2.828E+07  2.474E+03
  6.689E+01  1.499E+00  2.837E+07  2.475E+03
  6.742E+01  1.504E+00  2.845E+07  2.477E+03
  6.796E+01  1.509E+00  2.853E+07  2.478E+03
  6.850E+01  1.514E+00  2.862E+07  2.479E+03
  6.904E+01  1.519E+00  2.870E+07  2.480E+03
  6.959E+01  1.524E+00  2.878E+07  2.481E+03
  7.014E+01  1.530E+00  2.887E+07  2.482E+03
  7.069E+01  1.535E+00  2.895E+07  2.483E+03
  7.125E+01  1.540E+00  2.904E+07  2.485E+03
  7.182E+01  1.545E+00  2.912E+07  2.486E+03
  7.238E+01  1.550E+00  2.921E+07  2.487E+03
  7.295E+01  1.555E+00  2.929E+07  2.488E+03
  7.353E+01  1.561E+00  2.938E+07  2.489E+03
  7.411E+01  1.566E+00  2.947E+07  2.490E+03
  7.469E+01  1.571E+00  2.955E+07  2.491E+03
  7.528E+01  1.576E+00  2.964E+07  2.492E+03
  7.587E+01  1.581E+00  2.973E+07  2.493E+03
  7.647E+01  1.587E+00  2.981E+07  2.493E+03
  7.707E+01  1.592E+00  2.990E+07  2.494E+03
  7.767E+01  1.597E+00  2.999E+07  2.495E+03
  7.828E+01  1.602E+00  3.008E+07  2.496E+03
  7.890E+01  1.608E+00  3.017E+07  2.497E+03
  7.952E+01  1.613E+00  3.026E+07  2.498E+03
  8.014E+01  1.618E+00  3.034E+07  2.499E+03
  8.077E+01  1.624E+00  3.043E+07  2.499E+03
  8.140E+01  1.629E+00  3.052E+07  2.500E+03
  8.203E+01  1.634E+00  3.061E+07  2.501E+03
  8.267E+01  1.639E+00  3.070E+07  2.502E+03
  8.332E+01  1.645E+00  3.079E+07  2.503E+03
  8.397E+01  1.650E+00  3.088E+07  2.503E+03
  8.462E+01  1.655E+00  3.097E+07  2.504E+03
  8.528E+01  1.661E+00  3.106E+07  2.505E+03
  8.595E+01  1.666E+00  3.116E+07  2.505E+03
  8.662E+01  1.671E+00  3.125E+07  2.506E+03
  8.729E+01  1.677E+00  3.134E+07  2.507E+03
  8.797E+01  1.682E+00  3.143E+07  2.507E+03
  8.865E+01  1.687E+00  3.152E+07  2.508E+03
  8.934E+01  1.693E+00  3.162E+07  2.509E+03
  9.003E+01  1.698E+00  3.171E+07  2.509E+03
  9.073E+01  1.704E+00  3.180E+07  2.510E+03
  9.143E+01  1.709E+00  3.189E+07  2.510E+03
  9.214E+01  1.714E+00  3.199E+07  2.511E+03
  9.286E+01  1.720E+00  3.208E+07  2.512E+03
  9.357E+01  1.725E+00  3.217E+07  2.512E+03
  9.430E+01  1.731E+00  3.227E+07  2.513E+03
  9.503E+01  1.736E+00  3.236E+07  2.513E+03
  9.576E+01  1.741E+00  3.246E+07  2.514E+03
  9.650E+01  1.747E+00  3.255E+07  2.514E+03
  9.725E+01  1.752E+00  3.265E+07  2.515E+03
  9.800E+01  1.758E+00  3.274E+07  2.515E+03
  9.875E+01  1.763E+00  3.284E+07  2.516E+03
  9.951E+01  1.769E+00  3.293E+07  2.517E+03
  1.003E+02  1.774E+00  3.303E+07  2.517E+03
  1.011E+02  1.780E+00  3.312E+07  2.518E+03
  1.018E+02  1.785E+00  3.322E+07  2.518E+03
  1.026E+02  1.791E+00  3.331E+07  2.519E+03
  1.034E+02  1.796E+00  3.341E+07  2.519E+03
  1.042E+02  1.802E+00  3.351E+07  2.519E+03
  1.050E+02  1.807E+00  3.360E+07  2.520E+03
  1.058E+02  1.813E+00  3.370E+07  2.520E+03
  1.066E+02  1.819E+00  3.380E+07  2.521E+03
  1.074E+02  1.824E+00  3.390E+07  2.521E+03
  1.083E+02  1.830E+00  3.399E+07  2.522E+03
  1.091E+02  1.835E+00  3.409E+07  2.522E+03
  1.099E+02  1.841E+00  3.419E+07  2.523E+03
  1.108E+02  1.846E+00  3.429E+07  2.523E+03
  1.116E+02  1.852E+00  3.438E+07  2.524E+03
  1.125E+02  1.858E+00  3.448E+07  2.524E+03
  1.133E+02  1.863E+00  3.458E+07  2.525E+03
  1.142E+02  1.869E+00  3.468E+07  2.525E+03
  1.151E+02  1.875E+00  3.478E+07  2.525E+03
  1.159E+02  1.880E+00  3.488E+07  2.526E+03
  1.168E+02  1.886E+00  3.497E+07  2.526E+03
  1.177E+02  1.892E+00  3.507E+07  2.527E+03
  1.186E+02  1.897E+00  3.517E+07  2.527E+03
  1.195E+02  1.903E+00  3.527E+07  2.528E+03
  1.204E+02  1.909E+00  3.537E+07  2.528E+03
  1.213E+02  1.914E+00  3.547E+07  2.529E+03
  1.223E+02  1.920E+00  3.557E+07  2.529E+03
  1.232E+02  1.926E+00  3.567E+07  2.530E+03
  1.241E+02  1.932E+00  3.577E+07  2.530E+03
  1.251E+02  1.937E+00  3.587E+07  2.531E+03
  1.260E+02  1.943E+00  3.597E+07  2.531E+03
  1.270E+02  1.949E+00  3.607E+07  2.532E+03
  1.279E+02  1.955E+00  3.617E+07  2.532E+03
  1.289E+02  1.961E+00  3.627E+07  2.533E+03
  1.299E+02  1.966E+00  3.637E+07  2.533E+03
  1.309E+02  1.972E+00  3.647E+07  2.534E+03
  1.319E+02  1.978E+00  3.657E+07  2.534E+03
  1.329E+02  1.984E+00  3.667E+07  2.535E+03
  1.339E+02  1.990E+00  3.677E+07  2.535E+03
  1.349E+02  1.996E+00  3.687E+07  2.536E+03
  1.359E+02  2.001E+00  3.697E+07  2.536E+03
  1.369E+02  2.007E+00  3.707E+07  2.537E+03
  1.380E+02  2.013E+00  3.717E+07  2.537E+03
  1.390E+02  2.019E+00  3.727E+07  2.538E+03
  1.401E+02  2.025E+00  3.737E+07  2.539E+03
  1.411E+02  2.031E+00  3.747E+07  2.539E+03
  1.422E+02  2.037E+00  3.758E+07  2.540E+03
  1.433E+02  2.043E+00  3.768E+07  2.540E+03
  1.444E+02  2.049E+00  3.778E+07  2.541E+03
  1.454E+02  2.055E+00  3.788E+07  2.542E+03
  1.465E+02  2.061E+00  3.798E+07  2.542E+03
  1.476E+02  2.067E+00  3.808E+07  2.543E+03
  1.488E+02  2.073E+00  3.818E+07  2.544E+03
  1.499E+02  2.079E+00  3.828E+07  2.544E+03
  1.510E+02  2.085E+00  3.838E+07  2.545E+03
  1.521E+02  2.091E+00  3.848E+07  2.546E+03
  1.533E+02  2.097E+00  3.858E+07  2.546E+03
  1.544E+02  2.103E+00  3.868E+07  2.547E+03
  1.556E+02  2.109E+00  3.878E+07  2.548E+03
  1.568E+02  2.115E+00  3.888E+07  2.548E+03
  1.580E+02  2.121E+00  3.898E+07  2.549E+03
  1.591E+02  2.127E+00  3.908E+07  2.550E+03
  1.603E+02  2.133E+00  3.918E+07  2.551E+03
  1.615E+02  2.139E+00  3.929E+07  2.551E+03
  1.628E+02  2.145E+00  3.939E+07  2.552E+03
  1.640E+02  2.152E+00  3.949E+07  2.553E+03
  1.652E+02  2.158E+00  3.959E+07  2.554E+03
  1.665E+02  2.164E+00  3.969E+07  2.555E+03
  1.677E+02  2.170E+00  3.978E+07  2.556E+03
  1.690E+02  2.176E+00  3.988E+07  2.556E+03
  1.702E+02  2.182E+00  3.998E+07  2.557E+03
  1.715E+02  2.189E+00  4.008E+07  2.558E+03
  1.728E+02  2.195E+00  4.018E+07  2.559E+03
  1.741E+02  2.201E+00  4.028E+07  2.560E+03
  1.754E+02  2.207E+00  4.038E+07  2.561E+03
  1.767E+02  2.213E+00  4.048E+07  2.562E+03
  1.780E+02  2.220E+00  4.058E+07  2.563E+03
  1.793E+02  2.226E+00  4.068E+07  2.564E+03
  1.807E+02  2.232E+00  4.078E+07  2.565E+03
  1.820E+02  2.238E+00  4.087E+07  2.566E+03
  1.834E+02  2.245E+00  4.097E+07  2.567E+03
  1.848E+02  2.251E+00  4.107E+07  2.568E+03
  1.862E+02  2.257E+00  4.117E+07  2.569E+03
  1.875E+02  2.263E+00  4.127E+07  2.570E+03
  1.889E+02  2.270E+00  4.136E+07  2.571E+03
  1.904E+02  2.276E+00  4.146E+07  2.572E+03
  1.918E+02  2.282E+00  4.156E+07  2.573E+03
  1.932E+02  2.289E+00  4.166E+07  2.574E+03
  1.946E+02  2.295E+00  4.175E+07  2.575E+03
  1.961E+02  2.301E+00  4.185E+07  2.576E+03
  1.976E+02  2.308E+00  4.195E+07  2.578E+03
  1.990E+02  2.314E+00  4.204E+07  2.579E+03
  2.005E+02  2.320E+00  4.214E+07  2.580E+03
  2.020E+02  2.327E+00  4.223E+07  2.581E+03
  2.035E+02  2.333E+00  4.233E+07  2.582E+03
  2.050E+02  2.339E+00  4.242E+07  2.584E+03
  2.066E+02  2.346E+00  4.252E+07  2.585E+03
  2.081E+02  2.352E+00  4.261E+07  2.586E+03
  2.096E+02  2.358E+00  4.271E+07  2.587E+03
  2.112E+02  2.365E+00  4.280E+07  2.589E+03
  2.128E+02  2.371E+00  4.290E+07  2.590E+03
  2.144E+02  2.378E+00  4.299E+07  2.591E+03
  2.159E+02  2.384E+00  4.308E+07  2.593E+03
  2.176E+02  2.390E+00  4.318E+07  2.594E+03
  2.192E+02  2.397E+00  4.327E+07  2.595E+03
  2.208E+02  2.403E+00  4.336E+07  2.597E+03
  2.224E+02  2.410E+00  4.346E+07  2.598E+03
  2.241E+02  2.416E+00  4.355E+07  2.599E+03
  2.257E+02  2.422E+00  4.364E+07  2.601E+03
  2.274E+02  2.429E+00  4.373E+07  2.602E+03
  2.291E+02  2.435E+00  4.382E+07  2.604E+03
  2.308E+02  2.442E+00  4.391E+07  2.605E+03
  2.325E+02  2.448E+00  4.400E+07  2.607E+03
  2.342E+02  2.455E+00  4.409E+07  2.608E+03
  2.360E+02  2.461E+00  4.418E+07  2.610E+03
  2.377E+02  2.467E+00  4.427E+07  2.611E+03
  2.395E+02  2.474E+00  4.436E+07  2.613E+03
  2.413E+02  2.480E+00  4.445E+07  2.614E+03
  2.431E+02  2.487E+00  4.454E+07  2.616E+03
  2.449E+02  2.493E+00  4.463E+07  2.617E+03
  2.467E+02  2.499E+00  4.472E+07  2.619E+03
  2.485E+02  2.506E+00  4.481E+07  2.620E+03
  2.503E+02  2.512E+00  4.489E+07  2.622E+03
  2.522E+02  2.519E+00  4.498E+07  2.624E+03
  2.541E+02  2.525E+00  4.507E+07  2.625E+03
  2.559E+02  2.532E+00  4.515E+07  2.627E+03
  2.578E+02  2.538E+00  4.524E+07  2.628E+03
  2.597E+02  2.544E+00  4.533E+07  2.630E+03
  2.617E+02  2.551E+00  4.541E+07  2.632E+03
  2.636E+02  2.557E+00  4.550E+07  2.633E+03
  2.655E+02  2.564E+00  4.558E+07  2.635E+03
  2.675E+02  2.570E+00  4.566E+07  2.637E+03
  2.695E+02  2.576E+00  4.575E+07  2.639E+03
  2.715E+02  2.583E+00  4.583E+07  2.640E+03
  2.735E+02  2.589E+00  4.592E+07  2.642E+03
  2.755E+02  2.596E+00  4.600E+07  2.644E+03
  2.775E+02  2.602E+00  4.608E+07  2.645E+03
  2.796E+02  2.608E+00  4.616E+07  2.647E+03
  2.816E+02  2.615E+00  4.624E+07  2.649E+03
  2.837E+02  2.621E+00  4.633E+07  2.651E+03
  2.858E+02  2.627E+00  4.641E+07  2.653E+03
  2.879E+02  2.634E+00  4.649E+07  2.654E+03
  2.900E+02  2.640E+00  4.657E+07  2.656E+03
  2.922E+02  2.646E+00  4.665E+07  2.658E+03
  2.943E+02  2.653E+00  4.673E+07  2.660E+03
  2.965E+02  2.659E+00  4.680E+07  2.662E+03
  2.987E+02  2.665E+00  4.688E+07  2.663E+03
  3.009E+02  2.672E+00  4.696E+07  2.665E+03
  3.031E+02  2.678E+00  4.704E+07  2.667E+03
  3.053E+02  2.684E+00  4.712E+07  2.669E+03
  3.076E+02  2.690E+00  4.719E+07  2.671E+03
  3.098E+02  2.697E+00  4.727E+07  2.673E+03
  3.121E+02  2.703E+00  4.735E+07  2.675E+03
  3.144E+02  2.709E+00  4.742E+07  2.677E+03
  3.167E+02  2.715E+00  4.750E+07  2.679E+03
  3.191E+02  2.722E+00  4.757E+07  2.680E+03
  3.214E+02  2.728E+00  4.765E+07  2.682E+03
  3.238E+02  2.734E+00  4.772E+07  2.684E+03
  3.262E+02  2.740E+00  4.779E+07  2.686E+03
  3.286E+02  2.746E+00  4.787E+07  2.688E+03
  3.310E+02  2.752E+00  4.794E+07  2.690E+03
  3.334E+02  2.759E+00  4.801E+07  2.692E+03
  3.358E+02  2.765E+00  4.808E+07  2.694E+03
  3.383E+02  2.771E+00  4.816E+07  2.696E+03
  3.408E+02  2.777E+00  4.823E+07  2.698E+03
  3.433E+02  2.783E+00  4.830E+07  2.700E+03
  3.458E+02  2.789E+00  4.837E+07  2.702E+03
  3.484E+02  2.795E+00  4.844E+07  2.704E+03
  3.509E+02  2.801E+00  4.851E+07  2.706E+03
  3.535E+02  2.807E+00  4.858E+07  2.708E+03
  3.561E+02  2.813E+00  4.864E+07  2.710E+03
  3.587E+02  2.819E+00  4.871E+07  2.712E+03
  3.613E+02  2.825E+00  4.878E+07  2.714E+03
  3.640E+02  2.831E+00  4.885E+07  2.716E+03
  3.667E+02  2.837E+00  4.891E+07  2.718E+03
  3.694E+02  2.843E+00  4.898E+07  2.720E+03
  3.721E+02  2.849E+00  4.905E+07  2.722E+03
  3.748E+02  2.855E+00  4.911E+07  2.724E+03
  3.775E+02  2.861E+00  4.918E+07  2.726E+03
  3.803E+02  2.867E+00  4.924E+07  2.728E+03
  3.831E+02  2.873E+00  4.931E+07  2.730E+03
  3.859E+02  2.878E+00  4.937E+07  2.732E+03
  3.887E+02  2.884E+00  4.943E+07  2.734E+03
  3.916E+02  2.890E+00  4.950E+07  2.736E+03
  3.945E+02  2.896E+00  4.956E+07  2.738E+03
  3.973E+02  2.902E+00  4.962E+07  2.740E+03
  4.003E+02  2.907E+00  4.968E+07  2.742E+03
  4.032E+02  2.913E+00  4.974E+07  2.744E+03
  4.061E+02  2.919E+00  4.981E+07  2.746E+03
  4.091E+02  2.925E+00  4.987E+07  2.748E+03
  4.121E+02  2.930E+00  4.993E+07  2.750E+03
  4.151E+02  2.936E+00  4.999E+07  2.752E+03
  4.182E+02  2.941E+00  5.005E+07  2.754E+03
  4.212E+02  2.947E+00  5.010E+07  2.756E+03
  4.243E+02  2.953E+00  5.016E+07  2.758E+03
  4.274E+02  2.958E+00  5.022E+07  2.760E+03
  4.305E+02  2.964E+00  5.028E+07  2.762E+03
  4.337E+02  2.969E+00  5.034E+07  2.764E+03
  4.369E+02  2.975E+00  5.039E+07  2.766E+03
  4.401E+02  2.980E+00  5.045E+07  2.768E+03
  4.433E+02  2.986E+00  5.051E+07  2.770E+03
  4.465E+02  2.991E+00  5.056E+07  2.772E+03
  4.498E+02  2.997E+00  5.062E+07  2.774E+03
  4.531E+02  3.002E+00  5.067E+07  2.776E+03
  4.564E+02  3.007E+00  5.073E+07  2.778E+03
  4.597E+02  3.013E+00  5.078E+07  2.780E+03
  4.631E+02  3.018E+00  5.083E+07  2.782E+03
  4.665E+02  3.023E+00  5.089E+07  2.784E+03
  4.699E+02  3.029E+00  5.094E+07  2.786E+03
  4.733E+02  3.034E+00  5.099E+07  2.788E+03
  4.768E+02  3.039E+00  5.104E+07  2.790E+03
  4.803E+02  3.044E+00  5.110E+07  2.792E+03
  4.838E+02  3.050E+00  5.115E+07  2.794E+03
  4.873E+02  3.055E+00  5.120E+07  2.796E+03
  4.909E+02  3.060E+00  5.125E+07  2.797E+03
  4.944E+02  3.065E+00  5.130E+07  2.799E+03
  4.980E+02  3.070E+00  5.135E+07  2.801E+03
  5.017E+02  3.075E+00  5.140E+07  2.803E+03
  5.053E+02  3.080E+00  5.145E+07  2.805E+03
  5.090E+02  3.085E+00  5.149E+07  2.807E+03
  5.127E+02  3.090E+00  5.154E+07  2.809E+03
  5.165E+02  3.095E+00  5.159E+07  2.811E+03
  5.203E+02  3.100E+00  5.164E+07  2.813E+03
  5.241E+02  3.105E+00  5.169E+07  2.815E+03
  5.279E+02  3.110E+00  5.173E+07  2.817E+03
  5.317E+02  3.115E+00  5.178E+07  2.819E+03
  5.356E+02  3.120E+00  5.182E+07  2.821E+03
  5.395E+02  3.125E+00  5.187E+07  2.822E+03
  5.434E+02  3.130E+00  5.192E+07  2.824E+03
  5.474E+02  3.134E+00  5.196E+07  2.826E+03
  5.514E+02  3.139E+00  5.200E+07  2.828E+03
  5.554E+02  3.144E+00  5.205E+07  2.830E+03
  5.595E+02  3.149E+00  5.209E+07  2.832E+03
  5.635E+02  3.153E+00  5.214E+07  2.834E+03
  5.677E+02  3.158E+00  5.218E+07  2.836E+03
  5.718E+02  3.163E+00  5.222E+07  2.837E+03
  5.760E+02  3.167E+00  5.226E+07  2.839E+03
  5.802E+02  3.172E+00  5.231E+07  2.841E+03
  5.844E+02  3.176E+00  5.235E+07  2.843E+03
  5.886E+02  3.181E+00  5.239E+07  2.845E+03
  5.929E+02  3.185E+00  5.243E+07  2.846E+03
  5.972E+02  3.190E+00  5.247E+07  2.848E+03
  6.016E+02  3.194E+00  5.251E+07  2.850E+03
  6.060E+02  3.199E+00  5.255E+07  2.852E+03
  6.104E+02  3.203E+00  5.259E+07  2.854E+03
  6.148E+02  3.208E+00  5.263E+07  2.855E+03
  6.193E+02  3.212E+00  5.267E+07  2.857E+03
  6.238E+02  3.216E+00  5.271E+07  2.859E+03
  6.284E+02  3.221E+00  5.275E+07  2.861E+03
  6.329E+02  3.225E+00  5.279E+07  2.862E+03
  6.375E+02  3.229E+00  5.282E+07  2.864E+03
  6.422E+02  3.233E+00  5.286E+07  2.866E+03
  6.469E+02  3.238E+00  5.290E+07  2.868E+03
  6.516E+02  3.242E+00  5.294E+07  2.869E+03
  6.563E+02  3.246E+00  5.297E+07  2.871E+03
  6.611E+02  3.250E+00  5.301E+07  2.873E+03
  6.659E+02  3.254E+00  5.304E+07  2.874E+03
  6.707E+02  3.258E+00  5.308E+07  2.876E+03
  6.756E+02  3.263E+00  5.312E+07  2.878E+03
  6.805E+02  3.267E+00  5.315E+07  2.879E+03
  6.855E+02  3.271E+00  5.319E+07  2.881E+03
  6.905E+02  3.275E+00  5.322E+07  2.883E+03
  6.955E+02  3.279E+00  5.325E+07  2.884E+03
  7.005E+02  3.283E+00  5.329E+07  2.886E+03
  7.056E+02  3.286E+00  5.332E+07  2.888E+03
  7.108E+02  3.290E+00  5.336E+07  2.889E+03
  7.159E+02  3.294E+00  5.339E+07  2.891E+03
  7.211E+02  3.298E+00  5.342E+07  2.893E+03
  7.264E+02  3.302E+00  5.345E+07  2.894E+03
  7.317E+02  3.306E+00  5.349E+07  2.896E+03
  7.370E+02  3.310E+00  5.352E+07  2.897E+03
  7.423E+02  3.313E+00  5.355E+07  2.899E+03
  7.477E+02  3.317E+00  5.358E+07  2.901E+03
  7.532E+02  3.321E+00  5.361E+07  2.902E+03
  7.586E+02  3.325E+00  5.364E+07  2.904E+03
  7.642E+02  3.328E+00  5.367E+07  2.905E+03
  7.697E+02  3.332E+00  5.370E+07  2.907E+03
  7.753E+02  3.335E+00  5.373E+07  2.908E+03
  7.809E+02  3.339E+00  5.376E+07  2.910E+03
  7.866E+02  3.343E+00  5.379E+07  2.911E+03
  7.923E+02  3.346E+00  5.382E+07  2.913E+03
  7.981E+02  3.350E+00  5.385E+07  2.914E+03
  8.039E+02  3.353E+00  5.388E+07  2.916E+03
  8.097E+02  3.357E+00  5.391E+07  2.917E+03
  8.156E+02  3.360E+00  5.394E+07  2.919E+03
  8.215E+02  3.364E+00  5.397E+07  2.920E+03
  8.275E+02  3.367E+00  5.399E+07  2.922E+03
  8.335E+02  3.370E+00  5.402E+07  2.923E+03
  8.395E+02  3.374E+00  5.405E+07  2.925E+03
  8.456E+02  3.377E+00  5.408E+07  2.926E+03
  8.518E+02  3.381E+00  5.410E+07  2.927E+03
  8.579E+02  3.384E+00  5.413E+07  2.929E+03
  8.642E+02  3.387E+00  5.416E+07  2.930E+03
  8.704E+02  3.390E+00  5.418E+07  2.932E+03
  8.768E+02  3.394E+00  5.421E+07  2.933E+03
  8.831E+02  3.397E+00  5.424E+07  2.934E+03
  8.895E+02  3.400E+00  5.426E+07  2.936E+03
  8.960E+02  3.403E+00  5.429E+07  2.937E+03
  9.025E+02  3.406E+00  5.431E+07  2.939E+03
  9.090E+02  3.410E+00  5.434E+07  2.940E+03
  9.156E+02  3.413E+00  5.436E+07  2.941E+03
  9.223E+02  3.416E+00  5.439E+07  2.943E+03
  9.290E+02  3.419E+00  5.441E+07  2.944E+03
  9.357E+02  3.422E+00  5.443E+07  2.945E+03
  9.425E+02  3.425E+00  5.446E+07  2.947E+03
  9.493E+02  3.428E+00  5.448E+07  2.948E+03
  9.562E+02  3.431E+00  5.451E+07  2.949E+03
  9.631E+02  3.434E+00  5.453E+07  2.951E+03
  9.701E+02  3.437E+00  5.455E+07  2.952E+03
  9.772E+02  3.440E+00  5.458E+07  2.953E+03
  9.843E+02  3.443E+00  5.460E+07  2.954E+03
  9.914E+02  3.446E+00  5.462E+07  2.956E+03
  9.986E+02  3.449E+00  5.464E+07  2.957E+03
  1.006E+03  3.452E+00  5.467E+07  2.958E+03
  1.013E+03  3.454E+00  5.469E+07  2.959E+03
  1.020E+03  3.457E+00  5.471E+07  2.961E+03
  1.028E+03  3.460E+00  5.473E+07  2.962E+03
  1.035E+03  3.463E+00  5.475E+07  2.963E+03
  1.043E+03  3.466E+00  5.477E+07  2.964E+03
  1.050E+03  3.468E+00  5.479E+07  2.966E+03
  1.058E+03  3.471E+00  5.482E+07  2.967E+03
  1.066E+03  3.474E+00  5.484E+07  2.968E+03
  1.073E+03  3.477E+00  5.486E+07  2.969E+03
  1.081E+03  3.479E+00  5.488E+07  2.970E+03
  1.089E+03  3.482E+00  5.490E+07  2.972E+03
  1.097E+03  3.485E+00  5.492E+07  2.973E+03
  1.105E+03  3.487E+00  5.494E+07  2.974E+03
  1.113E+03  3.490E+00  5.496E+07  2.975E+03
  1.121E+03  3.492E+00  5.498E+07  2.976E+03
  1.129E+03  3.495E+00  5.500E+07  2.977E+03
  1.137E+03  3.498E+00  5.502E+07  2.979E+03
  1.145E+03  3.500E+00  5.503E+07  2.980E+03
  1.154E+03  3.503E+00  5.505E+07  2.981E+03
  1.162E+03  3.505E+00  5.507E+07  2.982E+03
  1.170E+03  3.508E+00  5.509E+07  2.983E+03
  1.179E+03  3.510E+00  5.511E+07  2.984E+03
  1.188E+03  3.513E+00  5.513E+07  2.985E+03
  1.196E+03  3.515E+00  5.515E+07  2.986E+03
  1.205E+03  3.517E+00  5.516E+07  2.987E+03
  1.213E+03  3.520E+00  5.518E+07  2.989E+03
  1.222E+03  3.522E+00  5.520E+07  2.990E+03
  1.231E+03  3.525E+00  5.522E+07  2.991E+03
  1.240E+03  3.527E+00  5.524E+07  2.992E+03
  1.249E+03  3.529E+00  5.525E+07  2.993E+03
  1.258E+03  3.532E+00  5.527E+07  2.994E+03
  1.267E+03  3.534E+00  5.529E+07  2.995E+03
  1.276E+03  3.536E+00  5.530E+07  2.996E+03
  1.286E+03  3.539E+00  5.532E+07  2.997E+03
  1.295E+03  3.541E+00  5.533E+07  2.998E+03
  1.304E+03  3.543E+00  5.535E+07  2.999E+03
  1.314E+03  3.545E+00  5.537E+07  3.000E+03
  1.323E+03  3.547E+00  5.538E+07  3.001E+03
  1.333E+03  3.550E+00  5.540E+07  3.002E+03
  1.342E+03  3.552E+00  5.541E+07  3.003E+03
  1.352E+03  3.554E+00  5.543E+07  3.004E+03
  1.362E+03  3.556E+00  5.544E+07  3.005E+03
  1.372E+03  3.558E+00  5.546E+07  3.006E+03
  1.382E+03  3.560E+00  5.547E+07  3.007E+03
  1.392E+03  3.563E+00  5.549E+07  3.008E+03
  1.402E+03  3.565E+00  5.550E+07  3.009E+03
  1.412E+03  3.567E+00  5.552E+07  3.010E+03
  1.422E+03  3.569E+00  5.553E+07  3.011E+03
  1.432E+03  3.571E+00  5.555E+07  3.012E+03
  1.443E+03  3.573E+00  5.556E+07  3.013E+03
  1.453E+03  3.575E+00  5.558E+07  3.014E+03
  1.464E+03  3.577E+00  5.559E+07  3.015E+03
  1.474E+03  3.579E+00  5.561E+07  3.016E+03
  1.485E+03  3.581E+00  5.562E+07  3.017E+03
  1.496E+03  3.583E+00  5.564E+07  3.018E+03
  1.507E+03  3.585E+00  5.565E+07  3.018E+03
  1.517E+03  3.587E+00  5.566E+07  3.019E+03
  1.528E+03  3.589E+00  5.568E+07  3.020E+03
  1.539E+03  3.591E+00  5.569E+07  3.021E+03
  1.551E+03  3.593E+00  5.571E+07  3.022E+03
  1.562E+03  3.595E+00  5.572E+07  3.023E+03
  1.573E+03  3.597E+00  5.573E+07  3.024E+03
  1.585E+03  3.599E+00  5.575E+07  3.025E+03
  1.596E+03  3.601E+00  5.576E+07  3.026E+03
  1.608E+03  3.603E+00  5.578E+07  3.027E+03
  1.619E+03  3.605E+00  5.579E+07  3.028E+03
  1.631E+03  3.607E+00  5.580E+07  3.028E+03
  1.643E+03  3.609E+00  5.582E+07  3.029E+03
  1.655E+03  3.611E+00  5.583E+07  3.030E+03
  1.666E+03  3.613E+00  5.584E+07  3.031E+03
  1.679E+03  3.615E+00  5.586E+07  3.032E+03
  1.691E+03  3.616E+00  5.587E+07  3.033E+03
  1.703E+03  3.618E+00  5.588E+07  3.034E+03
  1.715E+03  3.620E+00  5.589E+07  3.034E+03
  1.728E+03  3.622E+00  5.591E+07  3.035E+03
  1.740E+03  3.624E+00  5.592E+07  3.036E+03
  1.753E+03  3.626E+00  5.593E+07  3.037E+03
  1.765E+03  3.627E+00  5.595E+07  3.038E+03
  1.778E+03  3.629E+00  5.596E+07  3.039E+03
  1.791E+03  3.631E+00  5.597E+07  3.039E+03
  1.804E+03  3.633E+00  5.598E+07  3.040E+03
  1.817E+03  3.635E+00  5.600E+07  3.041E+03
  1.830E+03  3.636E+00  5.601E+07  3.042E+03
  1.843E+03  3.638E+00  5.602E+07  3.043E+03
  1.857E+03  3.640E+00  5.603E+07  3.044E+03
  1.870E+03  3.642E+00  5.604E+07  3.044E+03
  1.884E+03  3.643E+00  5.606E+07  3.045E+03
  1.897E+03  3.645E+00  5.607E+07  3.046E+03
  1.911E+03  3.647E+00  5.608E+07  3.047E+03
  1.925E+03  3.649E+00  5.609E+07  3.048E+03
  1.939E+03  3.650E+00  5.610E+07  3.048E+03
  1.953E+03  3.652E+00  5.612E+07  3.049E+03
  1.967E+03  3.654E+00  5.613E+07  3.050E+03
  1.981E+03  3.656E+00  5.614E+07  3.051E+03
  1.995E+03  3.657E+00  5.615E+07  3.052E+03
  2.010E+03  3.659E+00  5.616E+07  3.052E+03
  2.024E+03  3.661E+00  5.617E+07  3.053E+03
  2.039E+03  3.662E+00  5.619E+07  3.054E+03
  2.054E+03  3.664E+00  5.620E+07  3.055E+03
  2.068E+03  3.666E+00  5.621E+07  3.055E+03
  2.083E+03  3.667E+00  5.622E+07  3.056E+03
  2.098E+03  3.669E+00  5.623E+07  3.057E+03
  2.113E+03  3.671E+00  5.624E+07  3.058E+03
  2.129E+03  3.672E+00  5.625E+07  3.058E+03
  2.144E+03  3.674E+00  5.626E+07  3.059E+03
  2.160E+03  3.675E+00  5.628E+07  3.060E+03
  2.175E+03  3.677E+00  5.629E+07  3.061E+03
  2.191E+03  3.679E+00  5.630E+07  3.061E+03
  2.207E+03  3.680E+00  5.631E+07  3.062E+03
  2.223E+03  3.682E+00  5.632E+07  3.063E+03
  2.239E+03  3.683E+00  5.633E+07  3.064E+03
  2.255E+03  3.685E+00  5.634E+07  3.064E+03
  2.271E+03  3.687E+00  5.635E+07  3.065E+03
  2.288E+03  3.688E+00  5.636E+07  3.066E+03
  2.304E+03  3.690E+00  5.637E+07  3.067E+03
  2.321E+03  3.691E+00  5.638E+07  3.067E+03
  2.338E+03  3.693E+00  5.639E+07  3.068E+03
  2.354E+03  3.695E+00  5.640E+07  3.069E+03
  2.371E+03  3.696E+00  5.642E+07  3.070E+03
  2.389E+03  3.698E+00  5.643E+07  3.070E+03
  2.406E+03  3.699E+00  5.644E+07  3.071E+03
  2.423E+03  3.701E+00  5.645E+07  3.072E+03
  2.441E+03  3.702E+00  5.646E+07  3.072E+03
  2.458E+03  3.704E+00  5.647E+07  3.073E+03
  2.476E+03  3.705E+00  5.648E+07  3.074E+03
  2.494E+03  3.707E+00  5.649E+07  3.075E+03
  2.512E+03  3.708E+00  5.650E+07  3.075E+03
  2.530E+03  3.710E+00  5.651E+07  3.076E+03
  2.548E+03  3.711E+00  5.652E+07  3.077E+03
  2.567E+03  3.713E+00  5.653E+07  3.077E+03
  2.585E+03  3.715E+00  5.654E+07  3.078E+03
  2.604E+03  3.716E+00  5.655E+07  3.079E+03
  2.623E+03  3.718E+00  5.656E+07  3.080E+03
  2.642E+03  3.719E+00  5.657E+07  3.080E+03
  2.661E+03  3.721E+00  5.658E+07  3.081E+03
  2.680E+03  3.722E+00  5.659E+07  3.082E+03
  2.699E+03  3.724E+00  5.660E+07  3.082E+03
  2.719E+03  3.725E+00  5.661E+07  3.083E+03
  2.738E+03  3.727E+00  5.662E+07  3.084E+03
  2.758E+03  3.728E+00  5.663E+07  3.084E+03
  2.778E+03  3.729E+00  5.664E+07  3.085E+03
  2.798E+03  3.731E+00  5.665E+07  3.086E+03
  2.818E+03  3.732E+00  5.666E+07  3.086E+03
  2.839E+03  3.734E+00  5.667E+07  3.087E+03
  2.859E+03  3.735E+00  5.668E+07  3.088E+03
  2.880E+03  3.737E+00  5.669E+07  3.089E+03
  2.901E+03  3.738E+00  5.670E+07  3.089E+03
  2.921E+03  3.740E+00  5.671E+07  3.090E+03
  2.943E+03  3.741E+00  5.672E+07  3.091E+03
  2.964E+03  3.743E+00  5.673E+07  3.091E+03
  2.985E+03  3.744E+00  5.673E+07  3.092E+03
  3.007E+03  3.746E+00  5.674E+07  3.093E+03
  3.028E+03  3.747E+00  5.675E+07  3.093E+03
  3.050E+03  3.749E+00  5.676E+07  3.094E+03
  3.072E+03  3.750E+00  5.677E+07  3.095E+03
  3.094E+03  3.751E+00  5.678E+07  3.095E+03
  3.117E+03  3.753E+00  5.679E+07  3.096E+03
  3.139E+03  3.754E+00  5.680E+07  3.097E+03
  3.162E+03  3.756E+00  5.681E+07  3.097E+03
  3.185E+03  3.757E+00  5.682E+07  3.098E+03
  3.208E+03  3.759E+00  5.683E+07  3.099E+03
  3.231E+03  3.760E+00  5.684E+07  3.100E+03
  3.254E+03  3.762E+00  5.685E+07  3.100E+03
  3.278E+03  3.763E+00  5.686E+07  3.101E+03
  3.301E+03  3.765E+00  5.687E+07  3.102E+03
  3.325E+03  3.766E+00  5.688E+07  3.102E+03
  3.349E+03  3.767E+00  5.689E+07  3.103E+03
  3.373E+03  3.769E+00  5.690E+07  3.104E+03
  3.398E+03  3.770E+00  5.691E+07  3.104E+03
  3.422E+03  3.772E+00  5.691E+07  3.105E+03
  3.447E+03  3.773E+00  5.692E+07  3.106E+03
  3.472E+03  3.775E+00  5.693E+07  3.106E+03
  3.497E+03  3.776E+00  5.694E+07  3.107E+03
  3.522E+03  3.778E+00  5.695E+07  3.108E+03
  3.547E+03  3.779E+00  5.696E+07  3.108E+03
  3.573E+03  3.780E+00  5.697E+07  3.109E+03
  3.599E+03  3.782E+00  5.698E+07  3.110E+03
  3.625E+03  3.783E+00  5.699E+07  3.110E+03
  3.651E+03  3.785E+00  5.700E+07  3.111E+03
  3.677E+03  3.786E+00  5.701E+07  3.112E+03
  3.704E+03  3.788E+00  5.702E+07  3.112E+03
  3.730E+03  3.789E+00  5.703E+07  3.113E+03
  3.757E+03  3.791E+00  5.704E+07  3.114E+03
  3.784E+03  3.792E+00  5.705E+07  3.115E+03
  3.812E+03  3.794E+00  5.705E+07  3.115E+03
  3.839E+03  3.795E+00  5.706E+07  3.116E+03
  3.867E+03  3.796E+00  5.707E+07  3.117E+03
  3.895E+03  3.798E+00  5.708E+07  3.117E+03
  3.923E+03  3.799E+00  5.709E+07  3.118E+03
  3.951E+03  3.801E+00  5.710E+07  3.119E+03
  3.980E+03  3.802E+00  5.711E+07  3.119E+03
  4.008E+03  3.804E+00  5.712E+07  3.120E+03
  4.037E+03  3.805E+00  5.713E+07  3.121E+03
  4.066E+03  3.807E+00  5.714E+07  3.121E+03
  4.096E+03  3.808E+00  5.715E+07  3.122E+03
  4.125E+03  3.810E+00  5.716E+07  3.123E+03
  4.155E+03  3.811E+00  5.717E+07  3.124E+03
  4.185E+03  3.813E+00  5.718E+07  3.124E+03
  4.215E+03  3.814E+00  5.719E+07  3.125E+03
  4.246E+03  3.816E+00  5.720E+07  3.126E+03
  4.276E+03  3.817E+00  5.720E+07  3.126E+03
  4.307E+03  3.819E+00  5.721E+07  3.127E+03
  4.338E+03  3.820E+00  5.722E+07  3.128E+03
  4.369E+03  3.822E+00  5.723E+07  3.128E+03
  4.401E+03  3.823E+00  5.724E+07  3.129E+03
  4.433E+03  3.825E+00  5.725E+07  3.130E+03
  4.465E+03  3.826E+00  5.726E+07  3.131E+03
  4.497E+03  3.828E+00  5.727E+07  3.131E+03
  4.529E+03  3.829E+00  5.728E+07  3.132E+03
  4.562E+03  3.831E+00  5.729E+07  3.133E+03
  4.595E+03  3.832E+00  5.730E+07  3.133E+03
  4.628E+03  3.834E+00  5.731E+07  3.134E+03
  4.661E+03  3.835E+00  5.732E+07  3.135E+03
  4.695E+03  3.837E+00  5.733E+07  3.136E+03
  4.729E+03  3.838E+00  5.734E+07  3.136E+03
  4.763E+03  3.840E+00  5.735E+07  3.137E+03
  4.797E+03  3.841E+00  5.736E+07  3.138E+03
  4.832E+03  3.843E+00  5.737E+07  3.139E+03
  4.867E+03  3.845E+00  5.738E+07  3.139E+03
  4.902E+03  3.846E+00  5.739E+07  3.140E+03
  4.937E+03  3.848E+00  5.740E+07  3.141E+03
  4.973E+03  3.849E+00  5.741E+07  3.142E+03
  5.009E+03  3.851E+00  5.742E+07  3.142E+03
  5.045E+03  3.852E+00  5.743E+07  3.143E+03
  5.081E+03  3.854E+00  5.744E+07  3.144E+03
  5.118E+03  3.856E+00  5.745E+07  3.145E+03
  5.155E+03  3.857E+00  5.745E+07  3.145E+03
  5.192E+03  3.859E+00  5.746E+07  3.146E+03
  5.229E+03  3.860E+00  5.747E+07  3.147E+03
  5.267E+03  3.862E+00  5.748E+07  3.148E+03
  5.305E+03  3.864E+00  5.749E+07  3.148E+03
  5.343E+03  3.865E+00  5.750E+07  3.149E+03
  5.382E+03  3.867E+00  5.751E+07  3.150E+03
  5.420E+03  3.869E+00  5.752E+07  3.151E+03
  5.459E+03  3.870E+00  5.754E+07  3.152E+03
  5.499E+03  3.872E+00  5.755E+07  3.152E+03
  5.538E+03  3.873E+00  5.756E+07  3.153E+03
  5.578E+03  3.875E+00  5.757E+07  3.154E+03
  5.619E+03  3.877E+00  5.758E+07  3.155E+03
  5.659E+03  3.879E+00  5.759E+07  3.156E+03
  5.700E+03  3.880E+00  5.760E+07  3.156E+03
  5.741E+03  3.882E+00  5.761E+07  3.157E+03
  5.782E+03  3.884E+00  5.762E+07  3.158E+03
  5.824E+03  3.885E+00  5.763E+07  3.159E+03
  5.866E+03  3.887E+00  5.764E+07  3.160E+03
  5.908E+03  3.889E+00  5.765E+07  3.160E+03
  5.951E+03  3.890E+00  5.766E+07  3.161E+03
  5.994E+03  3.892E+00  5.767E+07  3.162E+03
  6.037E+03  3.894E+00  5.768E+07  3.163E+03
  6.081E+03  3.896E+00  5.769E+07  3.164E+03
  6.124E+03  3.897E+00  5.770E+07  3.165E+03
  6.168E+03  3.899E+00  5.771E+07  3.165E+03
  6.213E+03  3.901E+00  5.772E+07  3.166E+03
  6.258E+03  3.903E+00  5.773E+07  3.167E+03
  6.303E+03  3.905E+00  5.775E+07  3.168E+03
  6.348E+03  3.906E+00  5.776E+07  3.169E+03
  6.394E+03  3.908E+00  5.777E+07  3.170E+03
  6.440E+03  3.910E+00  5.778E+07  3.171E+03
  6.487E+03  3.912E+00  5.779E+07  3.172E+03
  6.533E+03  3.914E+00  5.780E+07  3.172E+03
  6.580E+03  3.916E+00  5.781E+07  3.173E+03
  6.628E+03  3.918E+00  5.782E+07  3.174E+03
  6.676E+03  3.919E+00  5.783E+07  3.175E+03
  6.724E+03  3.921E+00  5.785E+07  3.176E+03
  6.772E+03  3.923E+00  5.786E+07  3.177E+03
  6.821E+03  3.925E+00  5.787E+07  3.178E+03
  6.870E+03  3.927E+00  5.788E+07  3.179E+03
  6.920E+03  3.929E+00  5.789E+07  3.180E+03
  6.970E+03  3.931E+00  5.790E+07  3.181E+03
  7.020E+03  3.933E+00  5.791E+07  3.182E+03
  7.070E+03  3.935E+00  5.793E+07  3.183E+03
  7.121E+03  3.937E+00  5.794E+07  3.184E+03
  7.173E+03  3.939E+00  5.795E+07  3.185E+03
  7.224E+03  3.941E+00  5.796E+07  3.186E+03
  7.276E+03  3.943E+00  5.797E+07  3.186E+03
  7.329E+03  3.945E+00  5.799E+07  3.187E+03
  7.382E+03  3.947E+00  5.800E+07  3.188E+03
  7.435E+03  3.949E+00  5.801E+07  3.189E+03
  7.488E+03  3.951E+00  5.802E+07  3.190E+03
  7.542E+03  3.953E+00  5.803E+07  3.191E+03
  7.597E+03  3.955E+00  5.805E+07  3.192E+03
  7.651E+03  3.957E+00  5.806E+07  3.194E+03
  7.707E+03  3.960E+00  5.807E+07  3.195E+03
  7.762E+03  3.962E+00  5.808E+07  3.196E+03
  7.818E+03  3.964E+00  5.810E+07  3.197E+03
  7.874E+03  3.966E+00  5.811E+07  3.198E+03
  7.931E+03  3.968E+00  5.812E+07  3.199E+03
  7.988E+03  3.970E+00  5.814E+07  3.200E+03
  8.046E+03  3.973E+00  5.815E+07  3.201E+03
  8.104E+03  3.975E+00  5.816E+07  3.202E+03
  8.162E+03  3.977E+00  5.818E+07  3.203E+03
  8.221E+03  3.979E+00  5.819E+07  3.204E+03
  8.280E+03  3.982E+00  5.820E+07  3.205E+03
  8.340E+03  3.984E+00  5.822E+07  3.206E+03
  8.400E+03  3.986E+00  5.823E+07  3.208E+03
  8.461E+03  3.989E+00  5.824E+07  3.209E+03
  8.522E+03  3.991E+00  5.826E+07  3.210E+03
  8.583E+03  3.993E+00  5.827E+07  3.211E+03
  8.645E+03  3.996E+00  5.828E+07  3.212E+03
  8.707E+03  3.998E+00  5.830E+07  3.213E+03
  8.770E+03  4.001E+00  5.831E+07  3.214E+03
  8.833E+03  4.003E+00  5.833E+07  3.216E+03
  8.897E+03  4.006E+00  5.834E+07  3.217E+03
  8.961E+03  4.008E+00  5.835E+07  3.218E+03
  9.025E+03  4.008E+00  5.835E+07  3.218E+03
