  2.5000E-02  1.1375E-01  4.9561E-09  2.1988E+05  2.6542E+07
  7.5180E-02  1.1171E-01  5.6909E-09  3.2907E+05  3.2659E+07
  1.2572E-01  1.1043E-01  5.9689E-09  6.5798E+05  3.5081E+07
  1.7663E-01  1.0922E-01  6.1551E-09  9.3211E+05  3.6735E+07
  2.2790E-01  1.0801E-01  6.3084E-09  1.1624E+06  3.8116E+07
  2.7954E-01  1.0677E-01  6.4463E-09  1.3631E+06  3.9373E+07
  3.3155E-01  1.0551E-01  6.5759E-09  1.5439E+06  4.0566E+07
  3.8394E-01  1.0422E-01  6.7005E-09  1.7111E+06  4.1725E+07
  4.3670E-01  1.0292E-01  6.8219E-09  1.8687E+06  4.2864E+07
  4.8985E-01  1.0162E-01  6.9412E-09  2.0193E+06  4.3992E+07
  5.4337E-01  1.0031E-01  7.0588E-09  2.1646E+06  4.5116E+07
  5.9729E-01  9.9003E-02  7.1754E-09  2.3061E+06  4.6238E+07
  6.5159E-01  9.7702E-02  7.2911E-09  2.4446E+06  4.7361E+07
  7.0628E-01  9.6409E-02  7.4062E-09  2.5808E+06  4.8486E+07
  7.6136E-01  9.5128E-02  7.5207E-09  2.7153E+06  4.9616E+07
  8.1685E-01  9.3860E-02  7.6349E-09  2.8486E+06  5.0749E+07
  8.7273E-01  9.2608E-02  7.7487E-09  2.9809E+06  5.1889E+07
  9.2901E-01  9.1372E-02  7.8623E-09  3.1126E+06  5.3033E+07
  9.8570E-01  9.0154E-02  7.9756E-09  3.2439E+06  5.4184E+07
  1.0428E+00  8.8955E-02  8.0887E-09  3.3750E+06  5.5341E+07
  1.1003E+00  8.7775E-02  8.2016E-09  3.5061E+06  5.6504E+07
  1.1582E+00  8.6615E-02  8.3144E-09  3.6373E+06  5.7673E+07
  1.2166E+00  8.5475E-02  8.4270E-09  3.7688E+06  5.8849E+07
  1.2753E+00  8.4356E-02  8.5395E-09  3.9006E+06  6.0032E+07
  1.3345E+00  8.3256E-02  8.6519E-09  4.0329E+06  6.1220E+07
  1.3941E+00  8.2177E-02  8.7642E-09  4.1657E+06  6.2416E+07
  1.4542E+00  8.1119E-02  8.8763E-09  4.2992E+06  6.3618E+07
  1.5146E+00  8.0081E-02  8.9884E-09  4.4334E+06  6.4825E+07
  1.5755E+00  7.9063E-02  9.1003E-09  4.5683E+06  6.6040E+07
  1.6369E+00  7.8064E-02  9.2121E-09  4.7040E+06  6.7261E+07
  1.6987E+00  7.7085E-02  9.3238E-09  4.8407E+06  6.8488E+07
  1.7609E+00  7.6125E-02  9.4354E-09  4.9782E+06  6.9721E+07
  1.8236E+00  7.5185E-02  9.5469E-09  5.1167E+06  7.0961E+07
  1.8867E+00  7.4262E-02  9.6583E-09  5.2562E+06  7.2206E+07
  1.9503E+00  7.3358E-02  9.7695E-09  5.3968E+06  7.3457E+07
  2.0143E+00  7.2472E-02  9.8807E-09  5.5384E+06  7.4714E+07
  2.0788E+00  7.1603E-02  9.9917E-09  5.6812E+06  7.5977E+07
  2.1438E+00  7.0751E-02  1.0103E-08  5.8251E+06  7.7246E+07
  2.2092E+00  6.9916E-02  1.0213E-08  5.9702E+06  7.8520E+07
  2.2751E+00  6.9098E-02  1.0324E-08  6.1165E+06  7.9800E+07
  2.3415E+00  6.8295E-02  1.0435E-08  6.2640E+06  8.1086E+07
  2.4084E+00  6.7507E-02  1.0545E-08  6.4128E+06  8.2377E+07
  2.4757E+00  6.6735E-02  1.0656E-08  6.5629E+06  8.3673E+07
  2.5435E+00  6.5978E-02  1.0766E-08  6.7142E+06  8.4975E+07
  2.6119E+00  6.5235E-02  1.0876E-08  6.8669E+06  8.6282E+07
  2.6807E+00  6.4506E-02  1.0986E-08  7.0210E+06  8.7594E+07
  2.7500E+00  6.3791E-02  1.1096E-08  7.1764E+06  8.8911E+07
  2.8198E+00  6.3089E-02  1.1206E-08  7.3332E+06  9.0233E+07
  2.8901E+00  6.2400E-02  1.1315E-08  7.4915E+06  9.1560E+07
  2.9609E+00  6.1724E-02  1.1425E-08  7.6511E+06  9.2892E+07
  3.0322E+00  6.1060E-02  1.1534E-08  7.8122E+06  9.4229E+07
  3.1040E+00  6.0409E-02  1.1643E-08  7.9748E+06  9.5571E+07
  3.1764E+00  5.9769E-02  1.1752E-08  8.1388E+06  9.6917E+07
  3.2492E+00  5.9140E-02  1.1861E-08  8.3043E+06  9.8268E+07
  3.3226E+00  5.8522E-02  1.1970E-08  8.4713E+06  9.9624E+07
  3.3966E+00  5.7916E-02  1.2079E-08  8.6399E+06  1.0098E+08
  3.4710E+00  5.7319E-02  1.2188E-08  8.8099E+06  1.0235E+08
  3.5460E+00  5.6734E-02  1.2296E-08  8.9815E+06  1.0372E+08
  3.6215E+00  5.6158E-02  1.2405E-08  9.1547E+06  1.0509E+08
  3.6976E+00  5.5591E-02  1.2513E-08  9.3295E+06  1.0647E+08
  3.7742E+00  5.5035E-02  1.2621E-08  9.5058E+06  1.0785E+08
  3.8514E+00  5.4487E-02  1.2729E-08  9.6837E+06  1.0924E+08
  3.9291E+00  5.3949E-02  1.2837E-08  9.8633E+06  1.1063E+08
  4.0074E+00  5.3419E-02  1.2945E-08  1.0044E+07  1.1203E+08
  4.0863E+00  5.2898E-02  1.3052E-08  1.0227E+07  1.1343E+08
  4.1657E+00  5.2385E-02  1.3160E-08  1.0412E+07  1.1483E+08
  4.2457E+00  5.1880E-02  1.3267E-08  1.0598E+07  1.1624E+08
  4.3263E+00  5.1383E-02  1.3375E-08  1.0785E+07  1.1766E+08
  4.4074E+00  5.0894E-02  1.3482E-08  1.0975E+07  1.1907E+08
  4.4891E+00  5.0412E-02  1.3589E-08  1.1166E+07  1.2049E+08
  4.5715E+00  4.9938E-02  1.3696E-08  1.1359E+07  1.2192E+08
  4.6544E+00  4.9471E-02  1.3803E-08  1.1553E+07  1.2335E+08
  4.7379E+00  4.9010E-02  1.3910E-08  1.1749E+07  1.2478E+08
  4.8220E+00  4.8557E-02  1.4016E-08  1.1947E+07  1.2622E+08
  4.9067E+00  4.8110E-02  1.4123E-08  1.2147E+07  1.2766E+08
  4.9921E+00  4.7669E-02  1.4230E-08  1.2348E+07  1.2911E+08
  5.0780E+00  4.7235E-02  1.4336E-08  1.2551E+07  1.3056E+08
  5.1646E+00  4.6807E-02  1.4442E-08  1.2756E+07  1.3201E+08
  5.2517E+00  4.6385E-02  1.4549E-08  1.2962E+07  1.3347E+08
  5.3396E+00  4.5969E-02  1.4655E-08  1.3171E+07  1.3494E+08
  5.4280E+00  4.5558E-02  1.4761E-08  1.3381E+07  1.3640E+08
  5.5171E+00  4.5153E-02  1.4867E-08  1.3592E+07  1.3788E+08
  5.6068E+00  4.4753E-02  1.4973E-08  1.3806E+07  1.3935E+08
  5.6972E+00  4.4359E-02  1.5079E-08  1.4021E+07  1.4083E+08
  5.7882E+00  4.3970E-02  1.5185E-08  1.4238E+07  1.4231E+08
  5.8799E+00  4.3586E-02  1.5291E-08  1.4457E+07  1.4380E+08
  5.9722E+00  4.3206E-02  1.5396E-08  1.4678E+07  1.4530E+08
  6.0652E+00  4.2832E-02  1.5502E-08  1.4900E+07  1.4679E+08
  6.1589E+00  4.2462E-02  1.5608E-08  1.5124E+07  1.4829E+08
  6.2532E+00  4.2097E-02  1.5713E-08  1.5351E+07  1.4980E+08
  6.3482E+00  4.1737E-02  1.5819E-08  1.5578E+07  1.5131E+08
  6.4439E+00  4.1380E-02  1.5924E-08  1.5808E+07  1.5283E+08
  6.5403E+00  4.1028E-02  1.6030E-08  1.6039E+07  1.5434E+08
  6.6374E+00  4.0680E-02  1.6135E-08  1.6273E+07  1.5587E+08
  6.7352E+00  4.0337E-02  1.6241E-08  1.6508E+07  1.5740E+08
  6.8337E+00  3.9997E-02  1.6346E-08  1.6745E+07  1.5893E+08
  6.9329E+00  3.9661E-02  1.6452E-08  1.6983E+07  1.6047E+08
  7.0328E+00  3.9329E-02  1.6557E-08  1.7224E+07  1.6201E+08
  7.1335E+00  3.9001E-02  1.6663E-08  1.7466E+07  1.6356E+08
  7.2348E+00  3.8676E-02  1.6768E-08  1.7710E+07  1.6511E+08
  7.3369E+00  3.8355E-02  1.6874E-08  1.7956E+07  1.6667E+08
  7.4398E+00  3.8037E-02  1.6979E-08  1.8204E+07  1.6823E+08
  7.5433E+00  3.7723E-02  1.7085E-08  1.8453E+07  1.6979E+08
  7.6476E+00  3.7412E-02  1.7190E-08  1.8705E+07  1.7137E+08
  7.7527E+00  3.7104E-02  1.7296E-08  1.8958E+07  1.7294E+08
  7.8585E+00  3.6800E-02  1.7401E-08  1.9213E+07  1.7453E+08
  7.9651E+00  3.6499E-02  1.7507E-08  1.9469E+07  1.7612E+08
  8.0724E+00  3.6200E-02  1.7613E-08  1.9728E+07  1.7771E+08
  8.1806E+00  3.5905E-02  1.7718E-08  1.9989E+07  1.7931E+08
  8.2895E+00  3.5613E-02  1.7824E-08  2.0251E+07  1.8091E+08
  8.3991E+00  3.5323E-02  1.7930E-08  2.0515E+07  1.8252E+08
  8.5096E+00  3.5037E-02  1.8036E-08  2.0781E+07  1.8414E+08
  8.6209E+00  3.4753E-02  1.8142E-08  2.1048E+07  1.8576E+08
  8.7330E+00  3.4472E-02  1.8248E-08  2.1318E+07  1.8738E+08
  8.8458E+00  3.4193E-02  1.8354E-08  2.1589E+07  1.8902E+08
  8.9595E+00  3.3917E-02  1.8461E-08  2.1862E+07  1.9066E+08
  9.0740E+00  3.3644E-02  1.8567E-08  2.2137E+07  1.9230E+08
  9.1894E+00  3.3373E-02  1.8674E-08  2.2413E+07  1.9395E+08
  9.3055E+00  3.3104E-02  1.8781E-08  2.2692E+07  1.9561E+08
  9.4225E+00  3.2838E-02  1.8887E-08  2.2972E+07  1.9728E+08
  9.5404E+00  3.2575E-02  1.8994E-08  2.3254E+07  1.9895E+08
  9.6591E+00  3.2313E-02  1.9101E-08  2.3537E+07  2.0063E+08
  9.7786E+00  3.2054E-02  1.9209E-08  2.3823E+07  2.0231E+08
  9.8990E+00  3.1797E-02  1.9316E-08  2.4110E+07  2.0400E+08
  1.0020E+01  3.1542E-02  1.9424E-08  2.4399E+07  2.0570E+08
  1.0142E+01  3.1289E-02  1.9532E-08  2.4689E+07  2.0741E+08
  1.0265E+01  3.1039E-02  1.9640E-08  2.4982E+07  2.0912E+08
  1.0389E+01  3.0790E-02  1.9748E-08  2.5276E+07  2.1084E+08
  1.0514E+01  3.0544E-02  1.9856E-08  2.5572E+07  2.1257E+08
  1.0640E+01  3.0299E-02  1.9965E-08  2.5870E+07  2.1431E+08
  1.0766E+01  3.0056E-02  2.0073E-08  2.6169E+07  2.1605E+08
  1.0894E+01  2.9816E-02  2.0183E-08  2.6470E+07  2.1780E+08
  1.1022E+01  2.9577E-02  2.0292E-08  2.6773E+07  2.1956E+08
  1.1152E+01  2.9340E-02  2.0401E-08  2.7077E+07  2.2133E+08
  1.1282E+01  2.9104E-02  2.0511E-08  2.7383E+07  2.2311E+08
  1.1413E+01  2.8871E-02  2.0621E-08  2.7691E+07  2.2489E+08
  1.1546E+01  2.8639E-02  2.0732E-08  2.8000E+07  2.2669E+08
  1.1679E+01  2.8409E-02  2.0842E-08  2.8312E+07  2.2849E+08
  1.1813E+01  2.8181E-02  2.0953E-08  2.8624E+07  2.3030E+08
  1.1948E+01  2.7954E-02  2.1064E-08  2.8939E+07  2.3212E+08
  1.2084E+01  2.7729E-02  2.1176E-08  2.9255E+07  2.3396E+08
  1.2221E+01  2.7505E-02  2.1288E-08  2.9573E+07  2.3580E+08
  1.2359E+01  2.7284E-02  2.1400E-08  2.9892E+07  2.3765E+08
  1.2498E+01  2.7063E-02  2.1513E-08  3.0213E+07  2.3951E+08
  1.2638E+01  2.6844E-02  2.1626E-08  3.0536E+07  2.4138E+08
  1.2779E+01  2.6627E-02  2.1739E-08  3.0860E+07  2.4326E+08
  1.2921E+01  2.6411E-02  2.1853E-08  3.1186E+07  2.4515E+08
  1.3064E+01  2.6196E-02  2.1967E-08  3.1513E+07  2.4705E+08
  1.3208E+01  2.5983E-02  2.2081E-08  3.1842E+07  2.4897E+08
  1.3353E+01  2.5772E-02  2.2196E-08  3.2173E+07  2.5089E+08
  1.3499E+01  2.5561E-02  2.2312E-08  3.2505E+07  2.5283E+08
  1.3646E+01  2.5352E-02  2.2428E-08  3.2839E+07  2.5478E+08
  1.3795E+01  2.5145E-02  2.2544E-08  3.3174E+07  2.5674E+08
  1.3944E+01  2.4938E-02  2.2661E-08  3.3511E+07  2.5871E+08
  1.4094E+01  2.4733E-02  2.2778E-08  3.3849E+07  2.6070E+08
  1.4246E+01  2.4530E-02  2.2896E-08  3.4189E+07  2.6269E+08
  1.4398E+01  2.4327E-02  2.3014E-08  3.4530E+07  2.6470E+08
  1.4552E+01  2.4126E-02  2.3133E-08  3.4873E+07  2.6673E+08
  1.4707E+01  2.3926E-02  2.3252E-08  3.5217E+07  2.6876E+08
  1.4863E+01  2.3727E-02  2.3372E-08  3.5563E+07  2.7081E+08
  1.5020E+01  2.3530E-02  2.3492E-08  3.5910E+07  2.7288E+08
  1.5178E+01  2.3333E-02  2.3613E-08  3.6259E+07  2.7496E+08
  1.5337E+01  2.3138E-02  2.3735E-08  3.6609E+07  2.7705E+08
  1.5497E+01  2.2944E-02  2.3857E-08  3.6961E+07  2.7916E+08
  1.5659E+01  2.2751E-02  2.3980E-08  3.7314E+07  2.8128E+08
  1.5822E+01  2.2559E-02  2.4104E-08  3.7668E+07  2.8342E+08
  1.5986E+01  2.2368E-02  2.4228E-08  3.8024E+07  2.8557E+08
  1.6151E+01  2.2178E-02  2.4353E-08  3.8381E+07  2.8774E+08
  1.6317E+01  2.1990E-02  2.4478E-08  3.8740E+07  2.8993E+08
  1.6485E+01  2.1802E-02  2.4605E-08  3.9100E+07  2.9213E+08
  1.6653E+01  2.1615E-02  2.4732E-08  3.9462E+07  2.9435E+08
  1.6823E+01  2.1430E-02  2.4860E-08  3.9824E+07  2.9659E+08
  1.6994E+01  2.1245E-02  2.4988E-08  4.0189E+07  2.9885E+08
  1.7167E+01  2.1062E-02  2.5117E-08  4.0554E+07  3.0112E+08
  1.7340E+01  2.0880E-02  2.5248E-08  4.0921E+07  3.0341E+08
  1.7515E+01  2.0698E-02  2.5379E-08  4.1289E+07  3.0572E+08
  1.7691E+01  2.0518E-02  2.5511E-08  4.1659E+07  3.0805E+08
  1.7869E+01  2.0338E-02  2.5643E-08  4.2030E+07  3.1040E+08
  1.8047E+01  2.0160E-02  2.5777E-08  4.2402E+07  3.1277E+08
  1.8227E+01  1.9982E-02  2.5911E-08  4.2776E+07  3.1516E+08
  1.8408E+01  1.9805E-02  2.6047E-08  4.3150E+07  3.1757E+08
  1.8591E+01  1.9630E-02  2.6183E-08  4.3527E+07  3.2000E+08
  1.8775E+01  1.9455E-02  2.6321E-08  4.3904E+07  3.2246E+08
  1.8960E+01  1.9281E-02  2.6459E-08  4.4283E+07  3.2493E+08
  1.9147E+01  1.9108E-02  2.6598E-08  4.4663E+07  3.2743E+08
  1.9334E+01  1.8936E-02  2.6739E-08  4.5044E+07  3.2995E+08
  1.9524E+01  1.8765E-02  2.6880E-08  4.5426E+07  3.3250E+08
  1.9714E+01  1.8595E-02  2.7023E-08  4.5810E+07  3.3507E+08
  1.9906E+01  1.8425E-02  2.7167E-08  4.6195E+07  3.3766E+08
  2.0099E+01  1.8257E-02  2.7312E-08  4.6581E+07  3.4028E+08
  2.0294E+01  1.8089E-02  2.7458E-08  4.6969E+07  3.4292E+08
  2.0490E+01  1.7922E-02  2.7605E-08  4.7357E+07  3.4559E+08
  2.0688E+01  1.7757E-02  2.7754E-08  4.7747E+07  3.4829E+08
  2.0887E+01  1.7592E-02  2.7903E-08  4.8138E+07  3.5101E+08
  2.1087E+01  1.7427E-02  2.8054E-08  4.8530E+07  3.5377E+08
  2.1289E+01  1.7264E-02  2.8207E-08  4.8924E+07  3.5655E+08
  2.1492E+01  1.7102E-02  2.8360E-08  4.9319E+07  3.5935E+08
  2.1697E+01  1.6940E-02  2.8516E-08  4.9714E+07  3.6219E+08
  2.1903E+01  1.6779E-02  2.8672E-08  5.0111E+07  3.6506E+08
  2.2111E+01  1.6619E-02  2.8830E-08  5.0510E+07  3.6796E+08
  2.2320E+01  1.6460E-02  2.8989E-08  5.0909E+07  3.7089E+08
  2.2531E+01  1.6302E-02  2.9150E-08  5.1310E+07  3.7386E+08
  2.2743E+01  1.6144E-02  2.9313E-08  5.1711E+07  3.7685E+08
  2.2957E+01  1.5988E-02  2.9477E-08  5.2114E+07  3.7988E+08
  2.3172E+01  1.5832E-02  2.9642E-08  5.2518E+07  3.8295E+08
  2.3389E+01  1.5677E-02  2.9810E-08  5.2923E+07  3.8605E+08
  2.3607E+01  1.5523E-02  2.9979E-08  5.3329E+07  3.8918E+08
  2.3827E+01  1.5369E-02  3.0149E-08  5.3737E+07  3.9236E+08
  2.4049E+01  1.5217E-02  3.0322E-08  5.4146E+07  3.9557E+08
  2.4272E+01  1.5065E-02  3.0496E-08  5.4555E+07  3.9881E+08
  2.4497E+01  1.4914E-02  3.0672E-08  5.4966E+07  4.0210E+08
  2.4723E+01  1.4764E-02  3.0850E-08  5.5378E+07  4.0543E+08
  2.4951E+01  1.4614E-02  3.1030E-08  5.5791E+07  4.0879E+08
  2.5181E+01  1.4466E-02  3.1212E-08  5.6205E+07  4.1220E+08
  2.5412E+01  1.4318E-02  3.1396E-08  5.6621E+07  4.1565E+08
  2.5645E+01  1.4171E-02  3.1582E-08  5.7037E+07  4.1915E+08
  2.5880E+01  1.4025E-02  3.1770E-08  5.7455E+07  4.2269E+08
  2.6116E+01  1.3879E-02  3.1960E-08  5.7874E+07  4.2627E+08
  2.6354E+01  1.3735E-02  3.2152E-08  5.8293E+07  4.2990E+08
  2.6594E+01  1.3591E-02  3.2347E-08  5.8714E+07  4.3358E+08
  2.6835E+01  1.3448E-02  3.2544E-08  5.9137E+07  4.3731E+08
  2.7078E+01  1.3306E-02  3.2743E-08  5.9560E+07  4.4109E+08
  2.7323E+01  1.3165E-02  3.2945E-08  5.9984E+07  4.4492E+08
  2.7570E+01  1.3024E-02  3.3149E-08  6.0410E+07  4.4880E+08
  2.7819E+01  1.2885E-02  3.3356E-08  6.0836E+07  4.5273E+08
  2.8069E+01  1.2746E-02  3.3565E-08  6.1264E+07  4.5671E+08
  2.8321E+01  1.2608E-02  3.3777E-08  6.1693E+07  4.6076E+08
  2.8575E+01  1.2470E-02  3.3992E-08  6.2123E+07  4.6485E+08
  2.8831E+01  1.2334E-02  3.4209E-08  6.2554E+07  4.6901E+08
  2.9088E+01  1.2198E-02  3.4429E-08  6.2986E+07  4.7323E+08
  2.9348E+01  1.2064E-02  3.4652E-08  6.3419E+07  4.7750E+08
  2.9609E+01  1.1930E-02  3.4878E-08  6.3854E+07  4.8184E+08
  2.9872E+01  1.1796E-02  3.5107E-08  6.4289E+07  4.8624E+08
  3.0137E+01  1.1664E-02  3.5339E-08  6.4726E+07  4.9071E+08
  3.0404E+01  1.1533E-02  3.5574E-08  6.5164E+07  4.9524E+08
  3.0673E+01  1.1402E-02  3.5812E-08  6.5603E+07  4.9984E+08
  3.0944E+01  1.1273E-02  3.6054E-08  6.6043E+07  5.0451E+08
  3.1217E+01  1.1144E-02  3.6299E-08  6.6484E+07  5.0925E+08
  3.1492E+01  1.1016E-02  3.6547E-08  6.6927E+07  5.1398E+08
  3.1768E+01  1.0889E-02  3.6799E-08  6.7370E+07  5.1879E+08
  3.2047E+01  1.0763E-02  3.7055E-08  6.7815E+07  5.2367E+08
  3.2328E+01  1.0637E-02  3.7314E-08  6.8261E+07  5.2862E+08
  3.2611E+01  1.0513E-02  3.7577E-08  6.8708E+07  5.3364E+08
  3.2895E+01  1.0389E-02  3.7843E-08  6.9156E+07  5.3875E+08
  3.3182E+01  1.0266E-02  3.8114E-08  6.9606E+07  5.4393E+08
  3.3471E+01  1.0144E-02  3.8388E-08  7.0056E+07  5.4920E+08
  3.3762E+01  1.0022E-02  3.8667E-08  7.0508E+07  5.5455E+08
  3.4055E+01  9.9019E-03  3.8950E-08  7.0961E+07  5.5998E+08
  3.4350E+01  9.7823E-03  3.9237E-08  7.1415E+07  5.6550E+08
  3.4648E+01  9.6635E-03  3.9529E-08  7.1871E+07  5.7111E+08
  3.4947E+01  9.5455E-03  3.9824E-08  7.2327E+07  5.7681E+08
  3.5249E+01  9.4284E-03  4.0125E-08  7.2785E+07  5.8260E+08
  3.5553E+01  9.3121E-03  4.0430E-08  7.3244E+07  5.8848E+08
  3.5859E+01  9.1967E-03  4.0740E-08  7.3705E+07  5.9447E+08
  3.6167E+01  9.0821E-03  4.1055E-08  7.4166E+07  6.0055E+08
  3.6477E+01  8.9684E-03  4.1375E-08  7.4629E+07  6.0673E+08
  3.6790E+01  8.8555E-03  4.1699E-08  7.5093E+07  6.1302E+08
  3.7105E+01  8.7435E-03  4.2030E-08  7.5559E+07  6.1942E+08
  3.7422E+01  8.6323E-03  4.2365E-08  7.6025E+07  6.2592E+08
  3.7741E+01  8.5221E-03  4.2706E-08  7.6493E+07  6.3254E+08
  3.8063E+01  8.4126E-03  4.3052E-08  7.6962E+07  6.3926E+08
  3.8387E+01  8.3041E-03  4.3404E-08  7.7433E+07  6.4610E+08
  3.8713E+01  8.1964E-03  4.3762E-08  7.7905E+07  6.5307E+08
  3.9042E+01  8.0896E-03  4.4126E-08  7.8378E+07  6.6015E+08
  3.9373E+01  7.9837E-03  4.4495E-08  7.8852E+07  6.6736E+08
  3.9707E+01  7.8786E-03  4.4871E-08  7.9328E+07  6.7469E+08
  4.0043E+01  7.7745E-03  4.5253E-08  7.9805E+07  6.8216E+08
  4.0381E+01  7.6712E-03  4.5642E-08  8.0284E+07  6.8975E+08
  4.0722E+01  7.5688E-03  4.6037E-08  8.0764E+07  6.9749E+08
  4.1065E+01  7.4673E-03  4.6439E-08  8.1245E+07  7.0536E+08
  4.1411E+01  7.3667E-03  4.6848E-08  8.1728E+07  7.1337E+08
  4.1759E+01  7.2670E-03  4.7264E-08  8.2212E+07  7.2153E+08
  4.2109E+01  7.1682E-03  4.7687E-08  8.2697E+07  7.2983E+08
  4.2463E+01  7.0703E-03  4.8117E-08  8.3184E+07  7.3829E+08
  4.2818E+01  6.9733E-03  4.8555E-08  8.3672E+07  7.4691E+08
  4.3177E+01  6.8772E-03  4.9001E-08  8.4162E+07  7.5568E+08
  4.3538E+01  6.7820E-03  4.9454E-08  8.4653E+07  7.6461E+08
  4.3901E+01  6.6877E-03  4.9915E-08  8.5146E+07  7.7371E+08
  4.4267E+01  6.5943E-03  5.0384E-08  8.5640E+07  7.8298E+08
  4.4636E+01  6.5018E-03  5.0862E-08  8.6136E+07  7.9242E+08
  4.5007E+01  6.4102E-03  5.1348E-08  8.6633E+07  8.0204E+08
  4.5381E+01  6.3195E-03  5.1843E-08  8.7132E+07  8.1184E+08
  4.5758E+01  6.2298E-03  5.2346E-08  8.7632E+07  8.2182E+08
  4.6137E+01  6.1409E-03  5.2858E-08  8.8134E+07  8.3199E+08
  4.6520E+01  6.0530E-03  5.3380E-08  8.8637E+07  8.4236E+08
  4.6905E+01  5.9660E-03  5.3911E-08  8.9142E+07  8.5292E+08
  4.7292E+01  5.8799E-03  5.4451E-08  8.9649E+07  8.6368E+08
  4.7683E+01  5.7947E-03  5.5001E-08  9.0157E+07  8.7465E+08
  4.8076E+01  5.7104E-03  5.5561E-08  9.0667E+07  8.8583E+08
  4.8472E+01  5.6270E-03  5.6131E-08  9.1178E+07  8.9722E+08
  4.8871E+01  5.5446E-03  5.6712E-08  9.1691E+07  9.0883E+08
  4.9273E+01  5.4631E-03  5.7303E-08  9.2206E+07  9.2067E+08
  4.9678E+01  5.3824E-03  5.7904E-08  9.2722E+07  9.3273E+08
  5.0086E+01  5.3027E-03  5.8517E-08  9.3241E+07  9.4503E+08
  5.0496E+01  5.2239E-03  5.9140E-08  9.3760E+07  9.5756E+08
  5.0910E+01  5.1461E-03  5.9775E-08  9.4282E+07  9.7034E+08
  5.1326E+01  5.0691E-03  6.0422E-08  9.4805E+07  9.8337E+08
  5.1746E+01  4.9930E-03  6.1080E-08  9.5330E+07  9.9664E+08
  5.2168E+01  4.9178E-03  6.1750E-08  9.5857E+07  1.0102E+09
  5.2594E+01  4.8436E-03  6.2432E-08  9.6386E+07  1.0240E+09
  5.3023E+01  4.7702E-03  6.3127E-08  9.6916E+07  1.0380E+09
  5.3454E+01  4.6978E-03  6.3834E-08  9.7448E+07  1.0524E+09
  5.3889E+01  4.6262E-03  6.4554E-08  9.7982E+07  1.0670E+09
  5.4327E+01  4.5555E-03  6.5287E-08  9.8518E+07  1.0819E+09
  5.4769E+01  4.4858E-03  6.6033E-08  9.9056E+07  1.0971E+09
  5.5213E+01  4.4169E-03  6.6793E-08  9.9595E+07  1.1126E+09
  5.5660E+01  4.3489E-03  6.7567E-08  1.0014E+08  1.1284E+09
  5.6111E+01  4.2817E-03  6.8354E-08  1.0068E+08  1.1445E+09
  5.6565E+01  4.2155E-03  6.9156E-08  1.0123E+08  1.1609E+09
  5.7022E+01  4.1501E-03  6.9972E-08  1.0177E+08  1.1776E+09
  5.7483E+01  4.0856E-03  7.0803E-08  1.0232E+08  1.1947E+09
  5.7947E+01  4.0220E-03  7.1648E-08  1.0287E+08  1.2121E+09
  5.8414E+01  3.9592E-03  7.2509E-08  1.0343E+08  1.2298E+09
  5.8885E+01  3.8973E-03  7.3385E-08  1.0398E+08  1.2479E+09
  5.9359E+01  3.8362E-03  7.4276E-08  1.0454E+08  1.2663E+09
  5.9836E+01  3.7760E-03  7.5184E-08  1.0510E+08  1.2851E+09
  6.0317E+01  3.7167E-03  7.6107E-08  1.0566E+08  1.3042E+09
  6.0801E+01  3.6581E-03  7.7046E-08  1.0623E+08  1.3237E+09
  6.1289E+01  3.6004E-03  7.8002E-08  1.0679E+08  1.3436E+09
  6.1780E+01  3.5435E-03  7.8975E-08  1.0736E+08  1.3639E+09
  6.2275E+01  3.4875E-03  7.9965E-08  1.0793E+08  1.3845E+09
  6.2773E+01  3.4323E-03  8.0971E-08  1.0850E+08  1.4055E+09
  6.3275E+01  3.3778E-03  8.1995E-08  1.0908E+08  1.4270E+09
  6.3781E+01  3.3242E-03  8.3037E-08  1.0965E+08  1.4488E+09
  6.4290E+01  3.2714E-03  8.4096E-08  1.1023E+08  1.4711E+09
  6.4803E+01  3.2193E-03  8.5174E-08  1.1081E+08  1.4938E+09
  6.5320E+01  3.1681E-03  8.6270E-08  1.1140E+08  1.5169E+09
  6.5840E+01  3.1176E-03  8.7384E-08  1.1198E+08  1.5404E+09
  6.6364E+01  3.0679E-03  8.8516E-08  1.1257E+08  1.5644E+09
  6.6892E+01  3.0189E-03  8.9668E-08  1.1316E+08  1.5888E+09
  6.7423E+01  2.9707E-03  9.0838E-08  1.1375E+08  1.6136E+09
  6.7959E+01  2.9233E-03  9.2028E-08  1.1435E+08  1.6389E+09
  6.8498E+01  2.8765E-03  9.3238E-08  1.1495E+08  1.6647E+09
  6.9041E+01  2.8306E-03  9.4466E-08  1.1555E+08  1.6910E+09
  6.9588E+01  2.7853E-03  9.5715E-08  1.1615E+08  1.7177E+09
  7.0139E+01  2.7408E-03  9.6984E-08  1.1676E+08  1.7449E+09
  7.0694E+01  2.6970E-03  9.8272E-08  1.1736E+08  1.7726E+09
  7.1253E+01  2.6538E-03  9.9581E-08  1.1797E+08  1.8008E+09
  7.1816E+01  2.6114E-03  1.0091E-07  1.1859E+08  1.8295E+09
  7.2384E+01  2.5697E-03  1.0226E-07  1.1920E+08  1.8587E+09
  7.2955E+01  2.5286E-03  1.0363E-07  1.1982E+08  1.8884E+09
  7.3530E+01  2.4882E-03  1.0502E-07  1.2044E+08  1.9186E+09
  7.4109E+01  2.4485E-03  1.0644E-07  1.2106E+08  1.9494E+09
  7.4693E+01  2.4094E-03  1.0787E-07  1.2169E+08  1.9806E+09
  7.5281E+01  2.3709E-03  1.0933E-07  1.2232E+08  2.0124E+09
  7.5873E+01  2.3331E-03  1.1080E-07  1.2295E+08  2.0448E+09
  7.6469E+01  2.2959E-03  1.1230E-07  1.2358E+08  2.0777E+09
  7.7070E+01  2.2594E-03  1.1382E-07  1.2422E+08  2.1111E+09
  7.7675E+01  2.2234E-03  1.1536E-07  1.2486E+08  2.1451E+09
  7.8284E+01  2.1881E-03  1.1692E-07  1.2550E+08  2.1797E+09
  7.8897E+01  2.1534E-03  1.1851E-07  1.2615E+08  2.2148E+09
  7.9516E+01  2.1192E-03  1.2012E-07  1.2680E+08  2.2505E+09
  8.0138E+01  2.0856E-03  1.2174E-07  1.2745E+08  2.2868E+09
  8.0765E+01  2.0526E-03  1.2340E-07  1.2810E+08  2.3237E+09
  8.1397E+01  2.0201E-03  1.2507E-07  1.2876E+08  2.3611E+09
  8.2033E+01  1.9882E-03  1.2676E-07  1.2942E+08  2.3991E+09
  8.2673E+01  1.9569E-03  1.2848E-07  1.3008E+08  2.4378E+09
  8.3318E+01  1.9260E-03  1.3022E-07  1.3075E+08  2.4770E+09
  8.3968E+01  1.8957E-03  1.3198E-07  1.3142E+08  2.5168E+09
  8.4623E+01  1.8660E-03  1.3376E-07  1.3209E+08  2.5572E+09
  8.5282E+01  1.8367E-03  1.3557E-07  1.3276E+08  2.5983E+09
  8.5946E+01  1.8079E-03  1.3740E-07  1.3344E+08  2.6399E+09
  8.6615E+01  1.7796E-03  1.3925E-07  1.3412E+08  2.6822E+09
  8.7289E+01  1.7518E-03  1.4112E-07  1.3481E+08  2.7251E+09
  8.7967E+01  1.7245E-03  1.4301E-07  1.3550E+08  2.7686E+09
  8.8651E+01  1.6977E-03  1.4493E-07  1.3619E+08  2.8128E+09
  8.9339E+01  1.6713E-03  1.4687E-07  1.3688E+08  2.8575E+09
  9.0032E+01  1.6454E-03  1.4883E-07  1.3758E+08  2.9029E+09
  9.0730E+01  1.6199E-03  1.5081E-07  1.3828E+08  2.9490E+09
  9.1434E+01  1.5949E-03  1.5281E-07  1.3899E+08  2.9957E+09
  9.2142E+01  1.5703E-03  1.5483E-07  1.3969E+08  3.0430E+09
  9.2855E+01  1.5461E-03  1.5688E-07  1.4041E+08  3.0909E+09
  9.3574E+01  1.5223E-03  1.5895E-07  1.4112E+08  3.1396E+09
  9.4298E+01  1.4989E-03  1.6104E-07  1.4184E+08  3.1888E+09
  9.5027E+01  1.4760E-03  1.6315E-07  1.4256E+08  3.2387E+09
  9.5761E+01  1.4534E-03  1.6528E-07  1.4329E+08  3.2893E+09
  9.6500E+01  1.4312E-03  1.6743E-07  1.4402E+08  3.3405E+09
  9.7245E+01  1.4094E-03  1.6960E-07  1.4475E+08  3.3923E+09
  9.7995E+01  1.3880E-03  1.7179E-07  1.4548E+08  3.4449E+09
  9.8751E+01  1.3669E-03  1.7401E-07  1.4622E+08  3.4980E+09
  9.9512E+01  1.3462E-03  1.7624E-07  1.4697E+08  3.5519E+09
  1.0028E+02  1.3258E-03  1.7849E-07  1.4771E+08  3.6064E+09
  1.0105E+02  1.3058E-03  1.8076E-07  1.4847E+08  3.6616E+09
  1.0183E+02  1.2861E-03  1.8306E-07  1.4922E+08  3.7174E+09
  1.0261E+02  1.2668E-03  1.8537E-07  1.4998E+08  3.7739E+09
  1.0340E+02  1.2478E-03  1.8770E-07  1.5074E+08  3.8310E+09
  1.0419E+02  1.2291E-03  1.9005E-07  1.5151E+08  3.8889E+09
  1.0499E+02  1.2107E-03  1.9242E-07  1.5228E+08  3.9474E+09
  1.0580E+02  1.1926E-03  1.9481E-07  1.5305E+08  4.0065E+09
  1.0661E+02  1.1749E-03  1.9722E-07  1.5383E+08  4.0664E+09
  1.0743E+02  1.1574E-03  1.9965E-07  1.5462E+08  4.1269E+09
  1.0825E+02  1.1402E-03  2.0209E-07  1.5540E+08  4.1881E+09
  1.0908E+02  1.1233E-03  2.0455E-07  1.5619E+08  4.2499E+09
  1.0992E+02  1.1067E-03  2.0703E-07  1.5699E+08  4.3125E+09
  1.1076E+02  1.0903E-03  2.0953E-07  1.5779E+08  4.3757E+09
  1.1161E+02  1.0742E-03  2.1205E-07  1.5859E+08  4.4396E+09
  1.1246E+02  1.0584E-03  2.1458E-07  1.5940E+08  4.5041E+09
  1.1332E+02  1.0428E-03  2.1713E-07  1.6021E+08  4.5694E+09
  1.1419E+02  1.0275E-03  2.1970E-07  1.6103E+08  4.6353E+09
  1.1506E+02  1.0125E-03  2.2228E-07  1.6185E+08  4.7019E+09
  1.1594E+02  9.9764E-04  2.2488E-07  1.6267E+08  4.7692E+09
  1.1682E+02  9.8306E-04  2.2750E-07  1.6350E+08  4.8372E+09
  1.1771E+02  9.6871E-04  2.3013E-07  1.6433E+08  4.9059E+09
  1.1861E+02  9.5458E-04  2.3278E-07  1.6517E+08  4.9752E+09
  1.1951E+02  9.4069E-04  2.3545E-07  1.6602E+08  5.0453E+09
  1.2042E+02  9.2701E-04  2.3813E-07  1.6686E+08  5.1161E+09
  1.2134E+02  9.1355E-04  2.4082E-07  1.6772E+08  5.1875E+09
  1.2227E+02  9.0030E-04  2.4354E-07  1.6857E+08  5.2597E+09
  1.2320E+02  8.8726E-04  2.4626E-07  1.6943E+08  5.3325E+09
  1.2413E+02  8.7442E-04  2.4900E-07  1.7030E+08  5.4061E+09
  1.2508E+02  8.6178E-04  2.5176E-07  1.7117E+08  5.4803E+09
  1.2603E+02  8.4933E-04  2.5453E-07  1.7205E+08  5.5553E+09
  1.2698E+02  8.3708E-04  2.5732E-07  1.7293E+08  5.6310E+09
  1.2795E+02  8.2501E-04  2.6012E-07  1.7382E+08  5.7074E+09
  1.2892E+02  8.1313E-04  2.6294E-07  1.7471E+08  5.7845E+09
  1.2990E+02  8.0143E-04  2.6577E-07  1.7560E+08  5.8623E+09
  1.3088E+02  7.8991E-04  2.6861E-07  1.7650E+08  5.9409E+09
  1.3188E+02  7.7856E-04  2.7147E-07  1.7741E+08  6.0202E+09
  1.3288E+02  7.6738E-04  2.7435E-07  1.7832E+08  6.1002E+09
  1.3388E+02  7.5636E-04  2.7723E-07  1.7924E+08  6.1810E+09
  1.3490E+02  7.4551E-04  2.8013E-07  1.8016E+08  6.2625E+09
  1.3592E+02  7.3483E-04  2.8305E-07  1.8108E+08  6.3448E+09
  1.3695E+02  7.2430E-04  2.8598E-07  1.8202E+08  6.4278E+09
  1.3798E+02  7.1392E-04  2.8892E-07  1.8295E+08  6.5115E+09
  1.3903E+02  7.0370E-04  2.9188E-07  1.8390E+08  6.5961E+09
  1.4008E+02  6.9363E-04  2.9485E-07  1.8485E+08  6.6814E+09
  1.4113E+02  6.8370E-04  2.9783E-07  1.8580E+08  6.7675E+09
  1.4220E+02  6.7392E-04  3.0083E-07  1.8676E+08  6.8544E+09
  1.4327E+02  6.6427E-04  3.0384E-07  1.8772E+08  6.9421E+09
  1.4436E+02  6.5477E-04  3.0687E-07  1.8869E+08  7.0305E+09
  1.4545E+02  6.4540E-04  3.0991E-07  1.8967E+08  7.1198E+09
  1.4654E+02  6.3617E-04  3.1296E-07  1.9065E+08  7.2099E+09
  1.4765E+02  6.2707E-04  3.1603E-07  1.9164E+08  7.3008E+09
  1.4876E+02  6.1809E-04  3.1911E-07  1.9263E+08  7.3926E+09
  1.4988E+02  6.0925E-04  3.2220E-07  1.9363E+08  7.4852E+09
  1.5101E+02  6.0053E-04  3.2531E-07  1.9464E+08  7.5786E+09
  1.5215E+02  5.9193E-04  3.2844E-07  1.9565E+08  7.6729E+09
  1.5329E+02  5.8344E-04  3.3157E-07  1.9667E+08  7.7680E+09
  1.5445E+02  5.7508E-04  3.3472E-07  1.9769E+08  7.8641E+09
  1.5561E+02  5.6684E-04  3.3789E-07  1.9872E+08  7.9610E+09
  1.5678E+02  5.5870E-04  3.4107E-07  1.9976E+08  8.0588E+09
  1.5796E+02  5.5068E-04  3.4427E-07  2.0080E+08  8.1575E+09
  1.5915E+02  5.4278E-04  3.4747E-07  2.0185E+08  8.2571E+09
  1.6034E+02  5.3497E-04  3.5070E-07  2.0290E+08  8.3577E+09
  1.6155E+02  5.2728E-04  3.5394E-07  2.0397E+08  8.4592E+09
  1.6276E+02  5.1969E-04  3.5719E-07  2.0503E+08  8.5617E+09
  1.6398E+02  5.1220E-04  3.6046E-07  2.0611E+08  8.6651E+09
  1.6521E+02  5.0482E-04  3.6375E-07  2.0719E+08  8.7695E+09
  1.6645E+02  4.9753E-04  3.6705E-07  2.0828E+08  8.8749E+09
  1.6770E+02  4.9034E-04  3.7037E-07  2.0937E+08  8.9813E+09
  1.6896E+02  4.8325E-04  3.7370E-07  2.1047E+08  9.0887E+09
  1.7022E+02  4.7626E-04  3.7705E-07  2.1158E+08  9.1971E+09
  1.7150E+02  4.6936E-04  3.8041E-07  2.1269E+08  9.3066E+09
  1.7278E+02  4.6255E-04  3.8380E-07  2.1382E+08  9.4172E+09
  1.7408E+02  4.5583E-04  3.8719E-07  2.1494E+08  9.5288E+09
  1.7538E+02  4.4920E-04  3.9061E-07  2.1608E+08  9.6416E+09
  1.7669E+02  4.4266E-04  3.9404E-07  2.1722E+08  9.7554E+09
  1.7802E+02  4.3620E-04  3.9750E-07  2.1837E+08  9.8704E+09
  1.7935E+02  4.2983E-04  4.0096E-07  2.1953E+08  9.9865E+09
  1.8069E+02  4.2355E-04  4.0445E-07  2.2069E+08  1.0104E+10
  1.8204E+02  4.1735E-04  4.0796E-07  2.2187E+08  1.0222E+10
  1.8340E+02  4.1123E-04  4.1148E-07  2.2304E+08  1.0342E+10
  1.8477E+02  4.0519E-04  4.1503E-07  2.2423E+08  1.0463E+10
  1.8615E+02  3.9923E-04  4.1859E-07  2.2543E+08  1.0585E+10
  1.8754E+02  3.9335E-04  4.2217E-07  2.2663E+08  1.0708E+10
  1.8894E+02  3.8754E-04  4.2577E-07  2.2784E+08  1.0833E+10
  1.9035E+02  3.8181E-04  4.2939E-07  2.2905E+08  1.0959E+10
  1.9177E+02  3.7616E-04  4.3304E-07  2.3028E+08  1.1086E+10
  1.9320E+02  3.7058E-04  4.3670E-07  2.3151E+08  1.1214E+10
  1.9465E+02  3.6508E-04  4.4039E-07  2.3275E+08  1.1344E+10
  1.9610E+02  3.5964E-04  4.4409E-07  2.3400E+08  1.1475E+10
  1.9756E+02  3.5428E-04  4.4782E-07  2.3526E+08  1.1608E+10
  1.9903E+02  3.4899E-04  4.5157E-07  2.3652E+08  1.1742E+10
  2.0051E+02  3.4376E-04  4.5534E-07  2.3780E+08  1.1878E+10
  2.0201E+02  3.3861E-04  4.5914E-07  2.3908E+08  1.2015E+10
  2.0351E+02  3.3352E-04  4.6296E-07  2.4037E+08  1.2153E+10
  2.0503E+02  3.2850E-04  4.6680E-07  2.4166E+08  1.2293E+10
  2.0655E+02  3.2355E-04  4.7067E-07  2.4297E+08  1.2434E+10
  2.0809E+02  3.1866E-04  4.7456E-07  2.4429E+08  1.2577E+10
  2.0964E+02  3.1383E-04  4.7848E-07  2.4561E+08  1.2722E+10
  2.1120E+02  3.0907E-04  4.8242E-07  2.4694E+08  1.2868E+10
  2.1277E+02  3.0437E-04  4.8639E-07  2.4828E+08  1.3016E+10
  2.1435E+02  2.9973E-04  4.9038E-07  2.4963E+08  1.3166E+10
  2.1595E+02  2.9515E-04  4.9440E-07  2.5099E+08  1.3317E+10
  2.1755E+02  2.9063E-04  4.9845E-07  2.5236E+08  1.3470E+10
  2.1917E+02  2.8617E-04  5.0252E-07  2.5374E+08  1.3624E+10
  2.2079E+02  2.8177E-04  5.0663E-07  2.5513E+08  1.3781E+10
  2.2243E+02  2.7743E-04  5.1076E-07  2.5652E+08  1.3939E+10
  2.2409E+02  2.7315E-04  5.1492E-07  2.5793E+08  1.4099E+10
  2.2575E+02  2.6892E-04  5.1911E-07  2.5934E+08  1.4261E+10
  2.2742E+02  2.6475E-04  5.2333E-07  2.6076E+08  1.4425E+10
  2.2911E+02  2.6063E-04  5.2757E-07  2.6220E+08  1.4591E+10
  2.3081E+02  2.5657E-04  5.3185E-07  2.6364E+08  1.4758E+10
  2.3252E+02  2.5257E-04  5.3616E-07  2.6509E+08  1.4928E+10
  2.3425E+02  2.4861E-04  5.4051E-07  2.6656E+08  1.5100E+10
  2.3598E+02  2.4471E-04  5.4488E-07  2.6803E+08  1.5273E+10
  2.3773E+02  2.4086E-04  5.4929E-07  2.6951E+08  1.5449E+10
  2.3949E+02  2.3706E-04  5.5372E-07  2.7101E+08  1.5627E+10
  2.4127E+02  2.3332E-04  5.5820E-07  2.7251E+08  1.5807E+10
  2.4306E+02  2.2962E-04  5.6270E-07  2.7402E+08  1.5989E+10
  2.4486E+02  2.2598E-04  5.6725E-07  2.7554E+08  1.6174E+10
  2.4667E+02  2.2238E-04  5.7182E-07  2.7708E+08  1.6361E+10
  2.4850E+02  2.1883E-04  5.7644E-07  2.7862E+08  1.6550E+10
  2.5033E+02  2.1533E-04  5.8108E-07  2.8018E+08  1.6741E+10
  2.5219E+02  2.1188E-04  5.8577E-07  2.8174E+08  1.6935E+10
  2.5405E+02  2.0847E-04  5.9049E-07  2.8332E+08  1.7131E+10
  2.5593E+02  2.0511E-04  5.9525E-07  2.8491E+08  1.7330E+10
  2.5782E+02  2.0180E-04  6.0005E-07  2.8651E+08  1.7531E+10
  2.5973E+02  1.9853E-04  6.0489E-07  2.8812E+08  1.7734E+10
  2.6165E+02  1.9531E-04  6.0976E-07  2.8974E+08  1.7940E+10
  2.6358E+02  1.9213E-04  6.1468E-07  2.9137E+08  1.8149E+10
  2.6553E+02  1.8900E-04  6.1964E-07  2.9301E+08  1.8361E+10
  2.6749E+02  1.8591E-04  6.2463E-07  2.9467E+08  1.8575E+10
  2.6947E+02  1.8286E-04  6.2967E-07  2.9633E+08  1.8791E+10
  2.7146E+02  1.7986E-04  6.3476E-07  2.9801E+08  1.9011E+10
  2.7347E+02  1.7690E-04  6.3988E-07  2.9970E+08  1.9234E+10
  2.7548E+02  1.7398E-04  6.4505E-07  3.0140E+08  1.9459E+10
  2.7752E+02  1.7110E-04  6.5026E-07  3.0312E+08  1.9687E+10
  2.7957E+02  1.6826E-04  6.5552E-07  3.0484E+08  1.9918E+10
  2.8163E+02  1.6546E-04  6.6082E-07  3.0658E+08  2.0152E+10
  2.8371E+02  1.6270E-04  6.6617E-07  3.0833E+08  2.0390E+10
  2.8580E+02  1.5998E-04  6.7156E-07  3.1009E+08  2.0630E+10
  2.8791E+02  1.5730E-04  6.7701E-07  3.1187E+08  2.0874E+10
  2.9003E+02  1.5466E-04  6.8250E-07  3.1366E+08  2.1120E+10
  2.9217E+02  1.5205E-04  6.8804E-07  3.1546E+08  2.1370E+10
  2.9432E+02  1.4948E-04  6.9362E-07  3.1727E+08  2.1624E+10
  2.9649E+02  1.4695E-04  6.9926E-07  3.1910E+08  2.1880E+10
  2.9868E+02  1.4446E-04  7.0495E-07  3.2094E+08  2.2141E+10
  3.0088E+02  1.4200E-04  7.1069E-07  3.2279E+08  2.2404E+10
  3.0309E+02  1.3958E-04  7.1648E-07  3.2465E+08  2.2671E+10
  3.0532E+02  1.3720E-04  7.2232E-07  3.2653E+08  2.2942E+10
  3.0757E+02  1.3485E-04  7.2822E-07  3.2843E+08  2.3216E+10
  3.0984E+02  1.3253E-04  7.3417E-07  3.3033E+08  2.3495E+10
  3.1212E+02  1.3025E-04  7.4017E-07  3.3225E+08  2.3776E+10
  3.1442E+02  1.2800E-04  7.4623E-07  3.3419E+08  2.4062E+10
  3.1673E+02  1.2579E-04  7.5235E-07  3.3613E+08  2.4352E+10
  3.1906E+02  1.2361E-04  7.5852E-07  3.3810E+08  2.4645E+10
  3.2141E+02  1.2146E-04  7.6475E-07  3.4007E+08  2.4943E+10
  3.2377E+02  1.1935E-04  7.7103E-07  3.4206E+08  2.5244E+10
  3.2615E+02  1.1726E-04  7.7738E-07  3.4407E+08  2.5550E+10
  3.2855E+02  1.1521E-04  7.8379E-07  3.4609E+08  2.5860E+10
  3.3097E+02  1.1319E-04  7.9025E-07  3.4812E+08  2.6174E+10
  3.3340E+02  1.1120E-04  7.9678E-07  3.5017E+08  2.6492E+10
  3.3585E+02  1.0924E-04  8.0337E-07  3.5224E+08  2.6815E+10
  3.3832E+02  1.0731E-04  8.1002E-07  3.5432E+08  2.7143E+10
  3.4080E+02  1.0541E-04  8.1673E-07  3.5641E+08  2.7475E+10
  3.4331E+02  1.0354E-04  8.2351E-07  3.5852E+08  2.7811E+10
  3.4583E+02  1.0170E-04  8.3035E-07  3.6065E+08  2.8153E+10
  3.4837E+02  9.9885E-05  8.3726E-07  3.6279E+08  2.8499E+10
  3.5093E+02  9.8100E-05  8.4424E-07  3.6495E+08  2.8849E+10
  3.5350E+02  9.6344E-05  8.5128E-07  3.6712E+08  2.9205E+10
  3.5610E+02  9.4615E-05  8.5839E-07  3.6931E+08  2.9566E+10
  3.5871E+02  9.2913E-05  8.6557E-07  3.7152E+08  2.9932E+10
  3.6135E+02  9.1238E-05  8.7282E-07  3.7374E+08  3.0303E+10
  3.6400E+02  8.9590E-05  8.8014E-07  3.7598E+08  3.0679E+10
  3.6667E+02  8.7968E-05  8.8753E-07  3.7823E+08  3.1061E+10
  3.6936E+02  8.6372E-05  8.9500E-07  3.8051E+08  3.1448E+10
  3.7207E+02  8.4802E-05  9.0253E-07  3.8280E+08  3.1840E+10
  3.7480E+02  8.3257E-05  9.1014E-07  3.8510E+08  3.2238E+10
  3.7755E+02  8.1737E-05  9.1783E-07  3.8743E+08  3.2642E+10
  3.8031E+02  8.0241E-05  9.2559E-07  3.8977E+08  3.3051E+10
  3.8310E+02  7.8770E-05  9.3342E-07  3.9213E+08  3.3467E+10
  3.8591E+02  7.7323E-05  9.4134E-07  3.9450E+08  3.3888E+10
  3.8874E+02  7.5899E-05  9.4933E-07  3.9690E+08  3.4315E+10
  3.9159E+02  7.4499E-05  9.5740E-07  3.9931E+08  3.4748E+10
  3.9446E+02  7.3122E-05  9.6555E-07  4.0174E+08  3.5188E+10
  3.9735E+02  7.1767E-05  9.7379E-07  4.0419E+08  3.5634E+10
  4.0026E+02  7.0436E-05  9.8210E-07  4.0666E+08  3.6086E+10
  4.0319E+02  6.9126E-05  9.9050E-07  4.0914E+08  3.6545E+10
  4.0614E+02  6.7838E-05  9.9898E-07  4.1165E+08  3.7010E+10
  4.0912E+02  6.6571E-05  1.0075E-06  4.1417E+08  3.7482E+10
  4.1211E+02  6.5326E-05  1.0162E-06  4.1672E+08  3.7961E+10
  4.1513E+02  6.4102E-05  1.0249E-06  4.1928E+08  3.8447E+10
  4.1817E+02  6.2899E-05  1.0338E-06  4.2186E+08  3.8940E+10
  4.2123E+02  6.1716E-05  1.0427E-06  4.2447E+08  3.9440E+10
  4.2431E+02  6.0553E-05  1.0517E-06  4.2709E+08  3.9947E+10
  4.2742E+02  5.9410E-05  1.0608E-06  4.2973E+08  4.0462E+10
  4.3054E+02  5.8286E-05  1.0700E-06  4.3239E+08  4.0984E+10
  4.3369E+02  5.7182E-05  1.0792E-06  4.3508E+08  4.1514E+10
  4.3687E+02  5.6096E-05  1.0886E-06  4.3778E+08  4.2051E+10
  4.4006E+02  5.5030E-05  1.0981E-06  4.4050E+08  4.2596E+10
  4.4328E+02  5.3982E-05  1.1077E-06  4.4325E+08  4.3149E+10
  4.4652E+02  5.2952E-05  1.1173E-06  4.4602E+08  4.3711E+10
  4.4979E+02  5.1940E-05  1.1271E-06  4.4880E+08  4.4280E+10
  4.5308E+02  5.0945E-05  1.1369E-06  4.5161E+08  4.4858E+10
  4.5639E+02  4.9969E-05  1.1469E-06  4.5444E+08  4.5444E+10
  4.5972E+02  4.9009E-05  1.1569E-06  4.5730E+08  4.6039E+10
  4.6308E+02  4.8066E-05  1.1671E-06  4.6017E+08  4.6642E+10
  4.6647E+02  4.7140E-05  1.1774E-06  4.6307E+08  4.7255E+10
  4.6988E+02  4.6230E-05  1.1877E-06  4.6599E+08  4.7876E+10
  4.7331E+02  4.5337E-05  1.1982E-06  4.6893E+08  4.8507E+10
  4.7677E+02  4.4459E-05  1.2088E-06  4.7190E+08  4.9146E+10
  4.8025E+02  4.3597E-05  1.2195E-06  4.7489E+08  4.9795E+10
  4.8376E+02  4.2750E-05  1.2303E-06  4.7790E+08  5.0454E+10
  4.8729E+02  4.1919E-05  1.2412E-06  4.8094E+08  5.1123E+10
  4.9085E+02  4.1103E-05  1.2522E-06  4.8400E+08  5.1801E+10
  4.9443E+02  4.0301E-05  1.2633E-06  4.8708E+08  5.2489E+10
  4.9804E+02  3.9514E-05  1.2746E-06  4.9019E+08  5.3187E+10
  5.0168E+02  3.8741E-05  1.2859E-06  4.9332E+08  5.3896E+10
  5.0534E+02  3.7983E-05  1.2974E-06  4.9648E+08  5.4615E+10
  5.0903E+02  3.7238E-05  1.3090E-06  4.9966E+08  5.5344E+10
  5.1275E+02  3.6507E-05  1.3207E-06  5.0287E+08  5.6085E+10
  5.1649E+02  3.5789E-05  1.3325E-06  5.0610E+08  5.6836E+10
  5.2026E+02  3.5084E-05  1.3445E-06  5.0936E+08  5.7599E+10
  5.2405E+02  3.4393E-05  1.3565E-06  5.1264E+08  5.8372E+10
  5.2788E+02  3.3714E-05  1.3687E-06  5.1595E+08  5.9157E+10
  5.3173E+02  3.3048E-05  1.3810E-06  5.1929E+08  5.9954E+10
  5.3560E+02  3.2394E-05  1.3935E-06  5.2265E+08  6.0763E+10
  5.3951E+02  3.1753E-05  1.4061E-06  5.2604E+08  6.1583E+10
  5.4345E+02  3.1123E-05  1.4188E-06  5.2946E+08  6.2416E+10
  5.4741E+02  3.0505E-05  1.4316E-06  5.3290E+08  6.3261E+10
  5.5140E+02  2.9899E-05  1.4445E-06  5.3637E+08  6.4118E+10
  5.5542E+02  2.9304E-05  1.4576E-06  5.3987E+08  6.4988E+10
  5.5947E+02  2.8720E-05  1.4709E-06  5.4339E+08  6.5871E+10
  5.6355E+02  2.8148E-05  1.4842E-06  5.4695E+08  6.6767E+10
  5.6765E+02  2.7586E-05  1.4977E-06  5.5053E+08  6.7677E+10
  5.7179E+02  2.7035E-05  1.5114E-06  5.5414E+08  6.8600E+10
  5.7596E+02  2.6494E-05  1.5251E-06  5.5779E+08  6.9536E+10
  5.8016E+02  2.5964E-05  1.5390E-06  5.6145E+08  7.0486E+10
  5.8438E+02  2.5444E-05  1.5531E-06  5.6515E+08  7.1451E+10
  5.8864E+02  2.4934E-05  1.5673E-06  5.6888E+08  7.2430E+10
  5.9293E+02  2.4433E-05  1.5816E-06  5.7264E+08  7.3423E+10
  5.9725E+02  2.3942E-05  1.5961E-06  5.7643E+08  7.4431E+10
  6.0160E+02  2.3461E-05  1.6108E-06  5.8025E+08  7.5454E+10
  6.0598E+02  2.2989E-05  1.6255E-06  5.8410E+08  7.6491E+10
  6.1039E+02  2.2526E-05  1.6405E-06  5.8799E+08  7.7545E+10
  6.1484E+02  2.2072E-05  1.6556E-06  5.9190E+08  7.8614E+10
  6.1931E+02  2.1627E-05  1.6708E-06  5.9584E+08  7.9698E+10
  6.2382E+02  2.1191E-05  1.6862E-06  5.9982E+08  8.0799E+10
  6.2836E+02  2.0763E-05  1.7017E-06  6.0383E+08  8.1916E+10
  6.3294E+02  2.0343E-05  1.7174E-06  6.0787E+08  8.3050E+10
  6.3755E+02  1.9932E-05  1.7333E-06  6.1195E+08  8.4200E+10
  6.4219E+02  1.9528E-05  1.7493E-06  6.1606E+08  8.5368E+10
  6.4686E+02  1.9133E-05  1.7655E-06  6.2020E+08  8.6552E+10
  6.5157E+02  1.8745E-05  1.7819E-06  6.2437E+08  8.7754E+10
  6.5631E+02  1.8365E-05  1.7984E-06  6.2858E+08  8.8974E+10
  6.6108E+02  1.7993E-05  1.8150E-06  6.3283E+08  9.0212E+10
  6.6589E+02  1.7628E-05  1.8319E-06  6.3710E+08  9.1468E+10
  6.7074E+02  1.7270E-05  1.8489E-06  6.4142E+08  9.2743E+10
  6.7562E+02  1.6919E-05  1.8661E-06  6.4577E+08  9.4036E+10
  6.8053E+02  1.6575E-05  1.8835E-06  6.5015E+08  9.5349E+10
  6.8548E+02  1.6238E-05  1.9010E-06  6.5457E+08  9.6681E+10
  6.9047E+02  1.5908E-05  1.9187E-06  6.5903E+08  9.8032E+10
  6.9549E+02  1.5585E-05  1.9366E-06  6.6352E+08  9.9404E+10
  7.0055E+02  1.5268E-05  1.9547E-06  6.6805E+08  1.0080E+11
  7.0564E+02  1.4957E-05  1.9729E-06  6.7262E+08  1.0221E+11
  7.1077E+02  1.4652E-05  1.9913E-06  6.7722E+08  1.0364E+11
  7.1594E+02  1.4354E-05  2.0100E-06  6.8187E+08  1.0509E+11
  7.2114E+02  1.4061E-05  2.0288E-06  6.8655E+08  1.0657E+11
  7.2639E+02  1.3775E-05  2.0477E-06  6.9127E+08  1.0807E+11
  7.3167E+02  1.3494E-05  2.0669E-06  6.9603E+08  1.0959E+11
  7.3698E+02  1.3219E-05  2.0863E-06  7.0083E+08  1.1113E+11
  7.4234E+02  1.2949E-05  2.1058E-06  7.0566E+08  1.1269E+11
  7.4773E+02  1.2685E-05  2.1256E-06  7.1054E+08  1.1428E+11
  7.5317E+02  1.2427E-05  2.1455E-06  7.1546E+08  1.1589E+11
  7.5864E+02  1.2173E-05  2.1657E-06  7.2042E+08  1.1752E+11
  7.6415E+02  1.1925E-05  2.1860E-06  7.2542E+08  1.1918E+11
  7.6970E+02  1.1682E-05  2.2066E-06  7.3047E+08  1.2086E+11
  7.7530E+02  1.1444E-05  2.2273E-06  7.3555E+08  1.2256E+11
  7.8093E+02  1.1210E-05  2.2483E-06  7.4068E+08  1.2430E+11
  7.8660E+02  1.0982E-05  2.2694E-06  7.4585E+08  1.2605E+11
  7.9231E+02  1.0758E-05  2.2908E-06  7.5106E+08  1.2783E+11
  7.9807E+02  1.0538E-05  2.3123E-06  7.5632E+08  1.2964E+11
  8.0387E+02  1.0323E-05  2.3341E-06  7.6162E+08  1.3147E+11
  8.0970E+02  1.0113E-05  2.3561E-06  7.6696E+08  1.3333E+11
  8.1558E+02  9.9068E-06  2.3783E-06  7.7235E+08  1.3522E+11
  8.2151E+02  9.7049E-06  2.4008E-06  7.7779E+08  1.3714E+11
  8.2747E+02  9.5072E-06  2.4234E-06  7.8327E+08  1.3908E+11
  8.3348E+02  9.3135E-06  2.4463E-06  7.8879E+08  1.4105E+11
  8.3953E+02  9.1239E-06  2.4693E-06  7.9436E+08  1.4305E+11
  8.4562E+02  8.9381E-06  2.4927E-06  7.9998E+08  1.4508E+11
  8.5176E+02  8.7562E-06  2.5162E-06  8.0565E+08  1.4713E+11
  8.5795E+02  8.5781E-06  2.5399E-06  8.1136E+08  1.4922E+11
  8.6417E+02  8.4036E-06  2.5639E-06  8.1713E+08  1.5134E+11
  8.7044E+02  8.2327E-06  2.5882E-06  8.2294E+08  1.5349E+11
  8.7676E+02  8.0654E-06  2.6126E-06  8.2880E+08  1.5566E+11
  8.8312E+02  7.9016E-06  2.6373E-06  8.3471E+08  1.5787E+11
  8.8953E+02  7.7412E-06  2.6622E-06  8.4067E+08  1.6011E+11
  8.9599E+02  7.5841E-06  2.6874E-06  8.4668E+08  1.6239E+11
  9.0249E+02  7.4302E-06  2.7128E-06  8.5274E+08  1.6469E+11
  9.0904E+02  7.2796E-06  2.7384E-06  8.5885E+08  1.6703E+11
  9.1563E+02  7.1321E-06  2.7643E-06  8.6502E+08  1.6940E+11
  9.2227E+02  6.9876E-06  2.7904E-06  8.7123E+08  1.7181E+11
  9.2896E+02  6.8462E-06  2.8168E-06  8.7750E+08  1.7425E+11
  9.3570E+02  6.7077E-06  2.8434E-06  8.8382E+08  1.7672E+11
  9.4249E+02  6.5721E-06  2.8703E-06  8.9020E+08  1.7923E+11
  9.4933E+02  6.4394E-06  2.8974E-06  8.9663E+08  1.8178E+11
  9.5621E+02  6.3094E-06  2.9248E-06  9.0312E+08  1.8436E+11
  9.6315E+02  6.1821E-06  2.9525E-06  9.0966E+08  1.8698E+11
  9.7013E+02  6.0575E-06  2.9804E-06  9.1625E+08  1.8963E+11
  9.7717E+02  5.9355E-06  3.0085E-06  9.2291E+08  1.9232E+11
  9.8425E+02  5.8160E-06  3.0370E-06  9.2961E+08  1.9505E+11
  9.9139E+02  5.6991E-06  3.0656E-06  9.3638E+08  1.9782E+11
  9.9858E+02  5.5845E-06  3.0946E-06  9.4321E+08  2.0063E+11
  1.0058E+03  5.4724E-06  3.1238E-06  9.5009E+08  2.0348E+11
  1.0131E+03  5.3626E-06  3.1533E-06  9.5703E+08  2.0636E+11
  1.0205E+03  5.2552E-06  3.1831E-06  9.6403E+08  2.0929E+11
  1.0278E+03  5.1500E-06  3.2131E-06  9.7109E+08  2.1226E+11
  1.0353E+03  5.0469E-06  3.2434E-06  9.7821E+08  2.1527E+11
  1.0428E+03  4.9461E-06  3.2740E-06  9.8540E+08  2.1832E+11
  1.0504E+03  4.8473E-06  3.3049E-06  9.9264E+08  2.2141E+11
  1.0580E+03  4.7507E-06  3.3360E-06  9.9995E+08  2.2455E+11
  1.0656E+03  4.6560E-06  3.3675E-06  1.0073E+09  2.2773E+11
  1.0734E+03  4.5633E-06  3.3992E-06  1.0148E+09  2.3095E+11
  1.0811E+03  4.4726E-06  3.4312E-06  1.0223E+09  2.3422E+11
  1.0890E+03  4.3838E-06  3.4635E-06  1.0298E+09  2.3753E+11
  1.0969E+03  4.2968E-06  3.4961E-06  1.0374E+09  2.4089E+11
  1.1048E+03  4.2117E-06  3.5290E-06  1.0451E+09  2.4429E+11
  1.1128E+03  4.1283E-06  3.5621E-06  1.0529E+09  2.4775E+11
  1.1209E+03  4.0467E-06  3.5956E-06  1.0607E+09  2.5124E+11
  1.1290E+03  3.9668E-06  3.6294E-06  1.0686E+09  2.5479E+11
  1.1372E+03  3.8886E-06  3.6635E-06  1.0766E+09  2.5838E+11
  1.1454E+03  3.8120E-06  3.6978E-06  1.0846E+09  2.6203E+11
  1.1537E+03  3.7371E-06  3.7325E-06  1.0927E+09  2.6572E+11
  1.1621E+03  3.6636E-06  3.7675E-06  1.1009E+09  2.6946E+11
  1.1705E+03  3.5918E-06  3.8028E-06  1.1091E+09  2.7326E+11
  1.1790E+03  3.5214E-06  3.8384E-06  1.1174E+09  2.7710E+11
  1.1875E+03  3.4525E-06  3.8743E-06  1.1258E+09  2.8100E+11
  1.1961E+03  3.3851E-06  3.9106E-06  1.1343E+09  2.8495E+11
  1.2048E+03  3.3190E-06  3.9471E-06  1.1428E+09  2.8895E+11
  1.2135E+03  3.2544E-06  3.9840E-06  1.1514E+09  2.9301E+11
  1.2223E+03  3.1911E-06  4.0212E-06  1.1601E+09  2.9712E+11
  1.2311E+03  3.1291E-06  4.0587E-06  1.1689E+09  3.0129E+11
  1.2400E+03  3.0684E-06  4.0965E-06  1.1777E+09  3.0551E+11
  1.2490E+03  3.0090E-06  4.1347E-06  1.1866E+09  3.0978E+11
  1.2581E+03  2.9508E-06  4.1731E-06  1.1956E+09  3.1412E+11
  1.2672E+03  2.8938E-06  4.2120E-06  1.2047E+09  3.1851E+11
  1.2763E+03  2.8380E-06  4.2511E-06  1.2138E+09  3.2296E+11
  1.2856E+03  2.7834E-06  4.2906E-06  1.2230E+09  3.2747E+11
  1.2949E+03  2.7299E-06  4.3304E-06  1.2323E+09  3.3203E+11
  1.3043E+03  2.6776E-06  4.3705E-06  1.2417E+09  3.3666E+11
  1.3137E+03  2.6263E-06  4.4110E-06  1.2512E+09  3.4135E+11
  1.3232E+03  2.5761E-06  4.4519E-06  1.2608E+09  3.4610E+11
  1.3328E+03  2.5269E-06  4.4930E-06  1.2704E+09  3.5091E+11
  1.3424E+03  2.4788E-06  4.5346E-06  1.2801E+09  3.5578E+11
  1.3522E+03  2.4316E-06  4.5764E-06  1.2899E+09  3.6072E+11
  1.3619E+03  2.3854E-06  4.6186E-06  1.2998E+09  3.6572E+11
  1.3718E+03  2.3402E-06  4.6612E-06  1.3098E+09  3.7078E+11
  1.3817E+03  2.2960E-06  4.7041E-06  1.3199E+09  3.7592E+11
  1.3917E+03  2.2526E-06  4.7474E-06  1.3300E+09  3.8111E+11
  1.4018E+03  2.2101E-06  4.7910E-06  1.3403E+09  3.8638E+11
  1.4119E+03  2.1685E-06  4.8350E-06  1.3506E+09  3.9171E+11
  1.4222E+03  2.1278E-06  4.8793E-06  1.3610E+09  3.9711E+11
  1.4324E+03  2.0879E-06  4.9240E-06  1.3716E+09  4.0257E+11
  1.4428E+03  2.0489E-06  4.9691E-06  1.3822E+09  4.0811E+11
  1.4532E+03  2.0106E-06  5.0145E-06  1.3929E+09  4.1372E+11
  1.4638E+03  1.9731E-06  5.0603E-06  1.4037E+09  4.1940E+11
  1.4743E+03  1.9364E-06  5.1064E-06  1.4146E+09  4.2515E+11
  1.4850E+03  1.9005E-06  5.1530E-06  1.4256E+09  4.3097E+11
  1.4958E+03  1.8653E-06  5.1999E-06  1.4367E+09  4.3687E+11
  1.5066E+03  1.8308E-06  5.2471E-06  1.4479E+09  4.4284E+11
  1.5175E+03  1.7970E-06  5.2948E-06  1.4591E+09  4.4888E+11
  1.5284E+03  1.7639E-06  5.3428E-06  1.4705E+09  4.5500E+11
  1.5395E+03  1.7315E-06  5.3912E-06  1.4820E+09  4.6119E+11
  1.5506E+03  1.6997E-06  5.4400E-06  1.4936E+09  4.6747E+11
  1.5618E+03  1.6686E-06  5.4891E-06  1.5053E+09  4.7382E+11
  1.5731E+03  1.6381E-06  5.5387E-06  1.5171E+09  4.8024E+11
  1.5845E+03  1.6083E-06  5.5886E-06  1.5290E+09  4.8675E+11
  1.5960E+03  1.5790E-06  5.6389E-06  1.5410E+09  4.9334E+11
  1.6075E+03  1.5504E-06  5.6896E-06  1.5531E+09  5.0000E+11
  1.6191E+03  1.5223E-06  5.7407E-06  1.5654E+09  5.0675E+11
  1.6309E+03  1.4948E-06  5.7922E-06  1.5777E+09  5.1358E+11
  1.6426E+03  1.4678E-06  5.8440E-06  1.5901E+09  5.2050E+11
  1.6545E+03  1.4414E-06  5.8963E-06  1.6027E+09  5.2749E+11
  1.6665E+03  1.4156E-06  5.9490E-06  1.6154E+09  5.3457E+11
  1.6785E+03  1.3902E-06  6.0020E-06  1.6281E+09  5.4174E+11
  1.6907E+03  1.3654E-06  6.0555E-06  1.6410E+09  5.4899E+11
  1.7029E+03  1.3410E-06  6.1093E-06  1.6540E+09  5.5633E+11
  1.7152E+03  1.3172E-06  6.1636E-06  1.6672E+09  5.6376E+11
  1.7276E+03  1.2938E-06  6.2182E-06  1.6804E+09  5.7127E+11
  1.7401E+03  1.2709E-06  6.2733E-06  1.6938E+09  5.7887E+11
  1.7527E+03  1.2484E-06  6.3288E-06  1.7072E+09  5.8657E+11
  1.7653E+03  1.2264E-06  6.3846E-06  1.7208E+09  5.9435E+11
  1.7781E+03  1.2049E-06  6.4409E-06  1.7346E+09  6.0222E+11
  1.7909E+03  1.1837E-06  6.4976E-06  1.7484E+09  6.1019E+11
  1.8039E+03  1.1630E-06  6.5547E-06  1.7624E+09  6.1825E+11
  1.8169E+03  1.1427E-06  6.6122E-06  1.7765E+09  6.2641E+11
  1.8301E+03  1.1228E-06  6.6701E-06  1.7907E+09  6.3465E+11
  1.8433E+03  1.1033E-06  6.7285E-06  1.8050E+09  6.4299E+11
  1.8566E+03  1.0841E-06  6.7872E-06  1.8195E+09  6.5143E+11
  1.8700E+03  1.0654E-06  6.8464E-06  1.8341E+09  6.5997E+11
  1.8835E+03  1.0470E-06  6.9060E-06  1.8489E+09  6.6861E+11
  1.8972E+03  1.0290E-06  6.9660E-06  1.8637E+09  6.7734E+11
  1.9109E+03  1.0113E-06  7.0264E-06  1.8788E+09  6.8617E+11
  1.9247E+03  9.9399E-07  7.0872E-06  1.8939E+09  6.9510E+11
  1.9386E+03  9.7700E-07  7.1485E-06  1.9092E+09  7.0413E+11
  1.9526E+03  9.6035E-07  7.2102E-06  1.9246E+09  7.1327E+11
  1.9667E+03  9.4402E-07  7.2723E-06  1.9401E+09  7.2250E+11
  1.9809E+03  9.2801E-07  7.3349E-06  1.9558E+09  7.3184E+11
  1.9952E+03  9.1230E-07  7.3978E-06  1.9717E+09  7.4129E+11
  2.0096E+03  8.9690E-07  7.4612E-06  1.9877E+09  7.5084E+11
  2.0242E+03  8.8180E-07  7.5251E-06  2.0038E+09  7.6049E+11
  2.0388E+03  8.6699E-07  7.5893E-06  2.0201E+09  7.7025E+11
  2.0535E+03  8.5247E-07  7.6540E-06  2.0365E+09  7.8012E+11
  2.0683E+03  8.3822E-07  7.7191E-06  2.0530E+09  7.9009E+11
  2.0833E+03  8.2425E-07  7.7847E-06  2.0698E+09  8.0018E+11
  2.0983E+03  8.1054E-07  7.8507E-06  2.0866E+09  8.1038E+11
  2.1135E+03  7.9709E-07  7.9171E-06  2.1036E+09  8.2068E+11
  2.1288E+03  7.8391E-07  7.9839E-06  2.1208E+09  8.3110E+11
  2.1441E+03  7.7097E-07  8.0512E-06  2.1382E+09  8.4163E+11
  2.1596E+03  7.5828E-07  8.1190E-06  2.1556E+09  8.5227E+11
  2.1752E+03  7.4582E-07  8.1871E-06  2.1733E+09  8.6302E+11
  2.1909E+03  7.3361E-07  8.2557E-06  2.1911E+09  8.7389E+11
  2.2068E+03  7.2162E-07  8.3248E-06  2.2091E+09  8.8487E+11
  2.2227E+03  7.0986E-07  8.3943E-06  2.2272E+09  8.9597E+11
  2.2388E+03  6.9832E-07  8.4642E-06  2.2455E+09  9.0719E+11
  2.2549E+03  6.8699E-07  8.5345E-06  2.2640E+09  9.1853E+11
  2.2712E+03  6.7588E-07  8.6053E-06  2.2826E+09  9.2998E+11
  2.2876E+03  6.6498E-07  8.6766E-06  2.3014E+09  9.4155E+11
  2.3041E+03  6.5427E-07  8.7483E-06  2.3204E+09  9.5324E+11
  2.3208E+03  6.4377E-07  8.8204E-06  2.3395E+09  9.6506E+11
  2.3375E+03  6.3346E-07  8.8930E-06  2.3588E+09  9.7699E+11
  2.3544E+03  6.2334E-07  8.9660E-06  2.3783E+09  9.8905E+11
  2.3714E+03  6.1341E-07  9.0394E-06  2.3980E+09  1.0012E+12
  2.3885E+03  6.0366E-07  9.1133E-06  2.4179E+09  1.0135E+12
  2.4058E+03  5.9409E-07  9.1877E-06  2.4379E+09  1.0260E+12
  2.4232E+03  5.8470E-07  9.2625E-06  2.4581E+09  1.0385E+12
  2.4407E+03  5.7547E-07  9.3377E-06  2.4785E+09  1.0512E+12
  2.4583E+03  5.6642E-07  9.4134E-06  2.4991E+09  1.0640E+12
  2.4760E+03  5.5752E-07  9.4895E-06  2.5199E+09  1.0769E+12
  2.4939E+03  5.4879E-07  9.5661E-06  2.5409E+09  1.0900E+12
  2.5119E+03  5.4022E-07  9.6431E-06  2.5620E+09  1.1032E+12
  2.5300E+03  5.3180E-07  9.7206E-06  2.5834E+09  1.1165E+12
  2.5483E+03  5.2354E-07  9.7985E-06  2.6049E+09  1.1300E+12
  2.5667E+03  5.1542E-07  9.8769E-06  2.6267E+09  1.1435E+12
  2.5852E+03  5.0745E-07  9.9557E-06  2.6486E+09  1.1572E+12
  2.6039E+03  4.9962E-07  1.0035E-05  2.6708E+09  1.1711E+12
  2.6227E+03  4.9193E-07  1.0115E-05  2.6931E+09  1.1851E+12
  2.6416E+03  4.8437E-07  1.0195E-05  2.7157E+09  1.1992E+12
  2.6607E+03  4.7695E-07  1.0275E-05  2.7385E+09  1.2134E+12
  2.6799E+03  4.6966E-07  1.0356E-05  2.7614E+09  1.2278E+12
  2.6993E+03  4.6250E-07  1.0438E-05  2.7846E+09  1.2423E+12
  2.7187E+03  4.5546E-07  1.0520E-05  2.8080E+09  1.2570E+12
  2.7384E+03  4.4855E-07  1.0602E-05  2.8316E+09  1.2718E+12
  2.7581E+03  4.4176E-07  1.0685E-05  2.8555E+09  1.2867E+12
  2.7780E+03  4.3509E-07  1.0768E-05  2.8795E+09  1.3018E+12
  2.7981E+03  4.2853E-07  1.0852E-05  2.9038E+09  1.3170E+12
  2.8183E+03  4.2208E-07  1.0936E-05  2.9283E+09  1.3323E+12
  2.8386E+03  4.1575E-07  1.1021E-05  2.9530E+09  1.3478E+12
  2.8591E+03  4.0953E-07  1.1106E-05  2.9780E+09  1.3635E+12
  2.8798E+03  4.0341E-07  1.1191E-05  3.0032E+09  1.3792E+12
