  2.5000E-02  7.8055E+00  5.7787E-18  2.1988E+05  1.0000E+00
  7.5180E-02  7.8588E+00  2.8676E-15  3.2907E+05  1.0000E+00
  1.2572E-01  7.9710E+00  1.4198E-14  6.5798E+05  1.0000E+00
  1.7663E-01  8.1536E+00  3.3283E-14  9.3211E+05  1.0000E+00
  2.2790E-01  8.4281E+00  6.2013E-14  1.1624E+06  1.0000E+00
  2.7954E-01  8.8344E+00  1.0002E-13  1.3631E+06  1.0000E+00
  3.3155E-01  9.4557E+00  1.4417E-13  1.5439E+06  1.0000E+00
  3.8394E-01  1.0502E+01  1.8612E-13  1.7111E+06  1.0000E+00
  4.3670E-01  1.2848E+01  2.2066E-13  1.8687E+06  1.0000E+00
  4.8985E-01  1.6112E+01  2.8443E-11  2.0193E+06  1.0000E+00
  5.4337E-01  9.1898E+00  1.0760E-10  2.1646E+06  1.5889E+05
  5.9729E-01  7.4704E+00  1.5692E-10  2.3061E+06  2.9983E+05
  6.5159E-01  6.2422E+00  2.0430E-10  2.4446E+06  4.4875E+05
  7.0628E-01  5.3243E+00  2.5048E-10  2.5808E+06  6.0445E+05
  7.6136E-01  4.6082E+00  2.9618E-10  2.7153E+06  7.6758E+05
  8.1685E-01  4.0336E+00  3.4181E-10  2.8486E+06  9.3857E+05
  8.7273E-01  3.5629E+00  3.8758E-10  2.9809E+06  1.1177E+06
  9.2901E-01  3.1712E+00  4.3362E-10  3.1126E+06  1.3053E+06
  9.8570E-01  2.8411E+00  4.8003E-10  3.2439E+06  1.5013E+06
  1.0428E+00  2.5600E+00  5.2686E-10  3.3750E+06  1.7059E+06
  1.1003E+00  2.3184E+00  5.7414E-10  3.5061E+06  1.9192E+06
  1.1582E+00  2.1090E+00  6.2190E-10  3.6373E+06  2.1412E+06
  1.2166E+00  1.9264E+00  6.7017E-10  3.7688E+06  2.3720E+06
  1.2753E+00  1.7661E+00  7.1895E-10  3.9006E+06  2.6116E+06
  1.3345E+00  1.6246E+00  7.6826E-10  4.0329E+06  2.8600E+06
  1.3941E+00  1.4991E+00  8.1809E-10  4.1657E+06  3.1174E+06
  1.4542E+00  1.3872E+00  8.6846E-10  4.2992E+06  3.3837E+06
  1.5146E+00  1.2870E+00  9.1937E-10  4.4334E+06  3.6590E+06
  1.5755E+00  1.1970E+00  9.7083E-10  4.5683E+06  3.9433E+06
  1.6369E+00  1.1159E+00  1.0228E-09  4.7040E+06  4.2366E+06
  1.6987E+00  1.0424E+00  1.0754E-09  4.8407E+06  4.5391E+06
  1.7609E+00  9.7575E-01  1.1285E-09  4.9782E+06  4.8507E+06
  1.8236E+00  9.1507E-01  1.1821E-09  5.1167E+06  5.1716E+06
  1.8867E+00  8.5969E-01  1.2363E-09  5.2562E+06  5.5017E+06
  1.9503E+00  8.0900E-01  1.2911E-09  5.3968E+06  5.8411E+06
  2.0143E+00  7.6251E-01  1.3464E-09  5.5384E+06  6.1900E+06
  2.0788E+00  7.1976E-01  1.4022E-09  5.6812E+06  6.5482E+06
  2.1438E+00  6.8037E-01  1.4587E-09  5.8251E+06  6.9159E+06
  2.2092E+00  6.4400E-01  1.5157E-09  5.9702E+06  7.2933E+06
  2.2751E+00  6.1036E-01  1.5733E-09  6.1165E+06  7.6803E+06
  2.3415E+00  5.7919E-01  1.6314E-09  6.2640E+06  8.0769E+06
  2.4084E+00  5.5024E-01  1.6901E-09  6.4128E+06  8.4834E+06
  2.4757E+00  5.2333E-01  1.7494E-09  6.5629E+06  8.8997E+06
  2.5435E+00  4.9826E-01  1.8093E-09  6.7142E+06  9.3260E+06
  2.6119E+00  4.7487E-01  1.8697E-09  6.8669E+06  9.7623E+06
  2.6807E+00  4.5303E-01  1.9308E-09  7.0210E+06  1.0209E+07
  2.7500E+00  4.3259E-01  1.9924E-09  7.1764E+06  1.0665E+07
  2.8198E+00  4.1345E-01  2.0547E-09  7.3332E+06  1.1132E+07
  2.8901E+00  3.9550E-01  2.1175E-09  7.4915E+06  1.1609E+07
  2.9609E+00  3.7864E-01  2.1810E-09  7.6511E+06  1.2097E+07
  3.0322E+00  3.6279E-01  2.2450E-09  7.8122E+06  1.2595E+07
  3.1040E+00  3.4787E-01  2.3097E-09  7.9748E+06  1.3104E+07
  3.1764E+00  3.3381E-01  2.3750E-09  8.1388E+06  1.3624E+07
  3.2492E+00  3.2055E-01  2.4409E-09  8.3043E+06  1.4155E+07
  3.3226E+00  3.0802E-01  2.5075E-09  8.4713E+06  1.4696E+07
  3.3966E+00  2.9619E-01  2.5747E-09  8.6399E+06  1.5249E+07
  3.4710E+00  2.8499E-01  2.6426E-09  8.8099E+06  1.5813E+07
  3.5460E+00  2.7439E-01  2.7111E-09  8.9815E+06  1.6388E+07
  3.6215E+00  2.6434E-01  2.7803E-09  9.1547E+06  1.6974E+07
  3.6976E+00  2.5480E-01  2.8501E-09  9.3295E+06  1.7572E+07
  3.7742E+00  2.4575E-01  2.9207E-09  9.5058E+06  1.8182E+07
  3.8514E+00  2.3715E-01  2.9919E-09  9.6837E+06  1.8803E+07
  3.9291E+00  2.2897E-01  3.0638E-09  9.8633E+06  1.9437E+07
  4.0074E+00  2.2119E-01  3.1363E-09  1.0044E+07  2.0082E+07
  4.0863E+00  2.1378E-01  3.2096E-09  1.0227E+07  2.0740E+07
  4.1657E+00  2.0672E-01  3.2836E-09  1.0412E+07  2.1410E+07
  4.2457E+00  1.9998E-01  3.3584E-09  1.0598E+07  2.2092E+07
  4.3263E+00  1.9355E-01  3.4338E-09  1.0785E+07  2.2787E+07
  4.4074E+00  1.8741E-01  3.5100E-09  1.0975E+07  2.3495E+07
  4.4891E+00  1.8154E-01  3.5869E-09  1.1166E+07  2.4215E+07
  4.5715E+00  1.7593E-01  3.6646E-09  1.1359E+07  2.4949E+07
  4.6544E+00  1.7057E-01  3.7430E-09  1.1553E+07  2.5695E+07
  4.7379E+00  1.6543E-01  3.8223E-09  1.1749E+07  2.6455E+07
  4.8220E+00  1.6051E-01  3.9022E-09  1.1947E+07  2.7229E+07
  4.9067E+00  1.5579E-01  3.9830E-09  1.2147E+07  2.8015E+07
  4.9921E+00  1.5126E-01  4.0646E-09  1.2348E+07  2.8816E+07
  5.0780E+00  1.4692E-01  4.1470E-09  1.2551E+07  2.9631E+07
  5.1646E+00  1.4276E-01  4.2301E-09  1.2756E+07  3.0460E+07
  5.2517E+00  1.3875E-01  4.3142E-09  1.2962E+07  3.1303E+07
  5.3396E+00  1.3491E-01  4.3990E-09  1.3171E+07  3.2160E+07
  5.4280E+00  1.3121E-01  4.4847E-09  1.3381E+07  3.3032E+07
  5.5171E+00  1.2765E-01  4.5712E-09  1.3592E+07  3.3919E+07
  5.6068E+00  1.2423E-01  4.6586E-09  1.3806E+07  3.4821E+07
  5.6972E+00  1.2094E-01  4.7469E-09  1.4021E+07  3.5738E+07
  5.7882E+00  1.1776E-01  4.8361E-09  1.4238E+07  3.6670E+07
  5.8799E+00  1.1470E-01  4.9262E-09  1.4457E+07  3.7618E+07
  5.9722E+00  1.1175E-01  5.0171E-09  1.4678E+07  3.8581E+07
  6.0652E+00  1.0891E-01  5.1090E-09  1.4900E+07  3.9561E+07
  6.1589E+00  1.0617E-01  5.2018E-09  1.5124E+07  4.0556E+07
  6.2532E+00  1.0352E-01  5.2956E-09  1.5351E+07  4.1568E+07
  6.3482E+00  1.0096E-01  5.3903E-09  1.5578E+07  4.2596E+07
  6.4439E+00  9.8493E-02  5.4859E-09  1.5808E+07  4.3641E+07
  6.5403E+00  9.6107E-02  5.5825E-09  1.6039E+07  4.4703E+07
  6.6374E+00  9.3800E-02  5.6802E-09  1.6273E+07  4.5782E+07
  6.7352E+00  9.1569E-02  5.7788E-09  1.6508E+07  4.6878E+07
  6.8337E+00  8.9411E-02  5.8784E-09  1.6745E+07  4.7991E+07
  6.9329E+00  8.7323E-02  5.9790E-09  1.6983E+07  4.9123E+07
  7.0328E+00  8.5302E-02  6.0807E-09  1.7224E+07  5.0273E+07
  7.1335E+00  8.3344E-02  6.1834E-09  1.7466E+07  5.1440E+07
  7.2348E+00  8.1448E-02  6.2872E-09  1.7710E+07  5.2626E+07
  7.3369E+00  7.9611E-02  6.3920E-09  1.7956E+07  5.3831E+07
  7.4398E+00  7.7831E-02  6.4979E-09  1.8204E+07  5.5055E+07
  7.5433E+00  7.6104E-02  6.6049E-09  1.8453E+07  5.6298E+07
  7.6476E+00  7.4430E-02  6.7131E-09  1.8705E+07  5.7561E+07
  7.7527E+00  7.2806E-02  6.8223E-09  1.8958E+07  5.8843E+07
  7.8585E+00  7.1229E-02  6.9327E-09  1.9213E+07  6.0144E+07
  7.9651E+00  6.9699E-02  7.0442E-09  1.9469E+07  6.1467E+07
  8.0724E+00  6.8214E-02  7.1569E-09  1.9728E+07  6.2809E+07
  8.1806E+00  6.6771E-02  7.2708E-09  1.9989E+07  6.4172E+07
  8.2895E+00  6.5369E-02  7.3858E-09  2.0251E+07  6.5556E+07
  8.3991E+00  6.4007E-02  7.5021E-09  2.0515E+07  6.6962E+07
  8.5096E+00  6.2683E-02  7.6196E-09  2.0781E+07  6.8389E+07
  8.6209E+00  6.1396E-02  7.7383E-09  2.1048E+07  6.9838E+07
  8.7330E+00  6.0144E-02  7.8583E-09  2.1318E+07  7.1308E+07
  8.8458E+00  5.8926E-02  7.9795E-09  2.1589E+07  7.2801E+07
  8.9595E+00  5.7742E-02  8.1020E-09  2.1862E+07  7.4317E+07
  9.0740E+00  5.6589E-02  8.2258E-09  2.2137E+07  7.5856E+07
  9.1894E+00  5.5466E-02  8.3509E-09  2.2413E+07  7.7418E+07
  9.3055E+00  5.4374E-02  8.4774E-09  2.2692E+07  7.9003E+07
  9.4225E+00  5.3309E-02  8.6052E-09  2.2972E+07  8.0613E+07
  9.5404E+00  5.2273E-02  8.7343E-09  2.3254E+07  8.2246E+07
  9.6591E+00  5.1263E-02  8.8648E-09  2.3537E+07  8.3904E+07
  9.7786E+00  5.0279E-02  8.9967E-09  2.3823E+07  8.5587E+07
  9.8990E+00  4.9320E-02  9.1300E-09  2.4110E+07  8.7295E+07
  1.0020E+01  4.8384E-02  9.2647E-09  2.4399E+07  8.9028E+07
  1.0142E+01  4.7472E-02  9.4009E-09  2.4689E+07  9.0787E+07
  1.0265E+01  4.6583E-02  9.5385E-09  2.4982E+07  9.2572E+07
  1.0389E+01  4.5716E-02  9.6776E-09  2.5276E+07  9.4384E+07
  1.0514E+01  4.4869E-02  9.8182E-09  2.5572E+07  9.6223E+07
  1.0640E+01  4.4043E-02  9.9603E-09  2.5870E+07  9.8089E+07
  1.0766E+01  4.3237E-02  1.0104E-08  2.6169E+07  9.9982E+07
  1.0894E+01  4.2450E-02  1.0249E-08  2.6470E+07  1.0190E+08
  1.1022E+01  4.1681E-02  1.0396E-08  2.6773E+07  1.0385E+08
  1.1152E+01  4.0931E-02  1.0544E-08  2.7077E+07  1.0583E+08
  1.1282E+01  4.0198E-02  1.0694E-08  2.7383E+07  1.0784E+08
  1.1413E+01  3.9482E-02  1.0846E-08  2.7691E+07  1.0987E+08
  1.1546E+01  3.8782E-02  1.0999E-08  2.8000E+07  1.1194E+08
  1.1679E+01  3.8098E-02  1.1154E-08  2.8312E+07  1.1404E+08
  1.1813E+01  3.7430E-02  1.1310E-08  2.8624E+07  1.1616E+08
  1.1948E+01  3.6777E-02  1.1468E-08  2.8939E+07  1.1832E+08
  1.2084E+01  3.6138E-02  1.1628E-08  2.9255E+07  1.2051E+08
  1.2221E+01  3.5513E-02  1.1790E-08  2.9573E+07  1.2273E+08
  1.2359E+01  3.4902E-02  1.1953E-08  2.9892E+07  1.2499E+08
  1.2498E+01  3.4305E-02  1.2118E-08  3.0213E+07  1.2727E+08
  1.2638E+01  3.3720E-02  1.2285E-08  3.0536E+07  1.2959E+08
  1.2779E+01  3.3148E-02  1.2454E-08  3.0860E+07  1.3194E+08
  1.2921E+01  3.2588E-02  1.2625E-08  3.1186E+07  1.3433E+08
  1.3064E+01  3.2041E-02  1.2797E-08  3.1513E+07  1.3675E+08
  1.3208E+01  3.1504E-02  1.2972E-08  3.1842E+07  1.3921E+08
  1.3353E+01  3.0979E-02  1.3148E-08  3.2173E+07  1.4170E+08
  1.3499E+01  3.0465E-02  1.3326E-08  3.2505E+07  1.4423E+08
  1.3646E+01  2.9962E-02  1.3506E-08  3.2839E+07  1.4679E+08
  1.3795E+01  2.9469E-02  1.3688E-08  3.3174E+07  1.4939E+08
  1.3944E+01  2.8986E-02  1.3872E-08  3.3511E+07  1.5203E+08
  1.4094E+01  2.8513E-02  1.4059E-08  3.3849E+07  1.5471E+08
  1.4246E+01  2.8049E-02  1.4247E-08  3.4189E+07  1.5742E+08
  1.4398E+01  2.7595E-02  1.4437E-08  3.4530E+07  1.6017E+08
  1.4552E+01  2.7150E-02  1.4629E-08  3.4873E+07  1.6296E+08
  1.4707E+01  2.6714E-02  1.4824E-08  3.5217E+07  1.6580E+08
  1.4863E+01  2.6286E-02  1.5020E-08  3.5563E+07  1.6867E+08
  1.5020E+01  2.5867E-02  1.5219E-08  3.5910E+07  1.7158E+08
  1.5178E+01  2.5456E-02  1.5420E-08  3.6259E+07  1.7454E+08
  1.5337E+01  2.5053E-02  1.5623E-08  3.6609E+07  1.7753E+08
  1.5497E+01  2.4657E-02  1.5829E-08  3.6961E+07  1.8057E+08
  1.5659E+01  2.4270E-02  1.6036E-08  3.7314E+07  1.8365E+08
  1.5822E+01  2.3889E-02  1.6246E-08  3.7668E+07  1.8678E+08
  1.5986E+01  2.3516E-02  1.6458E-08  3.8024E+07  1.8995E+08
  1.6151E+01  2.3150E-02  1.6673E-08  3.8381E+07  1.9317E+08
  1.6317E+01  2.2791E-02  1.6890E-08  3.8740E+07  1.9643E+08
  1.6485E+01  2.2439E-02  1.7109E-08  3.9100E+07  1.9973E+08
  1.6653E+01  2.2093E-02  1.7331E-08  3.9462E+07  2.0309E+08
  1.6823E+01  2.1754E-02  1.7555E-08  3.9824E+07  2.0649E+08
  1.6994E+01  2.1420E-02  1.7782E-08  4.0189E+07  2.0994E+08
  1.7167E+01  2.1093E-02  1.8011E-08  4.0554E+07  2.1343E+08
  1.7340E+01  2.0772E-02  1.8243E-08  4.0921E+07  2.1698E+08
  1.7515E+01  2.0457E-02  1.8477E-08  4.1289E+07  2.2058E+08
  1.7691E+01  2.0147E-02  1.8714E-08  4.1659E+07  2.2422E+08
  1.7869E+01  1.9843E-02  1.8953E-08  4.2030E+07  2.2792E+08
  1.8047E+01  1.9545E-02  1.9196E-08  4.2402E+07  2.3167E+08
  1.8227E+01  1.9251E-02  1.9440E-08  4.2776E+07  2.3548E+08
  1.8408E+01  1.8963E-02  1.9688E-08  4.3150E+07  2.3933E+08
  1.8591E+01  1.8680E-02  1.9938E-08  4.3527E+07  2.4324E+08
  1.8775E+01  1.8402E-02  2.0191E-08  4.3904E+07  2.4721E+08
  1.8960E+01  1.8129E-02  2.0447E-08  4.4283E+07  2.5123E+08
  1.9147E+01  1.7861E-02  2.0706E-08  4.4663E+07  2.5530E+08
  1.9334E+01  1.7597E-02  2.0968E-08  4.5044E+07  2.5944E+08
  1.9524E+01  1.7338E-02  2.1232E-08  4.5426E+07  2.6363E+08
  1.9714E+01  1.7083E-02  2.1499E-08  4.5810E+07  2.6788E+08
  1.9906E+01  1.6833E-02  2.1770E-08  4.6195E+07  2.7219E+08
  2.0099E+01  1.6587E-02  2.2043E-08  4.6581E+07  2.7656E+08
  2.0294E+01  1.6345E-02  2.2320E-08  4.6969E+07  2.8099E+08
  2.0490E+01  1.6107E-02  2.2599E-08  4.7357E+07  2.8548E+08
  2.0688E+01  1.5873E-02  2.2882E-08  4.7747E+07  2.9003E+08
  2.0887E+01  1.5643E-02  2.3167E-08  4.8138E+07  2.9465E+08
  2.1087E+01  1.5417E-02  2.3456E-08  4.8530E+07  2.9933E+08
  2.1289E+01  1.5195E-02  2.3748E-08  4.8924E+07  3.0408E+08
  2.1492E+01  1.4976E-02  2.4044E-08  4.9319E+07  3.0889E+08
  2.1697E+01  1.4761E-02  2.4342E-08  4.9714E+07  3.1377E+08
  2.1903E+01  1.4549E-02  2.4644E-08  5.0111E+07  3.1872E+08
  2.2111E+01  1.4341E-02  2.4950E-08  5.0510E+07  3.2373E+08
  2.2320E+01  1.4137E-02  2.5258E-08  5.0909E+07  3.2882E+08
  2.2531E+01  1.3935E-02  2.5570E-08  5.1310E+07  3.3397E+08
  2.2743E+01  1.3737E-02  2.5886E-08  5.1711E+07  3.3920E+08
  2.2957E+01  1.3542E-02  2.6205E-08  5.2114E+07  3.4449E+08
  2.3172E+01  1.3351E-02  2.6528E-08  5.2518E+07  3.4987E+08
  2.3389E+01  1.3162E-02  2.6854E-08  5.2923E+07  3.5531E+08
  2.3607E+01  1.2977E-02  2.7184E-08  5.3329E+07  3.6083E+08
  2.3827E+01  1.2794E-02  2.7517E-08  5.3737E+07  3.6643E+08
  2.4049E+01  1.2614E-02  2.7854E-08  5.4146E+07  3.7211E+08
  2.4272E+01  1.2437E-02  2.8195E-08  5.4555E+07  3.7786E+08
  2.4497E+01  1.2263E-02  2.8540E-08  5.4966E+07  3.8369E+08
  2.4723E+01  1.2092E-02  2.8889E-08  5.5378E+07  3.8960E+08
  2.4951E+01  1.1923E-02  2.9241E-08  5.5791E+07  3.9560E+08
  2.5181E+01  1.1757E-02  2.9598E-08  5.6205E+07  4.0167E+08
  2.5412E+01  1.1594E-02  2.9958E-08  5.6621E+07  4.0783E+08
  2.5645E+01  1.1433E-02  3.0322E-08  5.7037E+07  4.1408E+08
  2.5880E+01  1.1274E-02  3.0690E-08  5.7455E+07  4.2041E+08
  2.6116E+01  1.1118E-02  3.1063E-08  5.7874E+07  4.2683E+08
  2.6354E+01  1.0965E-02  3.1439E-08  5.8293E+07  4.3333E+08
  2.6594E+01  1.0814E-02  3.1820E-08  5.8714E+07  4.3992E+08
  2.6835E+01  1.0665E-02  3.2205E-08  5.9137E+07  4.4661E+08
  2.7078E+01  1.0518E-02  3.2594E-08  5.9560E+07  4.5339E+08
  2.7323E+01  1.0374E-02  3.2988E-08  5.9984E+07  4.6025E+08
  2.7570E+01  1.0232E-02  3.3386E-08  6.0410E+07  4.6722E+08
  2.7819E+01  1.0092E-02  3.3788E-08  6.0836E+07  4.7428E+08
  2.8069E+01  9.9542E-03  3.4195E-08  6.1264E+07  4.8143E+08
  2.8321E+01  9.8185E-03  3.4606E-08  6.1693E+07  4.8868E+08
  2.8575E+01  9.6849E-03  3.5022E-08  6.2123E+07  4.9603E+08
  2.8831E+01  9.5533E-03  3.5442E-08  6.2554E+07  5.0349E+08
  2.9088E+01  9.4237E-03  3.5867E-08  6.2986E+07  5.1104E+08
  2.9348E+01  9.2960E-03  3.6297E-08  6.3419E+07  5.1869E+08
  2.9609E+01  9.1704E-03  3.6732E-08  6.3854E+07  5.2646E+08
  2.9872E+01  9.0466E-03  3.7171E-08  6.4289E+07  5.3432E+08
  3.0137E+01  8.9248E-03  3.7615E-08  6.4726E+07  5.4230E+08
  3.0404E+01  8.8048E-03  3.8064E-08  6.5164E+07  5.5038E+08
  3.0673E+01  8.6867E-03  3.8518E-08  6.5603E+07  5.5857E+08
  3.0944E+01  8.5705E-03  3.8977E-08  6.6043E+07  5.6688E+08
  3.1217E+01  8.4564E-03  3.9441E-08  6.6484E+07  5.7501E+08
  3.1492E+01  8.3438E-03  3.9911E-08  6.6927E+07  5.8322E+08
  3.1768E+01  8.2328E-03  4.0386E-08  6.7370E+07  5.9153E+08
  3.2047E+01  8.1234E-03  4.0866E-08  6.7815E+07  5.9996E+08
  3.2328E+01  8.0154E-03  4.1352E-08  6.8261E+07  6.0850E+08
  3.2611E+01  7.9090E-03  4.1844E-08  6.8708E+07  6.1716E+08
  3.2895E+01  7.8040E-03  4.2341E-08  6.9156E+07  6.2594E+08
  3.3182E+01  7.7004E-03  4.2844E-08  6.9606E+07  6.3484E+08
  3.3471E+01  7.5983E-03  4.3352E-08  7.0056E+07  6.4386E+08
  3.3762E+01  7.4975E-03  4.3867E-08  7.0508E+07  6.5300E+08
  3.4055E+01  7.3981E-03  4.4388E-08  7.0961E+07  6.6227E+08
  3.4350E+01  7.3001E-03  4.4914E-08  7.1415E+07  6.7166E+08
  3.4648E+01  7.2035E-03  4.5447E-08  7.1871E+07  6.8118E+08
  3.4947E+01  7.1081E-03  4.5985E-08  7.2327E+07  6.9083E+08
  3.5249E+01  7.0141E-03  4.6530E-08  7.2785E+07  7.0061E+08
  3.5553E+01  6.9213E-03  4.7081E-08  7.3244E+07  7.1052E+08
  3.5859E+01  6.8298E-03  4.7638E-08  7.3705E+07  7.2057E+08
  3.6167E+01  6.7395E-03  4.8202E-08  7.4166E+07  7.3075E+08
  3.6477E+01  6.6505E-03  4.8772E-08  7.4629E+07  7.4107E+08
  3.6790E+01  6.5626E-03  4.9349E-08  7.5093E+07  7.5153E+08
  3.7105E+01  6.4760E-03  4.9932E-08  7.5559E+07  7.6214E+08
  3.7422E+01  6.3905E-03  5.0521E-08  7.6025E+07  7.7288E+08
  3.7741E+01  6.3062E-03  5.1118E-08  7.6493E+07  7.8377E+08
  3.8063E+01  6.2230E-03  5.1721E-08  7.6962E+07  7.9481E+08
  3.8387E+01  6.1409E-03  5.2331E-08  7.7433E+07  8.0600E+08
  3.8713E+01  6.0600E-03  5.2948E-08  7.7905E+07  8.1733E+08
  3.9042E+01  5.9801E-03  5.3572E-08  7.8378E+07  8.2882E+08
  3.9373E+01  5.9013E-03  5.4202E-08  7.8852E+07  8.4047E+08
  3.9707E+01  5.8236E-03  5.4840E-08  7.9328E+07  8.5227E+08
  4.0043E+01  5.7469E-03  5.5485E-08  7.9805E+07  8.6423E+08
  4.0381E+01  5.6712E-03  5.6138E-08  8.0284E+07  8.7635E+08
  4.0722E+01  5.5966E-03  5.6797E-08  8.0764E+07  8.8863E+08
  4.1065E+01  5.5229E-03  5.7464E-08  8.1245E+07  9.0107E+08
  4.1411E+01  5.4503E-03  5.8139E-08  8.1728E+07  9.1369E+08
  4.1759E+01  5.3786E-03  5.8821E-08  8.2212E+07  9.2647E+08
  4.2109E+01  5.3078E-03  5.9510E-08  8.2697E+07  9.3942E+08
  4.2463E+01  5.2381E-03  6.0207E-08  8.3184E+07  9.5255E+08
  4.2818E+01  5.1692E-03  6.0912E-08  8.3672E+07  9.6585E+08
  4.3177E+01  5.1013E-03  6.1625E-08  8.4162E+07  9.7932E+08
  4.3538E+01  5.0343E-03  6.2345E-08  8.4653E+07  9.9298E+08
  4.3901E+01  4.9681E-03  6.3074E-08  8.5146E+07  1.0068E+09
  4.4267E+01  4.9029E-03  6.3811E-08  8.5640E+07  1.0208E+09
  4.4636E+01  4.8385E-03  6.4555E-08  8.6136E+07  1.0351E+09
  4.5007E+01  4.7750E-03  6.5308E-08  8.6633E+07  1.0494E+09
  4.5381E+01  4.7123E-03  6.6069E-08  8.7132E+07  1.0640E+09
  4.5758E+01  4.6504E-03  6.6839E-08  8.7632E+07  1.0788E+09
  4.6137E+01  4.5894E-03  6.7617E-08  8.8134E+07  1.0938E+09
  4.6520E+01  4.5292E-03  6.8403E-08  8.8637E+07  1.1090E+09
  4.6905E+01  4.4698E-03  6.9198E-08  8.9142E+07  1.1243E+09
  4.7292E+01  4.4112E-03  7.0001E-08  8.9649E+07  1.1399E+09
  4.7683E+01  4.3533E-03  7.0814E-08  9.0157E+07  1.1557E+09
  4.8076E+01  4.2962E-03  7.1635E-08  9.0667E+07  1.1717E+09
  4.8472E+01  4.2399E-03  7.2465E-08  9.1178E+07  1.1879E+09
  4.8871E+01  4.1843E-03  7.3303E-08  9.1691E+07  1.2043E+09
  4.9273E+01  4.1295E-03  7.4151E-08  9.2206E+07  1.2209E+09
  4.9678E+01  4.0753E-03  7.5008E-08  9.2722E+07  1.2378E+09
  5.0086E+01  4.0219E-03  7.5875E-08  9.3241E+07  1.2548E+09
  5.0496E+01  3.9692E-03  7.6750E-08  9.3760E+07  1.2721E+09
  5.0910E+01  3.9172E-03  7.7635E-08  9.4282E+07  1.2896E+09
  5.1326E+01  3.8659E-03  7.8529E-08  9.4805E+07  1.3074E+09
  5.1746E+01  3.8153E-03  7.9433E-08  9.5330E+07  1.3254E+09
  5.2168E+01  3.7653E-03  8.0346E-08  9.5857E+07  1.3436E+09
  5.2594E+01  3.7160E-03  8.1269E-08  9.6386E+07  1.3620E+09
  5.3023E+01  3.6673E-03  8.2202E-08  9.6916E+07  1.3807E+09
  5.3454E+01  3.6193E-03  8.3144E-08  9.7448E+07  1.3996E+09
  5.3889E+01  3.5719E-03  8.4097E-08  9.7982E+07  1.4188E+09
  5.4327E+01  3.5251E-03  8.5059E-08  9.8518E+07  1.4382E+09
  5.4769E+01  3.4790E-03  8.6032E-08  9.9056E+07  1.4579E+09
  5.5213E+01  3.4334E-03  8.7014E-08  9.9595E+07  1.4778E+09
  5.5660E+01  3.3885E-03  8.8007E-08  1.0014E+08  1.4979E+09
  5.6111E+01  3.3441E-03  8.9010E-08  1.0068E+08  1.5184E+09
  5.6565E+01  3.3004E-03  9.0024E-08  1.0123E+08  1.5391E+09
  5.7022E+01  3.2572E-03  9.1048E-08  1.0177E+08  1.5600E+09
  5.7483E+01  3.2145E-03  9.2082E-08  1.0232E+08  1.5813E+09
  5.7947E+01  3.1725E-03  9.3127E-08  1.0287E+08  1.6028E+09
  5.8414E+01  3.1309E-03  9.4183E-08  1.0343E+08  1.6245E+09
  5.8885E+01  3.0900E-03  9.5249E-08  1.0398E+08  1.6466E+09
  5.9359E+01  3.0495E-03  9.6327E-08  1.0454E+08  1.6689E+09
  5.9836E+01  3.0096E-03  9.7415E-08  1.0510E+08  1.6915E+09
  6.0317E+01  2.9702E-03  9.8514E-08  1.0566E+08  1.7144E+09
  6.0801E+01  2.9314E-03  9.9625E-08  1.0623E+08  1.7376E+09
  6.1289E+01  2.8930E-03  1.0075E-07  1.0679E+08  1.7611E+09
  6.1780E+01  2.8552E-03  1.0188E-07  1.0736E+08  1.7849E+09
  6.2275E+01  2.8178E-03  1.0302E-07  1.0793E+08  1.8089E+09
  6.2773E+01  2.7809E-03  1.0418E-07  1.0850E+08  1.8333E+09
  6.3275E+01  2.7445E-03  1.0535E-07  1.0908E+08  1.8580E+09
  6.3781E+01  2.7086E-03  1.0652E-07  1.0965E+08  1.8830E+09
  6.4290E+01  2.6732E-03  1.0771E-07  1.1023E+08  1.9083E+09
  6.4803E+01  2.6382E-03  1.0892E-07  1.1081E+08  1.9339E+09
  6.5320E+01  2.6036E-03  1.1013E-07  1.1140E+08  1.9598E+09
  6.5840E+01  2.5696E-03  1.1135E-07  1.1198E+08  1.9861E+09
  6.6364E+01  2.5359E-03  1.1259E-07  1.1257E+08  2.0127E+09
  6.6892E+01  2.5027E-03  1.1384E-07  1.1316E+08  2.0396E+09
  6.7423E+01  2.4700E-03  1.1510E-07  1.1375E+08  2.0668E+09
  6.7959E+01  2.4376E-03  1.1638E-07  1.1435E+08  2.0944E+09
  6.8498E+01  2.4057E-03  1.1766E-07  1.1495E+08  2.1223E+09
  6.9041E+01  2.3742E-03  1.1896E-07  1.1555E+08  2.1506E+09
  6.9588E+01  2.3431E-03  1.2027E-07  1.1615E+08  2.1792E+09
  7.0139E+01  2.3125E-03  1.2159E-07  1.1676E+08  2.2081E+09
  7.0694E+01  2.2822E-03  1.2293E-07  1.1736E+08  2.2374E+09
  7.1253E+01  2.2523E-03  1.2427E-07  1.1797E+08  2.2671E+09
  7.1816E+01  2.2228E-03  1.2563E-07  1.1859E+08  2.2971E+09
  7.2384E+01  2.1937E-03  1.2701E-07  1.1920E+08  2.3275E+09
  7.2955E+01  2.1649E-03  1.2839E-07  1.1982E+08  2.3582E+09
  7.3530E+01  2.1366E-03  1.2979E-07  1.2044E+08  2.3893E+09
  7.4109E+01  2.1086E-03  1.3120E-07  1.2106E+08  2.4208E+09
  7.4693E+01  2.0809E-03  1.3263E-07  1.2169E+08  2.4527E+09
  7.5281E+01  2.0537E-03  1.3406E-07  1.2232E+08  2.4849E+09
  7.5873E+01  2.0267E-03  1.3551E-07  1.2295E+08  2.5176E+09
  7.6469E+01  2.0002E-03  1.3698E-07  1.2358E+08  2.5506E+09
  7.7070E+01  1.9739E-03  1.3845E-07  1.2422E+08  2.5840E+09
  7.7675E+01  1.9480E-03  1.3994E-07  1.2486E+08  2.6178E+09
  7.8284E+01  1.9225E-03  1.4144E-07  1.2550E+08  2.6520E+09
  7.8897E+01  1.8973E-03  1.4296E-07  1.2615E+08  2.6866E+09
  7.9516E+01  1.8724E-03  1.4449E-07  1.2680E+08  2.7217E+09
  8.0138E+01  1.8478E-03  1.4603E-07  1.2745E+08  2.7571E+09
  8.0765E+01  1.8235E-03  1.4759E-07  1.2810E+08  2.7929E+09
  8.1397E+01  1.7996E-03  1.4916E-07  1.2876E+08  2.8292E+09
  8.2033E+01  1.7759E-03  1.5074E-07  1.2942E+08  2.8659E+09
  8.2673E+01  1.7526E-03  1.5234E-07  1.3008E+08  2.9030E+09
  8.3318E+01  1.7296E-03  1.5395E-07  1.3075E+08  2.9406E+09
  8.3968E+01  1.7068E-03  1.5558E-07  1.3142E+08  2.9786E+09
  8.4623E+01  1.6844E-03  1.5721E-07  1.3209E+08  3.0170E+09
  8.5282E+01  1.6622E-03  1.5887E-07  1.3276E+08  3.0558E+09
  8.5946E+01  1.6404E-03  1.6053E-07  1.3344E+08  3.0951E+09
  8.6615E+01  1.6188E-03  1.6221E-07  1.3412E+08  3.1349E+09
  8.7289E+01  1.5975E-03  1.6391E-07  1.3481E+08  3.1751E+09
  8.7967E+01  1.5764E-03  1.6562E-07  1.3550E+08  3.2158E+09
  8.8651E+01  1.5557E-03  1.6734E-07  1.3619E+08  3.2569E+09
  8.9339E+01  1.5352E-03  1.6908E-07  1.3688E+08  3.2986E+09
  9.0032E+01  1.5149E-03  1.7083E-07  1.3758E+08  3.3406E+09
  9.0730E+01  1.4950E-03  1.7259E-07  1.3828E+08  3.3832E+09
  9.1434E+01  1.4752E-03  1.7437E-07  1.3899E+08  3.4262E+09
  9.2142E+01  1.4558E-03  1.7617E-07  1.3969E+08  3.4698E+09
  9.2855E+01  1.4365E-03  1.7797E-07  1.4041E+08  3.5138E+09
  9.3574E+01  1.4176E-03  1.7980E-07  1.4112E+08  3.5583E+09
  9.4298E+01  1.3988E-03  1.8163E-07  1.4184E+08  3.6033E+09
  9.5027E+01  1.3803E-03  1.8349E-07  1.4256E+08  3.6488E+09
  9.5761E+01  1.3621E-03  1.8535E-07  1.4329E+08  3.6948E+09
  9.6500E+01  1.3441E-03  1.8723E-07  1.4402E+08  3.7413E+09
  9.7245E+01  1.3263E-03  1.8913E-07  1.4475E+08  3.7884E+09
  9.7995E+01  1.3087E-03  1.9104E-07  1.4548E+08  3.8359E+09
  9.8751E+01  1.2914E-03  1.9296E-07  1.4622E+08  3.8840E+09
  9.9512E+01  1.2742E-03  1.9490E-07  1.4697E+08  3.9326E+09
  1.0028E+02  1.2573E-03  1.9686E-07  1.4771E+08  3.9818E+09
  1.0105E+02  1.2406E-03  1.9883E-07  1.4847E+08  4.0315E+09
  1.0183E+02  1.2241E-03  2.0081E-07  1.4922E+08  4.0818E+09
  1.0261E+02  1.2079E-03  2.0281E-07  1.4998E+08  4.1325E+09
  1.0340E+02  1.1918E-03  2.0482E-07  1.5074E+08  4.1839E+09
  1.0419E+02  1.1759E-03  2.0685E-07  1.5151E+08  4.2358E+09
  1.0499E+02  1.1603E-03  2.0890E-07  1.5228E+08  4.2883E+09
  1.0580E+02  1.1448E-03  2.1096E-07  1.5305E+08  4.3413E+09
  1.0661E+02  1.1296E-03  2.1303E-07  1.5383E+08  4.3950E+09
  1.0743E+02  1.1145E-03  2.1512E-07  1.5462E+08  4.4492E+09
  1.0825E+02  1.0996E-03  2.1723E-07  1.5540E+08  4.5040E+09
  1.0908E+02  1.0849E-03  2.1935E-07  1.5619E+08  4.5594E+09
  1.0992E+02  1.0704E-03  2.2148E-07  1.5699E+08  4.6154E+09
  1.1076E+02  1.0561E-03  2.2364E-07  1.5779E+08  4.6720E+09
  1.1161E+02  1.0419E-03  2.2580E-07  1.5859E+08  4.7292E+09
  1.1246E+02  1.0279E-03  2.2799E-07  1.5940E+08  4.7870E+09
  1.1332E+02  1.0141E-03  2.3018E-07  1.6021E+08  4.8454E+09
  1.1419E+02  1.0005E-03  2.3240E-07  1.6103E+08  4.9045E+09
  1.1506E+02  9.8708E-04  2.3463E-07  1.6185E+08  4.9642E+09
  1.1594E+02  9.7380E-04  2.3687E-07  1.6267E+08  5.0246E+09
  1.1682E+02  9.6068E-04  2.3913E-07  1.6350E+08  5.0855E+09
  1.1771E+02  9.4773E-04  2.4141E-07  1.6433E+08  5.1472E+09
  1.1861E+02  9.3495E-04  2.4370E-07  1.6517E+08  5.2095E+09
  1.1951E+02  9.2232E-04  2.4601E-07  1.6602E+08  5.2725E+09
  1.2042E+02  9.0985E-04  2.4833E-07  1.6686E+08  5.3361E+09
  1.2134E+02  8.9754E-04  2.5068E-07  1.6772E+08  5.4005E+09
  1.2227E+02  8.8538E-04  2.5303E-07  1.6857E+08  5.4655E+09
  1.2320E+02  8.7337E-04  2.5541E-07  1.6943E+08  5.5312E+09
  1.2413E+02  8.6152E-04  2.5780E-07  1.7030E+08  5.5976E+09
  1.2508E+02  8.4981E-04  2.6020E-07  1.7117E+08  5.6647E+09
  1.2603E+02  8.3825E-04  2.6262E-07  1.7205E+08  5.7325E+09
  1.2698E+02  8.2683E-04  2.6506E-07  1.7293E+08  5.8011E+09
  1.2795E+02  8.1555E-04  2.6752E-07  1.7382E+08  5.8704E+09
  1.2892E+02  8.0442E-04  2.6999E-07  1.7471E+08  5.9404E+09
  1.2990E+02  7.9342E-04  2.7248E-07  1.7560E+08  6.0112E+09
  1.3088E+02  7.8256E-04  2.7499E-07  1.7650E+08  6.0827E+09
  1.3188E+02  7.7184E-04  2.7751E-07  1.7741E+08  6.1550E+09
  1.3288E+02  7.6125E-04  2.8005E-07  1.7832E+08  6.2281E+09
  1.3388E+02  7.5079E-04  2.8261E-07  1.7924E+08  6.3020E+09
  1.3490E+02  7.4046E-04  2.8518E-07  1.8016E+08  6.3766E+09
  1.3592E+02  7.3026E-04  2.8777E-07  1.8108E+08  6.4520E+09
  1.3695E+02  7.2019E-04  2.9038E-07  1.8202E+08  6.5283E+09
  1.3798E+02  7.1024E-04  2.9301E-07  1.8295E+08  6.6053E+09
  1.3903E+02  7.0042E-04  2.9566E-07  1.8390E+08  6.6832E+09
  1.4008E+02  6.9072E-04  2.9832E-07  1.8485E+08  6.7620E+09
  1.4113E+02  6.8114E-04  3.0100E-07  1.8580E+08  6.8415E+09
  1.4220E+02  6.7168E-04  3.0370E-07  1.8676E+08  6.9220E+09
  1.4327E+02  6.6233E-04  3.0641E-07  1.8772E+08  7.0033E+09
  1.4436E+02  6.5310E-04  3.0915E-07  1.8869E+08  7.0854E+09
  1.4545E+02  6.4399E-04  3.1190E-07  1.8967E+08  7.1685E+09
  1.4654E+02  6.3499E-04  3.1467E-07  1.9065E+08  7.2524E+09
  1.4765E+02  6.2610E-04  3.1747E-07  1.9164E+08  7.3373E+09
  1.4876E+02  6.1733E-04  3.2028E-07  1.9263E+08  7.4231E+09
  1.4988E+02  6.0866E-04  3.2310E-07  1.9363E+08  7.5098E+09
  1.5101E+02  6.0010E-04  3.2595E-07  1.9464E+08  7.5974E+09
  1.5215E+02  5.9165E-04  3.2882E-07  1.9565E+08  7.6860E+09
  1.5329E+02  5.8330E-04  3.3171E-07  1.9667E+08  7.7756E+09
  1.5445E+02  5.7506E-04  3.3461E-07  1.9769E+08  7.8661E+09
  1.5561E+02  5.6692E-04  3.3754E-07  1.9872E+08  7.9577E+09
  1.5678E+02  5.5888E-04  3.4048E-07  1.9976E+08  8.0502E+09
  1.5796E+02  5.5094E-04  3.4345E-07  2.0080E+08  8.1438E+09
  1.5915E+02  5.4310E-04  3.4644E-07  2.0185E+08  8.2383E+09
  1.6034E+02  5.3536E-04  3.4944E-07  2.0290E+08  8.3340E+09
  1.6155E+02  5.2771E-04  3.5247E-07  2.0397E+08  8.4306E+09
  1.6276E+02  5.2016E-04  3.5552E-07  2.0503E+08  8.5284E+09
  1.6398E+02  5.1271E-04  3.5859E-07  2.0611E+08  8.6272E+09
  1.6521E+02  5.0535E-04  3.6168E-07  2.0719E+08  8.7272E+09
  1.6645E+02  4.9808E-04  3.6479E-07  2.0828E+08  8.8282E+09
  1.6770E+02  4.9090E-04  3.6792E-07  2.0937E+08  8.9304E+09
  1.6896E+02  4.8381E-04  3.7108E-07  2.1047E+08  9.0336E+09
  1.7022E+02  4.7681E-04  3.7426E-07  2.1158E+08  9.1381E+09
  1.7150E+02  4.6990E-04  3.7746E-07  2.1269E+08  9.2437E+09
  1.7278E+02  4.6308E-04  3.8068E-07  2.1382E+08  9.3506E+09
  1.7408E+02  4.5634E-04  3.8392E-07  2.1494E+08  9.4586E+09
  1.7538E+02  4.4968E-04  3.8719E-07  2.1608E+08  9.5678E+09
  1.7669E+02  4.4311E-04  3.9048E-07  2.1722E+08  9.6783E+09
  1.7802E+02  4.3663E-04  3.9380E-07  2.1837E+08  9.7901E+09
  1.7935E+02  4.3022E-04  3.9713E-07  2.1953E+08  9.9031E+09
  1.8069E+02  4.2390E-04  4.0050E-07  2.2069E+08  1.0017E+10
  1.8204E+02  4.1766E-04  4.0388E-07  2.2187E+08  1.0133E+10
  1.8340E+02  4.1150E-04  4.0729E-07  2.2304E+08  1.0250E+10
  1.8477E+02  4.0541E-04  4.1073E-07  2.2423E+08  1.0368E+10
  1.8615E+02  3.9940E-04  4.1419E-07  2.2543E+08  1.0488E+10
  1.8754E+02  3.9347E-04  4.1767E-07  2.2663E+08  1.0609E+10
  1.8894E+02  3.8762E-04  4.2118E-07  2.2784E+08  1.0731E+10
  1.9035E+02  3.8184E-04  4.2472E-07  2.2905E+08  1.0855E+10
  1.9177E+02  3.7613E-04  4.2828E-07  2.3028E+08  1.0980E+10
  1.9320E+02  3.7050E-04  4.3187E-07  2.3151E+08  1.1107E+10
  1.9465E+02  3.6494E-04  4.3549E-07  2.3275E+08  1.1235E+10
  1.9610E+02  3.5945E-04  4.3913E-07  2.3400E+08  1.1365E+10
  1.9756E+02  3.5403E-04  4.4280E-07  2.3526E+08  1.1496E+10
  1.9903E+02  3.4868E-04  4.4650E-07  2.3652E+08  1.1629E+10
  2.0051E+02  3.4341E-04  4.5022E-07  2.3780E+08  1.1764E+10
  2.0201E+02  3.3819E-04  4.5398E-07  2.3908E+08  1.1900E+10
  2.0351E+02  3.3305E-04  4.5776E-07  2.4037E+08  1.2037E+10
  2.0503E+02  3.2798E-04  4.6157E-07  2.4166E+08  1.2176E+10
  2.0655E+02  3.2297E-04  4.6541E-07  2.4297E+08  1.2317E+10
  2.0809E+02  3.1802E-04  4.6928E-07  2.4429E+08  1.2460E+10
  2.0964E+02  3.1314E-04  4.7318E-07  2.4561E+08  1.2604E+10
  2.1120E+02  3.0833E-04  4.7711E-07  2.4694E+08  1.2750E+10
  2.1277E+02  3.0358E-04  4.8107E-07  2.4828E+08  1.2898E+10
  2.1435E+02  2.9889E-04  4.8506E-07  2.4963E+08  1.3048E+10
  2.1595E+02  2.9426E-04  4.8908E-07  2.5099E+08  1.3199E+10
  2.1755E+02  2.8969E-04  4.9313E-07  2.5236E+08  1.3352E+10
  2.1917E+02  2.8519E-04  4.9722E-07  2.5374E+08  1.3508E+10
  2.2079E+02  2.8074E-04  5.0134E-07  2.5513E+08  1.3665E+10
  2.2243E+02  2.7635E-04  5.0549E-07  2.5652E+08  1.3824E+10
  2.2409E+02  2.7203E-04  5.0967E-07  2.5793E+08  1.3984E+10
  2.2575E+02  2.6776E-04  5.1389E-07  2.5934E+08  1.4147E+10
  2.2742E+02  2.6354E-04  5.1814E-07  2.6076E+08  1.4312E+10
  2.2911E+02  2.5939E-04  5.2243E-07  2.6220E+08  1.4479E+10
  2.3081E+02  2.5529E-04  5.2675E-07  2.6364E+08  1.4648E+10
  2.3252E+02  2.5124E-04  5.3110E-07  2.6509E+08  1.4820E+10
  2.3425E+02  2.4725E-04  5.3549E-07  2.6656E+08  1.4993E+10
  2.3598E+02  2.4332E-04  5.3992E-07  2.6803E+08  1.5168E+10
  2.3773E+02  2.3943E-04  5.4438E-07  2.6951E+08  1.5346E+10
  2.3949E+02  2.3561E-04  5.4888E-07  2.7101E+08  1.5526E+10
  2.4127E+02  2.3183E-04  5.5342E-07  2.7251E+08  1.5708E+10
  2.4306E+02  2.2810E-04  5.5800E-07  2.7402E+08  1.5893E+10
  2.4486E+02  2.2443E-04  5.6261E-07  2.7554E+08  1.6079E+10
  2.4667E+02  2.2081E-04  5.6726E-07  2.7708E+08  1.6269E+10
  2.4850E+02  2.1723E-04  5.7196E-07  2.7862E+08  1.6460E+10
  2.5033E+02  2.1371E-04  5.7669E-07  2.8018E+08  1.6654E+10
  2.5219E+02  2.1024E-04  5.8146E-07  2.8174E+08  1.6851E+10
  2.5405E+02  2.0681E-04  5.8627E-07  2.8332E+08  1.7050E+10
  2.5593E+02  2.0343E-04  5.9112E-07  2.8491E+08  1.7252E+10
  2.5782E+02  2.0010E-04  5.9602E-07  2.8651E+08  1.7456E+10
  2.5973E+02  1.9682E-04  6.0095E-07  2.8812E+08  1.7663E+10
  2.6165E+02  1.9358E-04  6.0593E-07  2.8974E+08  1.7872E+10
  2.6358E+02  1.9039E-04  6.1095E-07  2.9137E+08  1.8085E+10
  2.6553E+02  1.8724E-04  6.1602E-07  2.9301E+08  1.8300E+10
  2.6749E+02  1.8414E-04  6.2113E-07  2.9467E+08  1.8517E+10
  2.6947E+02  1.8109E-04  6.2628E-07  2.9633E+08  1.8738E+10
  2.7146E+02  1.7807E-04  6.3148E-07  2.9801E+08  1.8962E+10
  2.7347E+02  1.7510E-04  6.3672E-07  2.9970E+08  1.9188E+10
  2.7548E+02  1.7217E-04  6.4201E-07  3.0140E+08  1.9418E+10
  2.7752E+02  1.6929E-04  6.4735E-07  3.0312E+08  1.9650E+10
  2.7957E+02  1.6645E-04  6.5274E-07  3.0484E+08  1.9886E+10
  2.8163E+02  1.6364E-04  6.5817E-07  3.0658E+08  2.0125E+10
  2.8371E+02  1.6088E-04  6.6365E-07  3.0833E+08  2.0366E+10
  2.8580E+02  1.5816E-04  6.6918E-07  3.1009E+08  2.0612E+10
  2.8791E+02  1.5548E-04  6.7476E-07  3.1187E+08  2.0860E+10
  2.9003E+02  1.5284E-04  6.8038E-07  3.1366E+08  2.1112E+10
  2.9217E+02  1.5024E-04  6.8606E-07  3.1546E+08  2.1367E+10
  2.9432E+02  1.4767E-04  6.9179E-07  3.1727E+08  2.1625E+10
  2.9649E+02  1.4515E-04  6.9758E-07  3.1910E+08  2.1887E+10
  2.9868E+02  1.4266E-04  7.0341E-07  3.2094E+08  2.2153E+10
  3.0088E+02  1.4021E-04  7.0930E-07  3.2279E+08  2.2422E+10
  3.0309E+02  1.3779E-04  7.1524E-07  3.2465E+08  2.2694E+10
  3.0532E+02  1.3541E-04  7.2124E-07  3.2653E+08  2.2971E+10
  3.0757E+02  1.3307E-04  7.2729E-07  3.2843E+08  2.3251E+10
  3.0984E+02  1.3076E-04  7.3340E-07  3.3033E+08  2.3535E+10
  3.1212E+02  1.2849E-04  7.3956E-07  3.3225E+08  2.3823E+10
  3.1442E+02  1.2625E-04  7.4578E-07  3.3419E+08  2.4114E+10
  3.1673E+02  1.2405E-04  7.5206E-07  3.3613E+08  2.4410E+10
  3.1906E+02  1.2188E-04  7.5839E-07  3.3810E+08  2.4710E+10
  3.2141E+02  1.1974E-04  7.6478E-07  3.4007E+08  2.5014E+10
  3.2377E+02  1.1764E-04  7.7124E-07  3.4206E+08  2.5322E+10
  3.2615E+02  1.1557E-04  7.7775E-07  3.4407E+08  2.5634E+10
  3.2855E+02  1.1353E-04  7.8433E-07  3.4609E+08  2.5950E+10
  3.3097E+02  1.1152E-04  7.9096E-07  3.4812E+08  2.6271E+10
  3.3340E+02  1.0955E-04  7.9766E-07  3.5017E+08  2.6596E+10
  3.3585E+02  1.0760E-04  8.0442E-07  3.5224E+08  2.6926E+10
  3.3832E+02  1.0569E-04  8.1125E-07  3.5432E+08  2.7261E+10
  3.4080E+02  1.0380E-04  8.1814E-07  3.5641E+08  2.7600E+10
  3.4331E+02  1.0195E-04  8.2509E-07  3.5852E+08  2.7943E+10
  3.4583E+02  1.0012E-04  8.3211E-07  3.6065E+08  2.8292E+10
  3.4837E+02  9.8325E-05  8.3920E-07  3.6279E+08  2.8645E+10
  3.5093E+02  9.6557E-05  8.4636E-07  3.6495E+08  2.9004E+10
  3.5350E+02  9.4818E-05  8.5358E-07  3.6712E+08  2.9367E+10
  3.5610E+02  9.3106E-05  8.6087E-07  3.6931E+08  2.9735E+10
  3.5871E+02  9.1422E-05  8.6823E-07  3.7152E+08  3.0109E+10
  3.6135E+02  8.9765E-05  8.7566E-07  3.7374E+08  3.0488E+10
  3.6400E+02  8.8134E-05  8.8317E-07  3.7598E+08  3.0872E+10
  3.6667E+02  8.6530E-05  8.9074E-07  3.7823E+08  3.1261E+10
  3.6936E+02  8.4952E-05  8.9839E-07  3.8051E+08  3.1656E+10
  3.7207E+02  8.3400E-05  9.0611E-07  3.8280E+08  3.2057E+10
  3.7480E+02  8.1874E-05  9.1391E-07  3.8510E+08  3.2463E+10
  3.7755E+02  8.0372E-05  9.2178E-07  3.8743E+08  3.2875E+10
  3.8031E+02  7.8895E-05  9.2973E-07  3.8977E+08  3.3292E+10
  3.8310E+02  7.7443E-05  9.3775E-07  3.9213E+08  3.3716E+10
  3.8591E+02  7.6014E-05  9.4586E-07  3.9450E+08  3.4146E+10
  3.8874E+02  7.4609E-05  9.5404E-07  3.9690E+08  3.4582E+10
  3.9159E+02  7.3228E-05  9.6230E-07  3.9931E+08  3.5024E+10
  3.9446E+02  7.1870E-05  9.7064E-07  4.0174E+08  3.5472E+10
  3.9735E+02  7.0534E-05  9.7906E-07  4.0419E+08  3.5927E+10
  4.0026E+02  6.9221E-05  9.8757E-07  4.0666E+08  3.6388E+10
  4.0319E+02  6.7930E-05  9.9616E-07  4.0914E+08  3.6855E+10
  4.0614E+02  6.6661E-05  1.0048E-06  4.1165E+08  3.7330E+10
  4.0912E+02  6.5413E-05  1.0136E-06  4.1417E+08  3.7811E+10
  4.1211E+02  6.4187E-05  1.0224E-06  4.1672E+08  3.8299E+10
  4.1513E+02  6.2982E-05  1.0314E-06  4.1928E+08  3.8794E+10
  4.1817E+02  6.1797E-05  1.0404E-06  4.2186E+08  3.9296E+10
  4.2123E+02  6.0632E-05  1.0495E-06  4.2447E+08  3.9806E+10
  4.2431E+02  5.9487E-05  1.0587E-06  4.2709E+08  4.0322E+10
  4.2742E+02  5.8363E-05  1.0680E-06  4.2973E+08  4.0847E+10
  4.3054E+02  5.7257E-05  1.0773E-06  4.3239E+08  4.1378E+10
  4.3369E+02  5.6171E-05  1.0868E-06  4.3508E+08  4.1918E+10
  4.3687E+02  5.5104E-05  1.0964E-06  4.3778E+08  4.2465E+10
  4.4006E+02  5.4055E-05  1.1060E-06  4.4050E+08  4.3020E+10
  4.4328E+02  5.3024E-05  1.1158E-06  4.4325E+08  4.3583E+10
  4.4652E+02  5.2012E-05  1.1256E-06  4.4602E+08  4.4154E+10
  4.4979E+02  5.1017E-05  1.1356E-06  4.4880E+08  4.4733E+10
  4.5308E+02  5.0040E-05  1.1456E-06  4.5161E+08  4.5321E+10
  4.5639E+02  4.9080E-05  1.1558E-06  4.5444E+08  4.5917E+10
  4.5972E+02  4.8138E-05  1.1660E-06  4.5730E+08  4.6522E+10
  4.6308E+02  4.7212E-05  1.1764E-06  4.6017E+08  4.7136E+10
  4.6647E+02  4.6302E-05  1.1868E-06  4.6307E+08  4.7759E+10
  4.6988E+02  4.5409E-05  1.1974E-06  4.6599E+08  4.8390E+10
  4.7331E+02  4.4531E-05  1.2080E-06  4.6893E+08  4.9031E+10
  4.7677E+02  4.3670E-05  1.2188E-06  4.7190E+08  4.9681E+10
  4.8025E+02  4.2823E-05  1.2297E-06  4.7489E+08  5.0341E+10
  4.8376E+02  4.1993E-05  1.2407E-06  4.7790E+08  5.1010E+10
  4.8729E+02  4.1177E-05  1.2517E-06  4.8094E+08  5.1689E+10
  4.9085E+02  4.0376E-05  1.2629E-06  4.8400E+08  5.2378E+10
  4.9443E+02  3.9589E-05  1.2743E-06  4.8708E+08  5.3077E+10
  4.9804E+02  3.8817E-05  1.2857E-06  4.9019E+08  5.3786E+10
  5.0168E+02  3.8059E-05  1.2972E-06  4.9332E+08  5.4505E+10
  5.0534E+02  3.7314E-05  1.3089E-06  4.9648E+08  5.5235E+10
  5.0903E+02  3.6584E-05  1.3206E-06  4.9966E+08  5.5975E+10
  5.1275E+02  3.5867E-05  1.3325E-06  5.0287E+08  5.6727E+10
  5.1649E+02  3.5163E-05  1.3445E-06  5.0610E+08  5.7489E+10
  5.2026E+02  3.4472E-05  1.3567E-06  5.0936E+08  5.8263E+10
  5.2405E+02  3.3794E-05  1.3689E-06  5.1264E+08  5.9048E+10
  5.2788E+02  3.3128E-05  1.3813E-06  5.1595E+08  5.9844E+10
  5.3173E+02  3.2475E-05  1.3938E-06  5.1929E+08  6.0652E+10
  5.3560E+02  3.1834E-05  1.4064E-06  5.2265E+08  6.1471E+10
  5.3951E+02  3.1205E-05  1.4191E-06  5.2604E+08  6.2303E+10
  5.4345E+02  3.0587E-05  1.4320E-06  5.2946E+08  6.3147E+10
  5.4741E+02  2.9982E-05  1.4450E-06  5.3290E+08  6.4003E+10
  5.5140E+02  2.9387E-05  1.4581E-06  5.3637E+08  6.4872E+10
  5.5542E+02  2.8804E-05  1.4714E-06  5.3987E+08  6.5753E+10
  5.5947E+02  2.8232E-05  1.4848E-06  5.4339E+08  6.6648E+10
  5.6355E+02  2.7671E-05  1.4983E-06  5.4695E+08  6.7556E+10
  5.6765E+02  2.7120E-05  1.5120E-06  5.5053E+08  6.8476E+10
  5.7179E+02  2.6580E-05  1.5258E-06  5.5414E+08  6.9411E+10
  5.7596E+02  2.6050E-05  1.5397E-06  5.5779E+08  7.0359E+10
  5.8016E+02  2.5530E-05  1.5538E-06  5.6145E+08  7.1321E+10
  5.8438E+02  2.5020E-05  1.5680E-06  5.6515E+08  7.2297E+10
  5.8864E+02  2.4520E-05  1.5824E-06  5.6888E+08  7.3287E+10
  5.9293E+02  2.4030E-05  1.5969E-06  5.7264E+08  7.4292E+10
  5.9725E+02  2.3549E-05  1.6115E-06  5.7643E+08  7.5311E+10
  6.0160E+02  2.3077E-05  1.6263E-06  5.8025E+08  7.6346E+10
  6.0598E+02  2.2614E-05  1.6412E-06  5.8410E+08  7.7396E+10
  6.1039E+02  2.2160E-05  1.6563E-06  5.8799E+08  7.8461E+10
  6.1484E+02  2.1716E-05  1.6716E-06  5.9190E+08  7.9541E+10
  6.1931E+02  2.1279E-05  1.6870E-06  5.9584E+08  8.0638E+10
  6.2382E+02  2.0851E-05  1.7025E-06  5.9982E+08  8.1751E+10
  6.2836E+02  2.0432E-05  1.7182E-06  6.0383E+08  8.2880E+10
  6.3294E+02  2.0020E-05  1.7340E-06  6.0787E+08  8.4025E+10
  6.3755E+02  1.9617E-05  1.7501E-06  6.1195E+08  8.5187E+10
  6.4219E+02  1.9222E-05  1.7662E-06  6.1606E+08  8.6367E+10
  6.4686E+02  1.8834E-05  1.7826E-06  6.2020E+08  8.7563E+10
  6.5157E+02  1.8454E-05  1.7990E-06  6.2437E+08  8.8777E+10
  6.5631E+02  1.8082E-05  1.8157E-06  6.2858E+08  9.0009E+10
  6.6108E+02  1.7716E-05  1.8325E-06  6.3283E+08  9.1259E+10
  6.6589E+02  1.7358E-05  1.8495E-06  6.3710E+08  9.2527E+10
  6.7074E+02  1.7007E-05  1.8667E-06  6.4142E+08  9.3813E+10
  6.7562E+02  1.6664E-05  1.8840E-06  6.4577E+08  9.5119E+10
  6.8053E+02  1.6326E-05  1.9015E-06  6.5015E+08  9.6444E+10
  6.8548E+02  1.5996E-05  1.9191E-06  6.5457E+08  9.7787E+10
  6.9047E+02  1.5672E-05  1.9370E-06  6.5903E+08  9.9151E+10
  6.9549E+02  1.5355E-05  1.9550E-06  6.6352E+08  1.0053E+11
  7.0055E+02  1.5043E-05  1.9732E-06  6.6805E+08  1.0194E+11
  7.0564E+02  1.4739E-05  1.9916E-06  6.7262E+08  1.0336E+11
  7.1077E+02  1.4440E-05  2.0101E-06  6.7722E+08  1.0481E+11
  7.1594E+02  1.4147E-05  2.0288E-06  6.8187E+08  1.0627E+11
  7.2114E+02  1.3860E-05  2.0478E-06  6.8655E+08  1.0776E+11
  7.2639E+02  1.3579E-05  2.0669E-06  6.9127E+08  1.0927E+11
  7.3167E+02  1.3303E-05  2.0862E-06  6.9603E+08  1.1080E+11
  7.3698E+02  1.3033E-05  2.1056E-06  7.0083E+08  1.1235E+11
  7.4234E+02  1.2769E-05  2.1253E-06  7.0566E+08  1.1393E+11
  7.4773E+02  1.2510E-05  2.1452E-06  7.1054E+08  1.1553E+11
  7.5317E+02  1.2256E-05  2.1652E-06  7.1546E+08  1.1715E+11
  7.5864E+02  1.2007E-05  2.1855E-06  7.2042E+08  1.1879E+11
  7.6415E+02  1.1763E-05  2.2059E-06  7.2542E+08  1.2046E+11
  7.6970E+02  1.1524E-05  2.2266E-06  7.3047E+08  1.2216E+11
  7.7530E+02  1.1291E-05  2.2474E-06  7.3555E+08  1.2387E+11
  7.8093E+02  1.1061E-05  2.2685E-06  7.4068E+08  1.2562E+11
  7.8660E+02  1.0837E-05  2.2897E-06  7.4585E+08  1.2738E+11
  7.9231E+02  1.0617E-05  2.3112E-06  7.5106E+08  1.2918E+11
  7.9807E+02  1.0401E-05  2.3328E-06  7.5632E+08  1.3100E+11
  8.0387E+02  1.0190E-05  2.3547E-06  7.6162E+08  1.3284E+11
  8.0970E+02  9.9835E-06  2.3768E-06  7.6696E+08  1.3471E+11
  8.1558E+02  9.7809E-06  2.3991E-06  7.7235E+08  1.3661E+11
  8.2151E+02  9.5825E-06  2.4216E-06  7.7779E+08  1.3854E+11
  8.2747E+02  9.3882E-06  2.4443E-06  7.8327E+08  1.4049E+11
  8.3348E+02  9.1978E-06  2.4673E-06  7.8879E+08  1.4247E+11
  8.3953E+02  9.0114E-06  2.4904E-06  7.9436E+08  1.4449E+11
  8.4562E+02  8.8288E-06  2.5138E-06  7.9998E+08  1.4652E+11
  8.5176E+02  8.6499E-06  2.5374E-06  8.0565E+08  1.4859E+11
  8.5795E+02  8.4748E-06  2.5613E-06  8.1136E+08  1.5069E+11
  8.6417E+02  8.3032E-06  2.5853E-06  8.1713E+08  1.5282E+11
  8.7044E+02  8.1352E-06  2.6096E-06  8.2294E+08  1.5498E+11
  8.7676E+02  7.9706E-06  2.6341E-06  8.2880E+08  1.5717E+11
  8.8312E+02  7.8094E-06  2.6589E-06  8.3471E+08  1.5939E+11
  8.8953E+02  7.6516E-06  2.6839E-06  8.4067E+08  1.6164E+11
  8.9599E+02  7.4970E-06  2.7091E-06  8.4668E+08  1.6392E+11
  9.0249E+02  7.3456E-06  2.7346E-06  8.5274E+08  1.6624E+11
  9.0904E+02  7.1974E-06  2.7603E-06  8.5885E+08  1.6859E+11
  9.1563E+02  7.0522E-06  2.7862E-06  8.6502E+08  1.7097E+11
  9.2227E+02  6.9100E-06  2.8124E-06  8.7123E+08  1.7339E+11
  9.2896E+02  6.7708E-06  2.8388E-06  8.7750E+08  1.7584E+11
  9.3570E+02  6.6345E-06  2.8655E-06  8.8382E+08  1.7832E+11
  9.4249E+02  6.5010E-06  2.8924E-06  8.9020E+08  1.8084E+11
  9.4933E+02  6.3702E-06  2.9196E-06  8.9663E+08  1.8340E+11
  9.5621E+02  6.2422E-06  2.9470E-06  9.0312E+08  1.8599E+11
  9.6315E+02  6.1168E-06  2.9747E-06  9.0966E+08  1.8862E+11
  9.7013E+02  5.9941E-06  3.0027E-06  9.1625E+08  1.9128E+11
  9.7717E+02  5.8739E-06  3.0309E-06  9.2291E+08  1.9399E+11
  9.8425E+02  5.7562E-06  3.0593E-06  9.2961E+08  1.9673E+11
  9.9139E+02  5.6409E-06  3.0880E-06  9.3638E+08  1.9951E+11
  9.9858E+02  5.5280E-06  3.1170E-06  9.4321E+08  2.0232E+11
  1.0058E+03  5.4175E-06  3.1463E-06  9.5009E+08  2.0518E+11
  1.0131E+03  5.3093E-06  3.1758E-06  9.5703E+08  2.0808E+11
  1.0205E+03  5.2034E-06  3.2056E-06  9.6403E+08  2.1101E+11
  1.0278E+03  5.0996E-06  3.2357E-06  9.7109E+08  2.1399E+11
  1.0353E+03  4.9980E-06  3.2660E-06  9.7821E+08  2.1701E+11
  1.0428E+03  4.8986E-06  3.2966E-06  9.8540E+08  2.2007E+11
  1.0504E+03  4.8012E-06  3.3275E-06  9.9264E+08  2.2317E+11
  1.0580E+03  4.7058E-06  3.3587E-06  9.9995E+08  2.2632E+11
  1.0656E+03  4.6124E-06  3.3901E-06  1.0073E+09  2.2950E+11
  1.0734E+03  4.5210E-06  3.4218E-06  1.0148E+09  2.3274E+11
  1.0811E+03  4.4315E-06  3.4539E-06  1.0223E+09  2.3601E+11
  1.0890E+03  4.3438E-06  3.4862E-06  1.0298E+09  2.3934E+11
  1.0969E+03  4.2580E-06  3.5188E-06  1.0374E+09  2.4270E+11
  1.1048E+03  4.1740E-06  3.5516E-06  1.0451E+09  2.4612E+11
  1.1128E+03  4.0917E-06  3.5848E-06  1.0529E+09  2.4958E+11
  1.1209E+03  4.0111E-06  3.6183E-06  1.0607E+09  2.5308E+11
  1.1290E+03  3.9322E-06  3.6521E-06  1.0686E+09  2.5664E+11
  1.1372E+03  3.8550E-06  3.6861E-06  1.0766E+09  2.6024E+11
  1.1454E+03  3.7793E-06  3.7205E-06  1.0846E+09  2.6389E+11
  1.1537E+03  3.7053E-06  3.7552E-06  1.0927E+09  2.6759E+11
  1.1621E+03  3.6327E-06  3.7901E-06  1.1009E+09  2.7135E+11
  1.1705E+03  3.5617E-06  3.8254E-06  1.1091E+09  2.7515E+11
  1.1790E+03  3.4922E-06  3.8610E-06  1.1174E+09  2.7900E+11
  1.1875E+03  3.4241E-06  3.8969E-06  1.1258E+09  2.8291E+11
  1.1961E+03  3.3575E-06  3.9331E-06  1.1343E+09  2.8686E+11
  1.2048E+03  3.2922E-06  3.9696E-06  1.1428E+09  2.9087E+11
  1.2135E+03  3.2283E-06  4.0065E-06  1.1514E+09  2.9493E+11
  1.2223E+03  3.1657E-06  4.0436E-06  1.1601E+09  2.9905E+11
  1.2311E+03  3.1044E-06  4.0811E-06  1.1689E+09  3.0323E+11
  1.2400E+03  3.0444E-06  4.1189E-06  1.1777E+09  3.0745E+11
  1.2490E+03  2.9856E-06  4.1571E-06  1.1866E+09  3.1174E+11
  1.2581E+03  2.9281E-06  4.1955E-06  1.1956E+09  3.1608E+11
  1.2672E+03  2.8717E-06  4.2343E-06  1.2047E+09  3.2048E+11
  1.2763E+03  2.8165E-06  4.2734E-06  1.2138E+09  3.2493E+11
  1.2856E+03  2.7625E-06  4.3128E-06  1.2230E+09  3.2944E+11
  1.2949E+03  2.7096E-06  4.3526E-06  1.2323E+09  3.3402E+11
  1.3043E+03  2.6578E-06  4.3927E-06  1.2417E+09  3.3865E+11
  1.3137E+03  2.6070E-06  4.4332E-06  1.2512E+09  3.4334E+11
  1.3232E+03  2.5573E-06  4.4739E-06  1.2608E+09  3.4810E+11
  1.3328E+03  2.5086E-06  4.5151E-06  1.2704E+09  3.5292E+11
  1.3424E+03  2.4610E-06  4.5565E-06  1.2801E+09  3.5780E+11
  1.3522E+03  2.4143E-06  4.5983E-06  1.2899E+09  3.6274E+11
  1.3619E+03  2.3686E-06  4.6405E-06  1.2998E+09  3.6774E+11
  1.3718E+03  2.3238E-06  4.6830E-06  1.3098E+09  3.7282E+11
  1.3817E+03  2.2800E-06  4.7258E-06  1.3199E+09  3.7795E+11
  1.3917E+03  2.2370E-06  4.7690E-06  1.3300E+09  3.8315E+11
  1.4018E+03  2.1949E-06  4.8126E-06  1.3403E+09  3.8842E+11
  1.4119E+03  2.1537E-06  4.8565E-06  1.3506E+09  3.9375E+11
  1.4222E+03  2.1134E-06  4.9008E-06  1.3610E+09  3.9916E+11
  1.4324E+03  2.0739E-06  4.9454E-06  1.3716E+09  4.0463E+11
  1.4428E+03  2.0351E-06  4.9904E-06  1.3822E+09  4.1017E+11
  1.4532E+03  1.9972E-06  5.0357E-06  1.3929E+09  4.1579E+11
  1.4638E+03  1.9601E-06  5.0815E-06  1.4037E+09  4.2147E+11
  1.4743E+03  1.9237E-06  5.1275E-06  1.4146E+09  4.2722E+11
  1.4850E+03  1.8881E-06  5.1740E-06  1.4256E+09  4.3304E+11
  1.4958E+03  1.8531E-06  5.2208E-06  1.4367E+09  4.3895E+11
  1.5066E+03  1.8189E-06  5.2680E-06  1.4479E+09  4.4492E+11
  1.5175E+03  1.7854E-06  5.3155E-06  1.4591E+09  4.5097E+11
  1.5284E+03  1.7526E-06  5.3635E-06  1.4705E+09  4.5709E+11
  1.5395E+03  1.7205E-06  5.4118E-06  1.4820E+09  4.6329E+11
  1.5506E+03  1.6890E-06  5.4605E-06  1.4936E+09  4.6956E+11
  1.5618E+03  1.6581E-06  5.5095E-06  1.5053E+09  4.7591E+11
  1.5731E+03  1.6278E-06  5.5590E-06  1.5171E+09  4.8235E+11
  1.5845E+03  1.5982E-06  5.6088E-06  1.5290E+09  4.8885E+11
  1.5960E+03  1.5692E-06  5.6590E-06  1.5410E+09  4.9544E+11
  1.6075E+03  1.5408E-06  5.7096E-06  1.5531E+09  5.0211E+11
  1.6191E+03  1.5129E-06  5.7606E-06  1.5654E+09  5.0886E+11
  1.6309E+03  1.4856E-06  5.8120E-06  1.5777E+09  5.1569E+11
  1.6426E+03  1.4588E-06  5.8637E-06  1.5901E+09  5.2261E+11
  1.6545E+03  1.4326E-06  5.9159E-06  1.6027E+09  5.2960E+11
  1.6665E+03  1.4069E-06  5.9684E-06  1.6154E+09  5.3669E+11
  1.6785E+03  1.3817E-06  6.0214E-06  1.6281E+09  5.4385E+11
  1.6907E+03  1.3571E-06  6.0747E-06  1.6410E+09  5.5111E+11
  1.7029E+03  1.3329E-06  6.1285E-06  1.6540E+09  5.5845E+11
  1.7152E+03  1.3092E-06  6.1826E-06  1.6672E+09  5.6588E+11
  1.7276E+03  1.2860E-06  6.2371E-06  1.6804E+09  5.7339E+11
  1.7401E+03  1.2632E-06  6.2921E-06  1.6938E+09  5.8099E+11
  1.7527E+03  1.2409E-06  6.3474E-06  1.7072E+09  5.8868E+11
  1.7653E+03  1.2190E-06  6.4032E-06  1.7208E+09  5.9647E+11
  1.7781E+03  1.1976E-06  6.4593E-06  1.7346E+09  6.0434E+11
  1.7909E+03  1.1766E-06  6.5159E-06  1.7484E+09  6.1232E+11
  1.8039E+03  1.1560E-06  6.5729E-06  1.7624E+09  6.2037E+11
  1.8169E+03  1.1358E-06  6.6302E-06  1.7765E+09  6.2853E+11
  1.8301E+03  1.1160E-06  6.6880E-06  1.7907E+09  6.3677E+11
  1.8433E+03  1.0966E-06  6.7462E-06  1.8050E+09  6.4513E+11
  1.8566E+03  1.0776E-06  6.8048E-06  1.8195E+09  6.5355E+11
  1.8700E+03  1.0589E-06  6.8639E-06  1.8341E+09  6.6211E+11
  1.8835E+03  1.0406E-06  6.9233E-06  1.8489E+09  6.7072E+11
  1.8972E+03  1.0227E-06  6.9832E-06  1.8637E+09  6.7947E+11
  1.9109E+03  1.0051E-06  7.0435E-06  1.8788E+09  6.8829E+11
  1.9247E+03  9.8789E-07  7.1042E-06  1.8939E+09  6.9722E+11
  1.9386E+03  9.7099E-07  7.1653E-06  1.9092E+09  7.0626E+11
  1.9526E+03  9.5441E-07  7.2269E-06  1.9246E+09  7.1538E+11
  1.9667E+03  9.3815E-07  7.2888E-06  1.9401E+09  7.2464E+11
  1.9809E+03  9.2222E-07  7.3512E-06  1.9558E+09  7.3395E+11
  1.9952E+03  9.0657E-07  7.4140E-06  1.9717E+09  7.4343E+11
  2.0096E+03  8.9124E-07  7.4773E-06  1.9877E+09  7.5296E+11
  2.0242E+03  8.7620E-07  7.5410E-06  2.0038E+09  7.6261E+11
  2.0388E+03  8.6144E-07  7.6051E-06  2.0201E+09  7.7240E+11
  2.0535E+03  8.4697E-07  7.6696E-06  2.0365E+09  7.8223E+11
  2.0683E+03  8.3276E-07  7.7346E-06  2.0530E+09  7.9226E+11
  2.0833E+03  8.1884E-07  7.7999E-06  2.0698E+09  8.0232E+11
  2.0983E+03  8.0518E-07  7.8658E-06  2.0866E+09  8.1250E+11
  2.1135E+03  7.9176E-07  7.9320E-06  2.1036E+09  8.2287E+11
  2.1288E+03  7.7862E-07  7.9987E-06  2.1208E+09  8.3323E+11
  2.1441E+03  7.6571E-07  8.0658E-06  2.1382E+09  8.4380E+11
  2.1596E+03  7.5304E-07  8.1334E-06  2.1556E+09  8.5448E+11
  2.1752E+03  7.4063E-07  8.2014E-06  2.1733E+09  8.6516E+11
  2.1909E+03  7.2841E-07  8.2698E-06  2.1911E+09  8.7612E+11
  2.2068E+03  7.1645E-07  8.3386E-06  2.2091E+09  8.8713E+11
  2.2227E+03  7.0472E-07  8.4079E-06  2.2272E+09  8.9815E+11
  2.2388E+03  6.9316E-07  8.4776E-06  2.2455E+09  9.0950E+11
  2.2549E+03  6.8186E-07  8.5478E-06  2.2640E+09  9.2086E+11
  2.2712E+03  6.7076E-07  8.6184E-06  2.2826E+09  9.3221E+11
  2.2876E+03  6.5983E-07  8.6894E-06  2.3014E+09  9.4394E+11
  2.3041E+03  6.4912E-07  8.7609E-06  2.3204E+09  9.5574E+11
  2.3208E+03  6.3863E-07  8.8328E-06  2.3395E+09  9.6742E+11
  2.3375E+03  6.2828E-07  8.9051E-06  2.3588E+09  9.7948E+11
  2.3544E+03  6.1813E-07  8.9779E-06  2.3783E+09  9.9184E+11
  2.3714E+03  6.0822E-07  9.0511E-06  2.3980E+09  1.0040E+12
  2.3885E+03  5.9846E-07  9.1247E-06  2.4179E+09  1.0162E+12
  2.4058E+03  5.8883E-07  9.1988E-06  2.4379E+09  1.0290E+12
  2.4232E+03  5.7943E-07  9.2732E-06  2.4581E+09  1.0419E+12
  2.4407E+03  5.7028E-07  9.3481E-06  2.4785E+09  1.0544E+12
  2.4583E+03  5.6125E-07  9.4235E-06  2.4991E+09  1.0669E+12
  2.4760E+03  5.5229E-07  9.4993E-06  2.5199E+09  1.0802E+12
  2.4939E+03  5.4353E-07  9.5754E-06  2.5409E+09  1.0939E+12
  2.5119E+03  5.3507E-07  9.6521E-06  2.5620E+09  1.1070E+12
  2.5300E+03  5.2678E-07  9.7292E-06  2.5834E+09  1.1194E+12
  2.5483E+03  5.1847E-07  9.8070E-06  2.6049E+09  1.1319E+12
  2.5667E+03  5.1004E-07  9.8851E-06  2.6267E+09  1.1457E+12
  2.5852E+03  5.0163E-07  9.9635E-06  2.6486E+09  1.1611E+12
  2.6039E+03  4.9344E-07  1.0042E-05  2.6708E+09  1.1772E+12
  2.6227E+03  4.8561E-07  1.0121E-05  2.6931E+09  1.1934E+12
  2.6416E+03  4.7816E-07  1.0200E-05  2.7157E+09  1.2091E+12
  2.6607E+03  4.7104E-07  1.0279E-05  2.7385E+09  1.2240E+12
  2.6799E+03  4.6417E-07  1.0359E-05  2.7614E+09  1.2383E+12
  2.6993E+03  4.5747E-07  1.0440E-05  2.7846E+09  1.2524E+12
  2.7187E+03  4.5089E-07  1.0521E-05  2.8080E+09  1.2663E+12
  2.7384E+03  4.4441E-07  1.0602E-05  2.8316E+09  1.2803E+12
  2.7581E+03  4.3801E-07  1.0684E-05  2.8555E+09  1.2945E+12
  2.7780E+03  4.3168E-07  1.0766E-05  2.8795E+09  1.3088E+12
  2.7981E+03  4.2543E-07  1.0849E-05  2.9038E+09  1.3234E+12
  2.8183E+03  4.1926E-07  1.0933E-05  2.9283E+09  1.3382E+12
  2.8386E+03  4.1316E-07  1.1017E-05  2.9530E+09  1.3532E+12
  2.8591E+03  4.0715E-07  1.1102E-05  2.9780E+09  1.3684E+12
  2.8798E+03  4.0122E-07  1.1187E-05  3.0032E+09  1.3837E+12
