  2.5000E-02  6.2006E+00  8.6607E-18  2.1988E+05  1.0000E+00
  7.5180E-02  6.2257E+00  2.3289E-15  3.2907E+05  1.0000E+00
  1.2572E-01  6.2778E+00  1.1501E-14  6.5798E+05  1.0000E+00
  1.7663E-01  6.3601E+00  2.7057E-14  9.3211E+05  1.0000E+00
  2.2790E-01  6.4784E+00  5.0682E-14  1.1624E+06  1.0000E+00
  2.7954E-01  6.6417E+00  8.2292E-14  1.3631E+06  1.0000E+00
  3.3155E-01  6.8648E+00  1.1962E-13  1.5439E+06  1.0000E+00
  3.8394E-01  7.1742E+00  1.5649E-13  1.7111E+06  1.0000E+00
  4.3670E-01  7.6219E+00  1.8680E-13  1.8687E+06  1.0000E+00
  4.8985E-01  8.3341E+00  2.1644E-13  2.0193E+06  1.0000E+00
  5.4337E-01  9.8039E+00  1.5854E-11  2.1646E+06  1.0000E+00
  5.9729E-01  1.1972E+01  6.8654E-11  2.3061E+06  6.5660E+04
  6.5159E-01  9.0987E+00  1.2636E-10  2.4446E+06  2.1049E+05
  7.0628E-01  7.5818E+00  1.7282E-10  2.5808E+06  3.4850E+05
  7.6136E-01  6.4767E+00  2.1704E-10  2.7153E+06  4.9115E+05
  8.1685E-01  5.6219E+00  2.6021E-10  2.8486E+06  6.3925E+05
  8.7273E-01  4.9369E+00  3.0293E-10  2.9809E+06  7.9341E+05
  9.2901E-01  4.3751E+00  3.4552E-10  3.1126E+06  9.5404E+05
  9.8570E-01  3.9063E+00  3.8817E-10  3.2439E+06  1.1214E+06
  1.0428E+00  3.5099E+00  4.3099E-10  3.3750E+06  1.2957E+06
  1.1003E+00  3.1711E+00  4.7406E-10  3.5061E+06  1.4771E+06
  1.1582E+00  2.8789E+00  5.1744E-10  3.6373E+06  1.6656E+06
  1.2166E+00  2.6249E+00  5.6118E-10  3.7688E+06  1.8614E+06
  1.2753E+00  2.4025E+00  6.0528E-10  3.9006E+06  2.0645E+06
  1.3345E+00  2.2067E+00  6.4979E-10  4.0329E+06  2.2750E+06
  1.3941E+00  2.0334E+00  6.9470E-10  4.1657E+06  2.4930E+06
  1.4542E+00  1.8792E+00  7.4004E-10  4.2992E+06  2.7184E+06
  1.5146E+00  1.7414E+00  7.8582E-10  4.4334E+06  2.9514E+06
  1.5755E+00  1.6178E+00  8.3203E-10  4.5683E+06  3.1919E+06
  1.6369E+00  1.5064E+00  8.7869E-10  4.7040E+06  3.4401E+06
  1.6987E+00  1.4058E+00  9.2579E-10  4.8407E+06  3.6959E+06
  1.7609E+00  1.3146E+00  9.7336E-10  4.9782E+06  3.9595E+06
  1.8236E+00  1.2316E+00  1.0214E-09  5.1167E+06  4.2308E+06
  1.8867E+00  1.1560E+00  1.0699E-09  5.2562E+06  4.5099E+06
  1.9503E+00  1.0868E+00  1.1188E-09  5.3968E+06  4.7969E+06
  2.0143E+00  1.0234E+00  1.1682E-09  5.5384E+06  5.0918E+06
  2.0788E+00  9.6519E-01  1.2181E-09  5.6812E+06  5.3946E+06
  2.1438E+00  9.1157E-01  1.2685E-09  5.8251E+06  5.7055E+06
  2.2092E+00  8.6211E-01  1.3194E-09  5.9702E+06  6.0245E+06
  2.2751E+00  8.1639E-01  1.3707E-09  6.1165E+06  6.3516E+06
  2.3415E+00  7.7404E-01  1.4225E-09  6.2640E+06  6.6869E+06
  2.4084E+00  7.3476E-01  1.4748E-09  6.4128E+06  7.0305E+06
  2.4757E+00  6.9825E-01  1.5276E-09  6.5629E+06  7.3824E+06
  2.5435E+00  6.6427E-01  1.5809E-09  6.7142E+06  7.7427E+06
  2.6119E+00  6.3259E-01  1.6347E-09  6.8669E+06  8.1115E+06
  2.6807E+00  6.0302E-01  1.6890E-09  7.0210E+06  8.4888E+06
  2.7500E+00  5.7536E-01  1.7438E-09  7.1764E+06  8.8748E+06
  2.8198E+00  5.4948E-01  1.7992E-09  7.3332E+06  9.2694E+06
  2.8901E+00  5.2521E-01  1.8550E-09  7.4915E+06  9.6728E+06
  2.9609E+00  5.0244E-01  1.9114E-09  7.6511E+06  1.0085E+07
  3.0322E+00  4.8104E-01  1.9683E-09  7.8122E+06  1.0506E+07
  3.1040E+00  4.6091E-01  2.0257E-09  7.9748E+06  1.0936E+07
  3.1764E+00  4.4194E-01  2.0836E-09  8.1388E+06  1.1376E+07
  3.2492E+00  4.2407E-01  2.1421E-09  8.3043E+06  1.1824E+07
  3.3226E+00  4.0720E-01  2.2012E-09  8.4713E+06  1.2282E+07
  3.3966E+00  3.9126E-01  2.2608E-09  8.6399E+06  1.2749E+07
  3.4710E+00  3.7619E-01  2.3210E-09  8.8099E+06  1.3226E+07
  3.5460E+00  3.6193E-01  2.3817E-09  8.9815E+06  1.3712E+07
  3.6215E+00  3.4841E-01  2.4430E-09  9.1547E+06  1.4208E+07
  3.6976E+00  3.3560E-01  2.5048E-09  9.3295E+06  1.4713E+07
  3.7742E+00  3.2344E-01  2.5673E-09  9.5058E+06  1.5229E+07
  3.8514E+00  3.1189E-01  2.6303E-09  9.6837E+06  1.5754E+07
  3.9291E+00  3.0092E-01  2.6939E-09  9.8633E+06  1.6290E+07
  4.0074E+00  2.9048E-01  2.7582E-09  1.0044E+07  1.6836E+07
  4.0863E+00  2.8054E-01  2.8230E-09  1.0227E+07  1.7392E+07
  4.1657E+00  2.7108E-01  2.8885E-09  1.0412E+07  1.7958E+07
  4.2457E+00  2.6205E-01  2.9545E-09  1.0598E+07  1.8535E+07
  4.3263E+00  2.5344E-01  3.0212E-09  1.0785E+07  1.9123E+07
  4.4074E+00  2.4523E-01  3.0886E-09  1.0975E+07  1.9721E+07
  4.4891E+00  2.3738E-01  3.1565E-09  1.1166E+07  2.0330E+07
  4.5715E+00  2.2988E-01  3.2252E-09  1.1359E+07  2.0950E+07
  4.6544E+00  2.2270E-01  3.2944E-09  1.1553E+07  2.1582E+07
  4.7379E+00  2.1584E-01  3.3644E-09  1.1749E+07  2.2225E+07
  4.8220E+00  2.0927E-01  3.4350E-09  1.1947E+07  2.2879E+07
  4.9067E+00  2.0297E-01  3.5063E-09  1.2147E+07  2.3544E+07
  4.9921E+00  1.9693E-01  3.5783E-09  1.2348E+07  2.4221E+07
  5.0780E+00  1.9115E-01  3.6510E-09  1.2551E+07  2.4911E+07
  5.1646E+00  1.8559E-01  3.7243E-09  1.2756E+07  2.5612E+07
  5.2517E+00  1.8026E-01  3.7984E-09  1.2962E+07  2.6325E+07
  5.3396E+00  1.7514E-01  3.8733E-09  1.3171E+07  2.7050E+07
  5.4280E+00  1.7021E-01  3.9488E-09  1.3381E+07  2.7788E+07
  5.5171E+00  1.6548E-01  4.0251E-09  1.3592E+07  2.8538E+07
  5.6068E+00  1.6093E-01  4.1021E-09  1.3806E+07  2.9302E+07
  5.6972E+00  1.5655E-01  4.1799E-09  1.4021E+07  3.0077E+07
  5.7882E+00  1.5233E-01  4.2585E-09  1.4238E+07  3.0866E+07
  5.8799E+00  1.4827E-01  4.3378E-09  1.4457E+07  3.1668E+07
  5.9722E+00  1.4435E-01  4.4180E-09  1.4678E+07  3.2484E+07
  6.0652E+00  1.4058E-01  4.4989E-09  1.4900E+07  3.3313E+07
  6.1589E+00  1.3694E-01  4.5806E-09  1.5124E+07  3.4155E+07
  6.2532E+00  1.3343E-01  4.6631E-09  1.5351E+07  3.5012E+07
  6.3482E+00  1.3004E-01  4.7465E-09  1.5578E+07  3.5882E+07
  6.4439E+00  1.2677E-01  4.8307E-09  1.5808E+07  3.6767E+07
  6.5403E+00  1.2361E-01  4.9157E-09  1.6039E+07  3.7666E+07
  6.6374E+00  1.2055E-01  5.0016E-09  1.6273E+07  3.8580E+07
  6.7352E+00  1.1760E-01  5.0883E-09  1.6508E+07  3.9508E+07
  6.8337E+00  1.1475E-01  5.1759E-09  1.6745E+07  4.0451E+07
  6.9329E+00  1.1199E-01  5.2644E-09  1.6983E+07  4.1410E+07
  7.0328E+00  1.0932E-01  5.3538E-09  1.7224E+07  4.2384E+07
  7.1335E+00  1.0673E-01  5.4442E-09  1.7466E+07  4.3373E+07
  7.2348E+00  1.0423E-01  5.5354E-09  1.7710E+07  4.4378E+07
  7.3369E+00  1.0180E-01  5.6275E-09  1.7956E+07  4.5399E+07
  7.4398E+00  9.9456E-02  5.7206E-09  1.8204E+07  4.6436E+07
  7.5433E+00  9.7180E-02  5.8147E-09  1.8453E+07  4.7490E+07
  7.6476E+00  9.4973E-02  5.9097E-09  1.8705E+07  4.8560E+07
  7.7527E+00  9.2833E-02  6.0057E-09  1.8958E+07  4.9646E+07
  7.8585E+00  9.0757E-02  6.1027E-09  1.9213E+07  5.0750E+07
  7.9651E+00  8.8743E-02  6.2007E-09  1.9469E+07  5.1871E+07
  8.0724E+00  8.6789E-02  6.2996E-09  1.9728E+07  5.3010E+07
  8.1806E+00  8.4891E-02  6.3997E-09  1.9989E+07  5.4166E+07
  8.2895E+00  8.3049E-02  6.5007E-09  2.0251E+07  5.5340E+07
  8.3991E+00  8.1259E-02  6.6028E-09  2.0515E+07  5.6533E+07
  8.5096E+00  7.9520E-02  6.7060E-09  2.0781E+07  5.7743E+07
  8.6209E+00  7.7830E-02  6.8102E-09  2.1048E+07  5.8973E+07
  8.7330E+00  7.6187E-02  6.9156E-09  2.1318E+07  6.0221E+07
  8.8458E+00  7.4590E-02  7.0220E-09  2.1589E+07  6.1488E+07
  8.9595E+00  7.3037E-02  7.1295E-09  2.1862E+07  6.2775E+07
  9.0740E+00  7.1526E-02  7.2382E-09  2.2137E+07  6.4082E+07
  9.1894E+00  7.0056E-02  7.3480E-09  2.2413E+07  6.5408E+07
  9.3055E+00  6.8625E-02  7.4590E-09  2.2692E+07  6.6755E+07
  9.4225E+00  6.7232E-02  7.5712E-09  2.2972E+07  6.8122E+07
  9.5404E+00  6.5876E-02  7.6845E-09  2.3254E+07  6.9510E+07
  9.6591E+00  6.4556E-02  7.7990E-09  2.3537E+07  7.0919E+07
  9.7786E+00  6.3269E-02  7.9148E-09  2.3823E+07  7.2349E+07
  9.8990E+00  6.2016E-02  8.0318E-09  2.4110E+07  7.3801E+07
  1.0020E+01  6.0795E-02  8.1500E-09  2.4399E+07  7.5275E+07
  1.0142E+01  5.9605E-02  8.2695E-09  2.4689E+07  7.6771E+07
  1.0265E+01  5.8444E-02  8.3902E-09  2.4982E+07  7.8289E+07
  1.0389E+01  5.7313E-02  8.5123E-09  2.5276E+07  7.9831E+07
  1.0514E+01  5.6209E-02  8.6356E-09  2.5572E+07  8.1395E+07
  1.0640E+01  5.5133E-02  8.7603E-09  2.5870E+07  8.2983E+07
  1.0766E+01  5.4083E-02  8.8863E-09  2.6169E+07  8.4595E+07
  1.0894E+01  5.3059E-02  9.0137E-09  2.6470E+07  8.6230E+07
  1.1022E+01  5.2059E-02  9.1425E-09  2.6773E+07  8.7891E+07
  1.1152E+01  5.1083E-02  9.2726E-09  2.7077E+07  8.9576E+07
  1.1282E+01  5.0130E-02  9.4041E-09  2.7383E+07  9.1286E+07
  1.1413E+01  4.9199E-02  9.5371E-09  2.7691E+07  9.3021E+07
  1.1546E+01  4.8290E-02  9.6715E-09  2.8000E+07  9.4783E+07
  1.1679E+01  4.7403E-02  9.8074E-09  2.8312E+07  9.6570E+07
  1.1813E+01  4.6535E-02  9.9447E-09  2.8624E+07  9.8384E+07
  1.1948E+01  4.5688E-02  1.0084E-08  2.8939E+07  1.0023E+08
  1.2084E+01  4.4860E-02  1.0224E-08  2.9255E+07  1.0209E+08
  1.2221E+01  4.4050E-02  1.0366E-08  2.9573E+07  1.0399E+08
  1.2359E+01  4.3259E-02  1.0509E-08  2.9892E+07  1.0591E+08
  1.2498E+01  4.2486E-02  1.0654E-08  3.0213E+07  1.0787E+08
  1.2638E+01  4.1729E-02  1.0801E-08  3.0536E+07  1.0985E+08
  1.2779E+01  4.0989E-02  1.0949E-08  3.0860E+07  1.1186E+08
  1.2921E+01  4.0266E-02  1.1099E-08  3.1186E+07  1.1390E+08
  1.3064E+01  3.9558E-02  1.1250E-08  3.1513E+07  1.1597E+08
  1.3208E+01  3.8865E-02  1.1403E-08  3.1842E+07  1.1807E+08
  1.3353E+01  3.8187E-02  1.1558E-08  3.2173E+07  1.2020E+08
  1.3499E+01  3.7524E-02  1.1715E-08  3.2505E+07  1.2236E+08
  1.3646E+01  3.6875E-02  1.1873E-08  3.2839E+07  1.2456E+08
  1.3795E+01  3.6239E-02  1.2033E-08  3.3174E+07  1.2678E+08
  1.3944E+01  3.5617E-02  1.2195E-08  3.3511E+07  1.2904E+08
  1.4094E+01  3.5007E-02  1.2358E-08  3.3849E+07  1.3133E+08
  1.4246E+01  3.4411E-02  1.2524E-08  3.4189E+07  1.3366E+08
  1.4398E+01  3.3826E-02  1.2691E-08  3.4530E+07  1.3602E+08
  1.4552E+01  3.3254E-02  1.2860E-08  3.4873E+07  1.3841E+08
  1.4707E+01  3.2693E-02  1.3031E-08  3.5217E+07  1.4084E+08
  1.4863E+01  3.2144E-02  1.3204E-08  3.5563E+07  1.4331E+08
  1.5020E+01  3.1605E-02  1.3379E-08  3.5910E+07  1.4581E+08
  1.5178E+01  3.1078E-02  1.3556E-08  3.6259E+07  1.4835E+08
  1.5337E+01  3.0560E-02  1.3734E-08  3.6609E+07  1.5092E+08
  1.5497E+01  3.0054E-02  1.3915E-08  3.6961E+07  1.5353E+08
  1.5659E+01  2.9557E-02  1.4098E-08  3.7314E+07  1.5618E+08
  1.5822E+01  2.9069E-02  1.4283E-08  3.7668E+07  1.5887E+08
  1.5986E+01  2.8592E-02  1.4470E-08  3.8024E+07  1.6160E+08
  1.6151E+01  2.8123E-02  1.4659E-08  3.8381E+07  1.6437E+08
  1.6317E+01  2.7664E-02  1.4850E-08  3.8740E+07  1.6718E+08
  1.6485E+01  2.7214E-02  1.5043E-08  3.9100E+07  1.7002E+08
  1.6653E+01  2.6772E-02  1.5238E-08  3.9462E+07  1.7291E+08
  1.6823E+01  2.6338E-02  1.5436E-08  3.9824E+07  1.7585E+08
  1.6994E+01  2.5913E-02  1.5636E-08  4.0189E+07  1.7882E+08
  1.7167E+01  2.5495E-02  1.5838E-08  4.0554E+07  1.8184E+08
  1.7340E+01  2.5086E-02  1.6043E-08  4.0921E+07  1.8490E+08
  1.7515E+01  2.4684E-02  1.6249E-08  4.1289E+07  1.8801E+08
  1.7691E+01  2.4290E-02  1.6458E-08  4.1659E+07  1.9116E+08
  1.7869E+01  2.3903E-02  1.6670E-08  4.2030E+07  1.9436E+08
  1.8047E+01  2.3523E-02  1.6884E-08  4.2402E+07  1.9760E+08
  1.8227E+01  2.3150E-02  1.7100E-08  4.2776E+07  2.0089E+08
  1.8408E+01  2.2783E-02  1.7319E-08  4.3150E+07  2.0423E+08
  1.8591E+01  2.2424E-02  1.7540E-08  4.3527E+07  2.0762E+08
  1.8775E+01  2.2071E-02  1.7764E-08  4.3904E+07  2.1106E+08
  1.8960E+01  2.1724E-02  1.7990E-08  4.4283E+07  2.1454E+08
  1.9147E+01  2.1384E-02  1.8219E-08  4.4663E+07  2.1808E+08
  1.9334E+01  2.1049E-02  1.8451E-08  4.5044E+07  2.2167E+08
  1.9524E+01  2.0721E-02  1.8685E-08  4.5426E+07  2.2531E+08
  1.9714E+01  2.0398E-02  1.8922E-08  4.5810E+07  2.2900E+08
  1.9906E+01  2.0081E-02  1.9162E-08  4.6195E+07  2.3275E+08
  2.0099E+01  1.9770E-02  1.9404E-08  4.6581E+07  2.3655E+08
  2.0294E+01  1.9464E-02  1.9649E-08  4.6969E+07  2.4041E+08
  2.0490E+01  1.9163E-02  1.9897E-08  4.7357E+07  2.4432E+08
  2.0688E+01  1.8868E-02  2.0148E-08  4.7747E+07  2.4829E+08
  2.0887E+01  1.8578E-02  2.0402E-08  4.8138E+07  2.5231E+08
  2.1087E+01  1.8292E-02  2.0658E-08  4.8530E+07  2.5640E+08
  2.1289E+01  1.8012E-02  2.0918E-08  4.8924E+07  2.6054E+08
  2.1492E+01  1.7736E-02  2.1181E-08  4.9319E+07  2.6475E+08
  2.1697E+01  1.7466E-02  2.1446E-08  4.9714E+07  2.6901E+08
  2.1903E+01  1.7199E-02  2.1715E-08  5.0111E+07  2.7334E+08
  2.2111E+01  1.6938E-02  2.1987E-08  5.0510E+07  2.7773E+08
  2.2320E+01  1.6680E-02  2.2262E-08  5.0909E+07  2.8218E+08
  2.2531E+01  1.6427E-02  2.2540E-08  5.1310E+07  2.8670E+08
  2.2743E+01  1.6179E-02  2.2821E-08  5.1711E+07  2.9128E+08
  2.2957E+01  1.5934E-02  2.3106E-08  5.2114E+07  2.9593E+08
  2.3172E+01  1.5694E-02  2.3394E-08  5.2518E+07  3.0065E+08
  2.3389E+01  1.5457E-02  2.3686E-08  5.2923E+07  3.0544E+08
  2.3607E+01  1.5225E-02  2.3980E-08  5.3329E+07  3.1029E+08
  2.3827E+01  1.4996E-02  2.4279E-08  5.3737E+07  3.1522E+08
  2.4049E+01  1.4771E-02  2.4580E-08  5.4146E+07  3.2022E+08
  2.4272E+01  1.4550E-02  2.4885E-08  5.4555E+07  3.2529E+08
  2.4497E+01  1.4332E-02  2.5194E-08  5.4966E+07  3.3043E+08
  2.4723E+01  1.4118E-02  2.5507E-08  5.5378E+07  3.3565E+08
  2.4951E+01  1.3907E-02  2.5823E-08  5.5791E+07  3.4095E+08
  2.5181E+01  1.3700E-02  2.6142E-08  5.6205E+07  3.4632E+08
  2.5412E+01  1.3496E-02  2.6466E-08  5.6621E+07  3.5177E+08
  2.5645E+01  1.3296E-02  2.6793E-08  5.7037E+07  3.5729E+08
  2.5880E+01  1.3099E-02  2.7124E-08  5.7455E+07  3.6290E+08
  2.6116E+01  1.2905E-02  2.7459E-08  5.7874E+07  3.6859E+08
  2.6354E+01  1.2714E-02  2.7798E-08  5.8293E+07  3.7437E+08
  2.6594E+01  1.2526E-02  2.8141E-08  5.8714E+07  3.8022E+08
  2.6835E+01  1.2341E-02  2.8488E-08  5.9137E+07  3.8617E+08
  2.7078E+01  1.2159E-02  2.8840E-08  5.9560E+07  3.9219E+08
  2.7323E+01  1.1980E-02  2.9195E-08  5.9984E+07  3.9831E+08
  2.7570E+01  1.1804E-02  2.9554E-08  6.0410E+07  4.0452E+08
  2.7819E+01  1.1630E-02  2.9918E-08  6.0836E+07  4.1081E+08
  2.8069E+01  1.1459E-02  3.0286E-08  6.1264E+07  4.1720E+08
  2.8321E+01  1.1291E-02  3.0658E-08  6.1693E+07  4.2368E+08
  2.8575E+01  1.1126E-02  3.1035E-08  6.2123E+07  4.3026E+08
  2.8831E+01  1.0963E-02  3.1416E-08  6.2554E+07  4.3693E+08
  2.9088E+01  1.0803E-02  3.1802E-08  6.2986E+07  4.4369E+08
  2.9348E+01  1.0646E-02  3.2192E-08  6.3419E+07  4.5056E+08
  2.9609E+01  1.0490E-02  3.2587E-08  6.3854E+07  4.5753E+08
  2.9872E+01  1.0338E-02  3.2987E-08  6.4289E+07  4.6460E+08
  3.0137E+01  1.0187E-02  3.3391E-08  6.4726E+07  4.7177E+08
  3.0404E+01  1.0039E-02  3.3801E-08  6.5164E+07  4.7904E+08
  3.0673E+01  9.8933E-03  3.4215E-08  6.5603E+07  4.8642E+08
  3.0944E+01  9.7499E-03  3.4634E-08  6.6043E+07  4.9391E+08
  3.1217E+01  9.6086E-03  3.5058E-08  6.6484E+07  5.0151E+08
  3.1492E+01  9.4696E-03  3.5487E-08  6.6927E+07  5.0922E+08
  3.1768E+01  9.3327E-03  3.5921E-08  6.7370E+07  5.1705E+08
  3.2047E+01  9.1980E-03  3.6361E-08  6.7815E+07  5.2498E+08
  3.2328E+01  9.0653E-03  3.6805E-08  6.8261E+07  5.3304E+08
  3.2611E+01  8.9347E-03  3.7255E-08  6.8708E+07  5.4121E+08
  3.2895E+01  8.8061E-03  3.7710E-08  6.9156E+07  5.4949E+08
  3.3182E+01  8.6796E-03  3.8171E-08  6.9606E+07  5.5790E+08
  3.3471E+01  8.5550E-03  3.8637E-08  7.0056E+07  5.6644E+08
  3.3762E+01  8.4324E-03  3.9109E-08  7.0508E+07  5.7510E+08
  3.4055E+01  8.3117E-03  3.9587E-08  7.0961E+07  5.8388E+08
  3.4350E+01  8.1930E-03  4.0070E-08  7.1415E+07  5.9279E+08
  3.4648E+01  8.0762E-03  4.0559E-08  7.1871E+07  6.0184E+08
  3.4947E+01  7.9616E-03  4.1054E-08  7.2327E+07  6.1073E+08
  3.5249E+01  7.8486E-03  4.1555E-08  7.2785E+07  6.1968E+08
  3.5553E+01  7.7372E-03  4.2062E-08  7.3244E+07  6.2877E+08
  3.5859E+01  7.6274E-03  4.2576E-08  7.3705E+07  6.3799E+08
  3.6167E+01  7.5192E-03  4.3096E-08  7.4166E+07  6.4735E+08
  3.6477E+01  7.4126E-03  4.3623E-08  7.4629E+07  6.5684E+08
  3.6790E+01  7.3074E-03  4.4157E-08  7.5093E+07  6.6648E+08
  3.7105E+01  7.2038E-03  4.4697E-08  7.5559E+07  6.7625E+08
  3.7422E+01  7.1016E-03  4.5244E-08  7.6025E+07  6.8617E+08
  3.7741E+01  7.0009E-03  4.5797E-08  7.6493E+07  6.9624E+08
  3.8063E+01  6.9017E-03  4.6358E-08  7.6962E+07  7.0646E+08
  3.8387E+01  6.8038E-03  4.6926E-08  7.7433E+07  7.1682E+08
  3.8713E+01  6.7074E-03  4.7501E-08  7.7905E+07  7.2734E+08
  3.9042E+01  6.6123E-03  4.8083E-08  7.8378E+07  7.3801E+08
  3.9373E+01  6.5186E-03  4.8672E-08  7.8852E+07  7.4884E+08
  3.9707E+01  6.4262E-03  4.9269E-08  7.9328E+07  7.5983E+08
  4.0043E+01  6.3351E-03  4.9873E-08  7.9805E+07  7.7098E+08
  4.0381E+01  6.2454E-03  5.0485E-08  8.0284E+07  7.8229E+08
  4.0722E+01  6.1569E-03  5.1105E-08  8.0764E+07  7.9377E+08
  4.1065E+01  6.0697E-03  5.1732E-08  8.1245E+07  8.0541E+08
  4.1411E+01  5.9837E-03  5.2367E-08  8.1728E+07  8.1724E+08
  4.1759E+01  5.8989E-03  5.3010E-08  8.2212E+07  8.2923E+08
  4.2109E+01  5.8154E-03  5.3661E-08  8.2697E+07  8.4140E+08
  4.2463E+01  5.7331E-03  5.4320E-08  8.3184E+07  8.5374E+08
  4.2818E+01  5.6519E-03  5.4988E-08  8.3672E+07  8.6627E+08
  4.3177E+01  5.5719E-03  5.5663E-08  8.4162E+07  8.7898E+08
  4.3538E+01  5.4930E-03  5.6347E-08  8.4653E+07  8.9188E+08
  4.3901E+01  5.4152E-03  5.7040E-08  8.5146E+07  9.0497E+08
  4.4267E+01  5.3386E-03  5.7741E-08  8.5640E+07  9.1825E+08
  4.4636E+01  5.2631E-03  5.8451E-08  8.6136E+07  9.3172E+08
  4.5007E+01  5.1886E-03  5.9170E-08  8.6633E+07  9.4539E+08
  4.5381E+01  5.1152E-03  5.9897E-08  8.7132E+07  9.5925E+08
  4.5758E+01  5.0428E-03  6.0634E-08  8.7632E+07  9.7332E+08
  4.6137E+01  4.9715E-03  6.1379E-08  8.8134E+07  9.8760E+08
  4.6520E+01  4.9012E-03  6.2134E-08  8.8637E+07  1.0021E+09
  4.6905E+01  4.8319E-03  6.2898E-08  8.9142E+07  1.0168E+09
  4.7292E+01  4.7636E-03  6.3672E-08  8.9649E+07  1.0317E+09
  4.7683E+01  4.6963E-03  6.4455E-08  9.0157E+07  1.0468E+09
  4.8076E+01  4.6299E-03  6.5247E-08  9.0667E+07  1.0622E+09
  4.8472E+01  4.5645E-03  6.6050E-08  9.1178E+07  1.0777E+09
  4.8871E+01  4.5000E-03  6.6862E-08  9.1691E+07  1.0935E+09
  4.9273E+01  4.4365E-03  6.7684E-08  9.2206E+07  1.1095E+09
  4.9678E+01  4.3738E-03  6.8516E-08  9.2722E+07  1.1258E+09
  5.0086E+01  4.3120E-03  6.9358E-08  9.3241E+07  1.1423E+09
  5.0496E+01  4.2512E-03  7.0211E-08  9.3760E+07  1.1590E+09
  5.0910E+01  4.1912E-03  7.1074E-08  9.4282E+07  1.1760E+09
  5.1326E+01  4.1320E-03  7.1947E-08  9.4805E+07  1.1932E+09
  5.1746E+01  4.0738E-03  7.2831E-08  9.5330E+07  1.2107E+09
  5.2168E+01  4.0163E-03  7.3725E-08  9.5857E+07  1.2284E+09
  5.2594E+01  3.9597E-03  7.4630E-08  9.6386E+07  1.2463E+09
  5.3023E+01  3.9038E-03  7.5546E-08  9.6916E+07  1.2646E+09
  5.3454E+01  3.8488E-03  7.6473E-08  9.7448E+07  1.2830E+09
  5.3889E+01  3.7946E-03  7.7412E-08  9.7982E+07  1.3018E+09
  5.4327E+01  3.7411E-03  7.8361E-08  9.8518E+07  1.3208E+09
  5.4769E+01  3.6885E-03  7.9321E-08  9.9056E+07  1.3401E+09
  5.5213E+01  3.6365E-03  8.0294E-08  9.9595E+07  1.3597E+09
  5.5660E+01  3.5853E-03  8.1277E-08  1.0014E+08  1.3795E+09
  5.6111E+01  3.5349E-03  8.2272E-08  1.0068E+08  1.3996E+09
  5.6565E+01  3.4852E-03  8.3279E-08  1.0123E+08  1.4200E+09
  5.7022E+01  3.4362E-03  8.4298E-08  1.0177E+08  1.4407E+09
  5.7483E+01  3.3879E-03  8.5328E-08  1.0232E+08  1.4617E+09
  5.7947E+01  3.3402E-03  8.6371E-08  1.0287E+08  1.4830E+09
  5.8414E+01  3.2933E-03  8.7426E-08  1.0343E+08  1.5046E+09
  5.8885E+01  3.2471E-03  8.8493E-08  1.0398E+08  1.5265E+09
  5.9359E+01  3.2015E-03  8.9572E-08  1.0454E+08  1.5487E+09
  5.9836E+01  3.1565E-03  9.0664E-08  1.0510E+08  1.5712E+09
  6.0317E+01  3.1122E-03  9.1768E-08  1.0566E+08  1.5940E+09
  6.0801E+01  3.0686E-03  9.2885E-08  1.0623E+08  1.6171E+09
  6.1289E+01  3.0256E-03  9.4015E-08  1.0679E+08  1.6406E+09
  6.1780E+01  2.9832E-03  9.5158E-08  1.0736E+08  1.6643E+09
  6.2275E+01  2.9414E-03  9.6313E-08  1.0793E+08  1.6884E+09
  6.2773E+01  2.9002E-03  9.7482E-08  1.0850E+08  1.7129E+09
  6.3275E+01  2.8596E-03  9.8664E-08  1.0908E+08  1.7376E+09
  6.3781E+01  2.8196E-03  9.9859E-08  1.0965E+08  1.7628E+09
  6.4290E+01  2.7801E-03  1.0107E-07  1.1023E+08  1.7882E+09
  6.4803E+01  2.7413E-03  1.0229E-07  1.1081E+08  1.8140E+09
  6.5320E+01  2.7030E-03  1.0352E-07  1.1140E+08  1.8402E+09
  6.5840E+01  2.6652E-03  1.0477E-07  1.1198E+08  1.8667E+09
  6.6364E+01  2.6280E-03  1.0603E-07  1.1257E+08  1.8935E+09
  6.6892E+01  2.5913E-03  1.0731E-07  1.1316E+08  1.9208E+09
  6.7423E+01  2.5552E-03  1.0860E-07  1.1375E+08  1.9484E+09
  6.7959E+01  2.5195E-03  1.0991E-07  1.1435E+08  1.9763E+09
  6.8498E+01  2.4844E-03  1.1122E-07  1.1495E+08  2.0047E+09
  6.9041E+01  2.4498E-03  1.1256E-07  1.1555E+08  2.0334E+09
  6.9588E+01  2.4157E-03  1.1390E-07  1.1615E+08  2.0625E+09
  7.0139E+01  2.3821E-03  1.1526E-07  1.1676E+08  2.0920E+09
  7.0694E+01  2.3489E-03  1.1664E-07  1.1736E+08  2.1218E+09
  7.1253E+01  2.3163E-03  1.1803E-07  1.1797E+08  2.1521E+09
  7.1816E+01  2.2841E-03  1.1943E-07  1.1859E+08  2.1828E+09
  7.2384E+01  2.2523E-03  1.2085E-07  1.1920E+08  2.2138E+09
  7.2955E+01  2.2210E-03  1.2228E-07  1.1982E+08  2.2453E+09
  7.3530E+01  2.1902E-03  1.2373E-07  1.2044E+08  2.2772E+09
  7.4109E+01  2.1598E-03  1.2519E-07  1.2106E+08  2.3095E+09
  7.4693E+01  2.1299E-03  1.2667E-07  1.2169E+08  2.3422E+09
  7.5281E+01  2.1004E-03  1.2816E-07  1.2232E+08  2.3753E+09
  7.5873E+01  2.0713E-03  1.2967E-07  1.2295E+08  2.4088E+09
  7.6469E+01  2.0426E-03  1.3119E-07  1.2358E+08  2.4428E+09
  7.7070E+01  2.0143E-03  1.3273E-07  1.2422E+08  2.4772E+09
  7.7675E+01  1.9865E-03  1.3428E-07  1.2486E+08  2.5121E+09
  7.8284E+01  1.9590E-03  1.3585E-07  1.2550E+08  2.5473E+09
  7.8897E+01  1.9319E-03  1.3743E-07  1.2615E+08  2.5831E+09
  7.9516E+01  1.9053E-03  1.3903E-07  1.2680E+08  2.6192E+09
  8.0138E+01  1.8789E-03  1.4064E-07  1.2745E+08  2.6559E+09
  8.0765E+01  1.8530E-03  1.4227E-07  1.2810E+08  2.6929E+09
  8.1397E+01  1.8275E-03  1.4391E-07  1.2876E+08  2.7305E+09
  8.2033E+01  1.8023E-03  1.4557E-07  1.2942E+08  2.7684E+09
  8.2673E+01  1.7774E-03  1.4725E-07  1.3008E+08  2.8069E+09
  8.3318E+01  1.7530E-03  1.4894E-07  1.3075E+08  2.8458E+09
  8.3968E+01  1.7288E-03  1.5064E-07  1.3142E+08  2.8852E+09
  8.4623E+01  1.7050E-03  1.5236E-07  1.3209E+08  2.9251E+09
  8.5282E+01  1.6816E-03  1.5410E-07  1.3276E+08  2.9655E+09
  8.5946E+01  1.6585E-03  1.5585E-07  1.3344E+08  3.0063E+09
  8.6615E+01  1.6357E-03  1.5762E-07  1.3412E+08  3.0476E+09
  8.7289E+01  1.6132E-03  1.5940E-07  1.3481E+08  3.0894E+09
  8.7967E+01  1.5911E-03  1.6120E-07  1.3550E+08  3.1318E+09
  8.8651E+01  1.5692E-03  1.6302E-07  1.3619E+08  3.1746E+09
  8.9339E+01  1.5477E-03  1.6485E-07  1.3688E+08  3.2179E+09
  9.0032E+01  1.5265E-03  1.6669E-07  1.3758E+08  3.2617E+09
  9.0730E+01  1.5056E-03  1.6855E-07  1.3828E+08  3.3061E+09
  9.1434E+01  1.4849E-03  1.7043E-07  1.3899E+08  3.3509E+09
  9.2142E+01  1.4646E-03  1.7232E-07  1.3969E+08  3.3963E+09
  9.2855E+01  1.4445E-03  1.7423E-07  1.4041E+08  3.4421E+09
  9.3574E+01  1.4248E-03  1.7616E-07  1.4112E+08  3.4886E+09
  9.4298E+01  1.4053E-03  1.7810E-07  1.4184E+08  3.5355E+09
  9.5027E+01  1.3861E-03  1.8005E-07  1.4256E+08  3.5830E+09
  9.5761E+01  1.3671E-03  1.8202E-07  1.4329E+08  3.6310E+09
  9.6500E+01  1.3484E-03  1.8401E-07  1.4402E+08  3.6795E+09
  9.7245E+01  1.3300E-03  1.8601E-07  1.4475E+08  3.7286E+09
  9.7995E+01  1.3118E-03  1.8803E-07  1.4548E+08  3.7782E+09
  9.8751E+01  1.2939E-03  1.9007E-07  1.4622E+08  3.8284E+09
  9.9512E+01  1.2762E-03  1.9211E-07  1.4697E+08  3.8792E+09
  1.0028E+02  1.2588E-03  1.9418E-07  1.4771E+08  3.9305E+09
  1.0105E+02  1.2416E-03  1.9626E-07  1.4847E+08  3.9824E+09
  1.0183E+02  1.2247E-03  1.9836E-07  1.4922E+08  4.0348E+09
  1.0261E+02  1.2079E-03  2.0047E-07  1.4998E+08  4.0878E+09
  1.0340E+02  1.1915E-03  2.0260E-07  1.5074E+08  4.1414E+09
  1.0419E+02  1.1752E-03  2.0474E-07  1.5151E+08  4.1955E+09
  1.0499E+02  1.1592E-03  2.0690E-07  1.5228E+08  4.2503E+09
  1.0580E+02  1.1434E-03  2.0907E-07  1.5305E+08  4.3056E+09
  1.0661E+02  1.1278E-03  2.1126E-07  1.5383E+08  4.3616E+09
  1.0743E+02  1.1124E-03  2.1347E-07  1.5462E+08  4.4181E+09
  1.0825E+02  1.0972E-03  2.1569E-07  1.5540E+08  4.4752E+09
  1.0908E+02  1.0822E-03  2.1792E-07  1.5619E+08  4.5329E+09
  1.0992E+02  1.0675E-03  2.2017E-07  1.5699E+08  4.5913E+09
  1.1076E+02  1.0529E-03  2.2244E-07  1.5779E+08  4.6502E+09
  1.1161E+02  1.0385E-03  2.2472E-07  1.5859E+08  4.7098E+09
  1.1246E+02  1.0244E-03  2.2702E-07  1.5940E+08  4.7700E+09
  1.1332E+02  1.0104E-03  2.2934E-07  1.6021E+08  4.8308E+09
  1.1419E+02  9.9659E-04  2.3166E-07  1.6103E+08  4.8923E+09
  1.1506E+02  9.8298E-04  2.3401E-07  1.6185E+08  4.9544E+09
  1.1594E+02  9.6956E-04  2.3637E-07  1.6267E+08  5.0171E+09
  1.1682E+02  9.5632E-04  2.3874E-07  1.6350E+08  5.0805E+09
  1.1771E+02  9.4325E-04  2.4113E-07  1.6433E+08  5.1445E+09
  1.1861E+02  9.3036E-04  2.4354E-07  1.6517E+08  5.2092E+09
  1.1951E+02  9.1764E-04  2.4596E-07  1.6602E+08  5.2746E+09
  1.2042E+02  9.0509E-04  2.4840E-07  1.6686E+08  5.3406E+09
  1.2134E+02  8.9270E-04  2.5085E-07  1.6772E+08  5.4073E+09
  1.2227E+02  8.8049E-04  2.5332E-07  1.6857E+08  5.4747E+09
  1.2320E+02  8.6843E-04  2.5580E-07  1.6943E+08  5.5428E+09
  1.2413E+02  8.5653E-04  2.5830E-07  1.7030E+08  5.6116E+09
  1.2508E+02  8.4479E-04  2.6082E-07  1.7117E+08  5.6810E+09
  1.2603E+02  8.3320E-04  2.6335E-07  1.7205E+08  5.7512E+09
  1.2698E+02  8.2177E-04  2.6589E-07  1.7293E+08  5.8221E+09
  1.2795E+02  8.1049E-04  2.6845E-07  1.7382E+08  5.8937E+09
  1.2892E+02  7.9935E-04  2.7103E-07  1.7471E+08  5.9660E+09
  1.2990E+02  7.8836E-04  2.7362E-07  1.7560E+08  6.0390E+09
  1.3088E+02  7.7752E-04  2.7623E-07  1.7650E+08  6.1128E+09
  1.3188E+02  7.6681E-04  2.7885E-07  1.7741E+08  6.1874E+09
  1.3288E+02  7.5625E-04  2.8149E-07  1.7832E+08  6.2627E+09
  1.3388E+02  7.4582E-04  2.8415E-07  1.7924E+08  6.3387E+09
  1.3490E+02  7.3553E-04  2.8682E-07  1.8016E+08  6.4155E+09
  1.3592E+02  7.2537E-04  2.8951E-07  1.8108E+08  6.4931E+09
  1.3695E+02  7.1534E-04  2.9221E-07  1.8202E+08  6.5715E+09
  1.3798E+02  7.0545E-04  2.9493E-07  1.8295E+08  6.6507E+09
  1.3903E+02  6.9568E-04  2.9767E-07  1.8390E+08  6.7306E+09
  1.4008E+02  6.8604E-04  3.0042E-07  1.8485E+08  6.8114E+09
  1.4113E+02  6.7652E-04  3.0319E-07  1.8580E+08  6.8930E+09
  1.4220E+02  6.6712E-04  3.0597E-07  1.8676E+08  6.9754E+09
  1.4327E+02  6.5785E-04  3.0877E-07  1.8772E+08  7.0587E+09
  1.4436E+02  6.4869E-04  3.1159E-07  1.8869E+08  7.1427E+09
  1.4545E+02  6.3965E-04  3.1443E-07  1.8967E+08  7.2277E+09
  1.4654E+02  6.3073E-04  3.1728E-07  1.9065E+08  7.3135E+09
  1.4765E+02  6.2192E-04  3.2015E-07  1.9164E+08  7.4002E+09
  1.4876E+02  6.1322E-04  3.2303E-07  1.9263E+08  7.4878E+09
  1.4988E+02  6.0464E-04  3.2593E-07  1.9363E+08  7.5762E+09
  1.5101E+02  5.9616E-04  3.2885E-07  1.9464E+08  7.6656E+09
  1.5215E+02  5.8779E-04  3.3179E-07  1.9565E+08  7.7559E+09
  1.5329E+02  5.7953E-04  3.3475E-07  1.9667E+08  7.8471E+09
  1.5445E+02  5.7137E-04  3.3772E-07  1.9769E+08  7.9392E+09
  1.5561E+02  5.6332E-04  3.4071E-07  1.9872E+08  8.0323E+09
  1.5678E+02  5.5537E-04  3.4372E-07  1.9976E+08  8.1264E+09
  1.5796E+02  5.4752E-04  3.4674E-07  2.0080E+08  8.2214E+09
  1.5915E+02  5.3977E-04  3.4979E-07  2.0185E+08  8.3174E+09
  1.6034E+02  5.3212E-04  3.5285E-07  2.0290E+08  8.4144E+09
  1.6155E+02  5.2456E-04  3.5593E-07  2.0397E+08  8.5125E+09
  1.6276E+02  5.1711E-04  3.5903E-07  2.0503E+08  8.6115E+09
  1.6398E+02  5.0974E-04  3.6215E-07  2.0611E+08  8.7116E+09
  1.6521E+02  5.0247E-04  3.6529E-07  2.0719E+08  8.8128E+09
  1.6645E+02  4.9529E-04  3.6845E-07  2.0828E+08  8.9150E+09
  1.6770E+02  4.8820E-04  3.7162E-07  2.0937E+08  9.0182E+09
  1.6896E+02  4.8120E-04  3.7482E-07  2.1047E+08  9.1226E+09
  1.7022E+02  4.7429E-04  3.7804E-07  2.1158E+08  9.2281E+09
  1.7150E+02  4.6747E-04  3.8127E-07  2.1269E+08  9.3347E+09
  1.7278E+02  4.6073E-04  3.8453E-07  2.1382E+08  9.4424E+09
  1.7408E+02  4.5408E-04  3.8781E-07  2.1494E+08  9.5514E+09
  1.7538E+02  4.4752E-04  3.9111E-07  2.1608E+08  9.6614E+09
  1.7669E+02  4.4103E-04  3.9443E-07  2.1722E+08  9.7727E+09
  1.7802E+02  4.3463E-04  3.9777E-07  2.1837E+08  9.8852E+09
  1.7935E+02  4.2831E-04  4.0113E-07  2.1953E+08  9.9989E+09
  1.8069E+02  4.2207E-04  4.0452E-07  2.2069E+08  1.0114E+10
  1.8204E+02  4.1591E-04  4.0792E-07  2.2187E+08  1.0230E+10
  1.8340E+02  4.0982E-04  4.1135E-07  2.2304E+08  1.0347E+10
  1.8477E+02  4.0382E-04  4.1480E-07  2.2423E+08  1.0466E+10
  1.8615E+02  3.9789E-04  4.1828E-07  2.2543E+08  1.0586E+10
  1.8754E+02  3.9203E-04  4.2177E-07  2.2663E+08  1.0708E+10
  1.8894E+02  3.8625E-04  4.2530E-07  2.2784E+08  1.0830E+10
  1.9035E+02  3.8055E-04  4.2884E-07  2.2905E+08  1.0955E+10
  1.9177E+02  3.7491E-04  4.3241E-07  2.3028E+08  1.1080E+10
  1.9320E+02  3.6935E-04  4.3600E-07  2.3151E+08  1.1207E+10
  1.9465E+02  3.6386E-04  4.3962E-07  2.3275E+08  1.1335E+10
  1.9610E+02  3.5844E-04  4.4326E-07  2.3400E+08  1.1465E+10
  1.9756E+02  3.5309E-04  4.4693E-07  2.3526E+08  1.1596E+10
  1.9903E+02  3.4781E-04  4.5062E-07  2.3652E+08  1.1729E+10
  2.0051E+02  3.4259E-04  4.5434E-07  2.3780E+08  1.1863E+10
  2.0201E+02  3.3744E-04  4.5809E-07  2.3908E+08  1.1999E+10
  2.0351E+02  3.3236E-04  4.6186E-07  2.4037E+08  1.2137E+10
  2.0503E+02  3.2734E-04  4.6566E-07  2.4166E+08  1.2276E+10
  2.0655E+02  3.2239E-04  4.6948E-07  2.4297E+08  1.2416E+10
  2.0809E+02  3.1750E-04  4.7334E-07  2.4429E+08  1.2559E+10
  2.0964E+02  3.1268E-04  4.7722E-07  2.4561E+08  1.2702E+10
  2.1120E+02  3.0792E-04  4.8113E-07  2.4694E+08  1.2848E+10
  2.1277E+02  3.0322E-04  4.8507E-07  2.4828E+08  1.2995E+10
  2.1435E+02  2.9858E-04  4.8904E-07  2.4963E+08  1.3144E+10
  2.1595E+02  2.9400E-04  4.9303E-07  2.5099E+08  1.3295E+10
  2.1755E+02  2.8948E-04  4.9706E-07  2.5236E+08  1.3448E+10
  2.1917E+02  2.8502E-04  5.0112E-07  2.5374E+08  1.3602E+10
  2.2079E+02  2.8062E-04  5.0521E-07  2.5513E+08  1.3758E+10
  2.2243E+02  2.7628E-04  5.0933E-07  2.5652E+08  1.3916E+10
  2.2409E+02  2.7199E-04  5.1348E-07  2.5793E+08  1.4076E+10
  2.2575E+02  2.6776E-04  5.1766E-07  2.5934E+08  1.4238E+10
  2.2742E+02  2.6359E-04  5.2187E-07  2.6076E+08  1.4402E+10
  2.2911E+02  2.5947E-04  5.2612E-07  2.6220E+08  1.4568E+10
  2.3081E+02  2.5541E-04  5.3040E-07  2.6364E+08  1.4736E+10
  2.3252E+02  2.5140E-04  5.3472E-07  2.6509E+08  1.4906E+10
  2.3425E+02  2.4744E-04  5.3907E-07  2.6656E+08  1.5078E+10
  2.3598E+02  2.4354E-04  5.4345E-07  2.6803E+08  1.5253E+10
  2.3773E+02  2.3969E-04  5.4787E-07  2.6951E+08  1.5429E+10
  2.3949E+02  2.3589E-04  5.5232E-07  2.7101E+08  1.5607E+10
  2.4127E+02  2.3214E-04  5.5681E-07  2.7251E+08  1.5788E+10
  2.4306E+02  2.2844E-04  5.6133E-07  2.7402E+08  1.5971E+10
  2.4486E+02  2.2480E-04  5.6590E-07  2.7554E+08  1.6157E+10
  2.4667E+02  2.2120E-04  5.7049E-07  2.7708E+08  1.6344E+10
  2.4850E+02  2.1765E-04  5.7513E-07  2.7862E+08  1.6534E+10
  2.5033E+02  2.1415E-04  5.7981E-07  2.8018E+08  1.6727E+10
  2.5219E+02  2.1070E-04  5.8452E-07  2.8174E+08  1.6921E+10
  2.5405E+02  2.0729E-04  5.8927E-07  2.8332E+08  1.7119E+10
  2.5593E+02  2.0393E-04  5.9407E-07  2.8491E+08  1.7319E+10
  2.5782E+02  2.0062E-04  5.9890E-07  2.8651E+08  1.7521E+10
  2.5973E+02  1.9735E-04  6.0377E-07  2.8812E+08  1.7726E+10
  2.6165E+02  1.9413E-04  6.0869E-07  2.8974E+08  1.7934E+10
  2.6358E+02  1.9096E-04  6.1365E-07  2.9137E+08  1.8144E+10
  2.6553E+02  1.8783E-04  6.1865E-07  2.9301E+08  1.8357E+10
  2.6749E+02  1.8474E-04  6.2369E-07  2.9467E+08  1.8573E+10
  2.6947E+02  1.8169E-04  6.2877E-07  2.9633E+08  1.8791E+10
  2.7146E+02  1.7869E-04  6.3390E-07  2.9801E+08  1.9012E+10
  2.7347E+02  1.7573E-04  6.3908E-07  2.9970E+08  1.9237E+10
  2.7548E+02  1.7282E-04  6.4430E-07  3.0140E+08  1.9464E+10
  2.7752E+02  1.6994E-04  6.4956E-07  3.0312E+08  1.9694E+10
  2.7957E+02  1.6711E-04  6.5487E-07  3.0484E+08  1.9927E+10
  2.8163E+02  1.6431E-04  6.6023E-07  3.0658E+08  2.0164E+10
  2.8371E+02  1.6156E-04  6.6563E-07  3.0833E+08  2.0403E+10
  2.8580E+02  1.5884E-04  6.7109E-07  3.1009E+08  2.0645E+10
  2.8791E+02  1.5617E-04  6.7659E-07  3.1187E+08  2.0891E+10
  2.9003E+02  1.5353E-04  6.8214E-07  3.1366E+08  2.1140E+10
  2.9217E+02  1.5093E-04  6.8774E-07  3.1546E+08  2.1393E+10
  2.9432E+02  1.4837E-04  6.9339E-07  3.1727E+08  2.1648E+10
  2.9649E+02  1.4585E-04  6.9909E-07  3.1910E+08  2.1908E+10
  2.9868E+02  1.4336E-04  7.0485E-07  3.2094E+08  2.2170E+10
  3.0088E+02  1.4091E-04  7.1065E-07  3.2279E+08  2.2436E+10
  3.0309E+02  1.3850E-04  7.1651E-07  3.2465E+08  2.2706E+10
  3.0532E+02  1.3612E-04  7.2242E-07  3.2653E+08  2.2980E+10
  3.0757E+02  1.3378E-04  7.2839E-07  3.2843E+08  2.3257E+10
  3.0984E+02  1.3147E-04  7.3441E-07  3.3033E+08  2.3538E+10
  3.1212E+02  1.2920E-04  7.4049E-07  3.3225E+08  2.3822E+10
  3.1442E+02  1.2696E-04  7.4662E-07  3.3419E+08  2.4111E+10
  3.1673E+02  1.2476E-04  7.5281E-07  3.3613E+08  2.4403E+10
  3.1906E+02  1.2259E-04  7.5906E-07  3.3810E+08  2.4700E+10
  3.2141E+02  1.2045E-04  7.6537E-07  3.4007E+08  2.5001E+10
  3.2377E+02  1.1834E-04  7.7173E-07  3.4206E+08  2.5305E+10
  3.2615E+02  1.1627E-04  7.7816E-07  3.4407E+08  2.5614E+10
  3.2855E+02  1.1422E-04  7.8464E-07  3.4609E+08  2.5927E+10
  3.3097E+02  1.1221E-04  7.9119E-07  3.4812E+08  2.6245E+10
  3.3340E+02  1.1023E-04  7.9779E-07  3.5017E+08  2.6567E+10
  3.3585E+02  1.0828E-04  8.0446E-07  3.5224E+08  2.6893E+10
  3.3832E+02  1.0636E-04  8.1120E-07  3.5432E+08  2.7224E+10
  3.4080E+02  1.0448E-04  8.1799E-07  3.5641E+08  2.7559E+10
  3.4331E+02  1.0262E-04  8.2486E-07  3.5852E+08  2.7899E+10
  3.4583E+02  1.0078E-04  8.3178E-07  3.6065E+08  2.8244E+10
  3.4837E+02  9.8982E-05  8.3878E-07  3.6279E+08  2.8594E+10
  3.5093E+02  9.7208E-05  8.4584E-07  3.6495E+08  2.8948E+10
  3.5350E+02  9.5462E-05  8.5297E-07  3.6712E+08  2.9308E+10
  3.5610E+02  9.3744E-05  8.6016E-07  3.6931E+08  2.9672E+10
  3.5871E+02  9.2054E-05  8.6743E-07  3.7152E+08  3.0042E+10
  3.6135E+02  9.0390E-05  8.7477E-07  3.7374E+08  3.0417E+10
  3.6400E+02  8.8753E-05  8.8217E-07  3.7598E+08  3.0797E+10
  3.6667E+02  8.7142E-05  8.8965E-07  3.7823E+08  3.1183E+10
  3.6936E+02  8.5557E-05  8.9720E-07  3.8051E+08  3.1573E+10
  3.7207E+02  8.3998E-05  9.0483E-07  3.8280E+08  3.1970E+10
  3.7480E+02  8.2464E-05  9.1253E-07  3.8510E+08  3.2372E+10
  3.7755E+02  8.0955E-05  9.2030E-07  3.8743E+08  3.2780E+10
  3.8031E+02  7.9470E-05  9.2815E-07  3.8977E+08  3.3193E+10
  3.8310E+02  7.8010E-05  9.3608E-07  3.9213E+08  3.3613E+10
  3.8591E+02  7.6574E-05  9.4409E-07  3.9450E+08  3.4038E+10
  3.8874E+02  7.5161E-05  9.5217E-07  3.9690E+08  3.4470E+10
  3.9159E+02  7.3772E-05  9.6033E-07  3.9931E+08  3.4908E+10
  3.9446E+02  7.2406E-05  9.6858E-07  4.0174E+08  3.5351E+10
  3.9735E+02  7.1063E-05  9.7690E-07  4.0419E+08  3.5802E+10
  4.0026E+02  6.9741E-05  9.8531E-07  4.0666E+08  3.6258E+10
  4.0319E+02  6.8443E-05  9.9380E-07  4.0914E+08  3.6722E+10
  4.0614E+02  6.7165E-05  1.0024E-06  4.1165E+08  3.7192E+10
  4.0912E+02  6.5910E-05  1.0110E-06  4.1417E+08  3.7668E+10
  4.1211E+02  6.4675E-05  1.0198E-06  4.1672E+08  3.8152E+10
  4.1513E+02  6.3462E-05  1.0286E-06  4.1928E+08  3.8642E+10
  4.1817E+02  6.2269E-05  1.0375E-06  4.2186E+08  3.9140E+10
  4.2123E+02  6.1096E-05  1.0465E-06  4.2447E+08  3.9645E+10
  4.2431E+02  5.9944E-05  1.0556E-06  4.2709E+08  4.0157E+10
  4.2742E+02  5.8811E-05  1.0648E-06  4.2973E+08  4.0676E+10
  4.3054E+02  5.7697E-05  1.0741E-06  4.3239E+08  4.1203E+10
  4.3369E+02  5.6603E-05  1.0835E-06  4.3508E+08  4.1738E+10
  4.3687E+02  5.5528E-05  1.0929E-06  4.3778E+08  4.2280E+10
  4.4006E+02  5.4471E-05  1.1025E-06  4.4050E+08  4.2830E+10
  4.4328E+02  5.3433E-05  1.1122E-06  4.4325E+08  4.3388E+10
  4.4652E+02  5.2413E-05  1.1219E-06  4.4602E+08  4.3954E+10
  4.4979E+02  5.1411E-05  1.1318E-06  4.4880E+08  4.4529E+10
  4.5308E+02  5.0426E-05  1.1417E-06  4.5161E+08  4.5112E+10
  4.5639E+02  4.9458E-05  1.1518E-06  4.5444E+08  4.5703E+10
  4.5972E+02  4.8508E-05  1.1619E-06  4.5730E+08  4.6303E+10
  4.6308E+02  4.7574E-05  1.1722E-06  4.6017E+08  4.6912E+10
  4.6647E+02  4.6657E-05  1.1825E-06  4.6307E+08  4.7529E+10
  4.6988E+02  4.5757E-05  1.1930E-06  4.6599E+08  4.8156E+10
  4.7331E+02  4.4872E-05  1.2035E-06  4.6893E+08  4.8791E+10
  4.7677E+02  4.4003E-05  1.2142E-06  4.7190E+08  4.9436E+10
  4.8025E+02  4.3150E-05  1.2250E-06  4.7489E+08  5.0091E+10
  4.8376E+02  4.2312E-05  1.2359E-06  4.7790E+08  5.0755E+10
  4.8729E+02  4.1489E-05  1.2469E-06  4.8094E+08  5.1429E+10
  4.9085E+02  4.0681E-05  1.2580E-06  4.8400E+08  5.2112E+10
  4.9443E+02  3.9888E-05  1.2692E-06  4.8708E+08  5.2806E+10
  4.9804E+02  3.9109E-05  1.2805E-06  4.9019E+08  5.3510E+10
  5.0168E+02  3.8344E-05  1.2920E-06  4.9332E+08  5.4224E+10
  5.0534E+02  3.7593E-05  1.3035E-06  4.9648E+08  5.4948E+10
  5.0903E+02  3.6856E-05  1.3152E-06  4.9966E+08  5.5683E+10
  5.1275E+02  3.6133E-05  1.3270E-06  5.0287E+08  5.6429E+10
  5.1649E+02  3.5422E-05  1.3389E-06  5.0610E+08  5.7186E+10
  5.2026E+02  3.4725E-05  1.3509E-06  5.0936E+08  5.7955E+10
  5.2405E+02  3.4041E-05  1.3631E-06  5.1264E+08  5.8734E+10
  5.2788E+02  3.3369E-05  1.3754E-06  5.1595E+08  5.9525E+10
  5.3173E+02  3.2710E-05  1.3878E-06  5.1929E+08  6.0327E+10
  5.3560E+02  3.2063E-05  1.4003E-06  5.2265E+08  6.1141E+10
  5.3951E+02  3.1428E-05  1.4130E-06  5.2604E+08  6.1968E+10
  5.4345E+02  3.0805E-05  1.4257E-06  5.2946E+08  6.2806E+10
  5.4741E+02  3.0194E-05  1.4387E-06  5.3290E+08  6.3657E+10
  5.5140E+02  2.9594E-05  1.4517E-06  5.3637E+08  6.4520E+10
  5.5542E+02  2.9006E-05  1.4649E-06  5.3987E+08  6.5396E+10
  5.5947E+02  2.8428E-05  1.4782E-06  5.4339E+08  6.6285E+10
  5.6355E+02  2.7862E-05  1.4916E-06  5.4695E+08  6.7187E+10
  5.6765E+02  2.7306E-05  1.5052E-06  5.5053E+08  6.8102E+10
  5.7179E+02  2.6761E-05  1.5189E-06  5.5414E+08  6.9031E+10
  5.7596E+02  2.6226E-05  1.5328E-06  5.5779E+08  6.9973E+10
  5.8016E+02  2.5701E-05  1.5467E-06  5.6145E+08  7.0930E+10
  5.8438E+02  2.5187E-05  1.5609E-06  5.6515E+08  7.1900E+10
  5.8864E+02  2.4682E-05  1.5752E-06  5.6888E+08  7.2885E+10
  5.9293E+02  2.4187E-05  1.5896E-06  5.7264E+08  7.3884E+10
  5.9725E+02  2.3701E-05  1.6041E-06  5.7643E+08  7.4898E+10
  6.0160E+02  2.3225E-05  1.6188E-06  5.8025E+08  7.5927E+10
  6.0598E+02  2.2758E-05  1.6337E-06  5.8410E+08  7.6971E+10
  6.1039E+02  2.2300E-05  1.6487E-06  5.8799E+08  7.8030E+10
  6.1484E+02  2.1851E-05  1.6639E-06  5.9190E+08  7.9105E+10
  6.1931E+02  2.1410E-05  1.6792E-06  5.9584E+08  8.0196E+10
  6.2382E+02  2.0978E-05  1.6946E-06  5.9982E+08  8.1303E+10
  6.2836E+02  2.0555E-05  1.7102E-06  6.0383E+08  8.2426E+10
  6.3294E+02  2.0140E-05  1.7260E-06  6.0787E+08  8.3566E+10
  6.3755E+02  1.9733E-05  1.7420E-06  6.1195E+08  8.4722E+10
  6.4219E+02  1.9334E-05  1.7580E-06  6.1606E+08  8.5896E+10
  6.4686E+02  1.8942E-05  1.7743E-06  6.2020E+08  8.7087E+10
  6.5157E+02  1.8559E-05  1.7907E-06  6.2437E+08  8.8295E+10
  6.5631E+02  1.8183E-05  1.8073E-06  6.2858E+08  8.9521E+10
  6.6108E+02  1.7814E-05  1.8240E-06  6.3283E+08  9.0766E+10
  6.6589E+02  1.7453E-05  1.8409E-06  6.3710E+08  9.2028E+10
  6.7074E+02  1.7099E-05  1.8580E-06  6.4142E+08  9.3309E+10
  6.7562E+02  1.6751E-05  1.8753E-06  6.4577E+08  9.4609E+10
  6.8053E+02  1.6411E-05  1.8927E-06  6.5015E+08  9.5928E+10
  6.8548E+02  1.6078E-05  1.9103E-06  6.5457E+08  9.7266E+10
  6.9047E+02  1.5751E-05  1.9281E-06  6.5903E+08  9.8624E+10
  6.9549E+02  1.5430E-05  1.9460E-06  6.6352E+08  1.0000E+11
  7.0055E+02  1.5117E-05  1.9641E-06  6.6805E+08  1.0140E+11
  7.0564E+02  1.4809E-05  1.9824E-06  6.7262E+08  1.0282E+11
  7.1077E+02  1.4507E-05  2.0009E-06  6.7722E+08  1.0426E+11
  7.1594E+02  1.4212E-05  2.0196E-06  6.8187E+08  1.0572E+11
  7.2114E+02  1.3922E-05  2.0384E-06  6.8655E+08  1.0720E+11
  7.2639E+02  1.3639E-05  2.0575E-06  6.9127E+08  1.0870E+11
  7.3167E+02  1.3361E-05  2.0767E-06  6.9603E+08  1.1023E+11
  7.3698E+02  1.3088E-05  2.0961E-06  7.0083E+08  1.1178E+11
  7.4234E+02  1.2821E-05  2.1157E-06  7.0566E+08  1.1335E+11
  7.4773E+02  1.2560E-05  2.1355E-06  7.1054E+08  1.1494E+11
  7.5317E+02  1.2304E-05  2.1555E-06  7.1546E+08  1.1656E+11
  7.5864E+02  1.2053E-05  2.1757E-06  7.2042E+08  1.1820E+11
  7.6415E+02  1.1807E-05  2.1961E-06  7.2542E+08  1.1986E+11
  7.6970E+02  1.1566E-05  2.2167E-06  7.3047E+08  1.2155E+11
  7.7530E+02  1.1330E-05  2.2375E-06  7.3555E+08  1.2326E+11
  7.8093E+02  1.1098E-05  2.2584E-06  7.4068E+08  1.2500E+11
  7.8660E+02  1.0872E-05  2.2796E-06  7.4585E+08  1.2676E+11
  7.9231E+02  1.0650E-05  2.3010E-06  7.5106E+08  1.2855E+11
  7.9807E+02  1.0433E-05  2.3226E-06  7.5632E+08  1.3036E+11
  8.0387E+02  1.0220E-05  2.3445E-06  7.6162E+08  1.3220E+11
  8.0970E+02  1.0011E-05  2.3665E-06  7.6696E+08  1.3407E+11
  8.1558E+02  9.8069E-06  2.3887E-06  7.7235E+08  1.3597E+11
  8.2151E+02  9.6068E-06  2.4112E-06  7.7779E+08  1.3789E+11
  8.2747E+02  9.4108E-06  2.4339E-06  7.8327E+08  1.3984E+11
  8.3348E+02  9.2189E-06  2.4567E-06  7.8879E+08  1.4182E+11
  8.3953E+02  9.0309E-06  2.4799E-06  7.9436E+08  1.4382E+11
  8.4562E+02  8.8467E-06  2.5032E-06  7.9998E+08  1.4586E+11
  8.5176E+02  8.6663E-06  2.5267E-06  8.0565E+08  1.4792E+11
  8.5795E+02  8.4897E-06  2.5505E-06  8.1136E+08  1.5002E+11
  8.6417E+02  8.3167E-06  2.5745E-06  8.1713E+08  1.5214E+11
  8.7044E+02  8.1472E-06  2.5988E-06  8.2294E+08  1.5430E+11
  8.7676E+02  7.9813E-06  2.6232E-06  8.2880E+08  1.5648E+11
  8.8312E+02  7.8187E-06  2.6479E-06  8.3471E+08  1.5870E+11
  8.8953E+02  7.6596E-06  2.6729E-06  8.4067E+08  1.6095E+11
  8.9599E+02  7.5037E-06  2.6980E-06  8.4668E+08  1.6323E+11
  9.0249E+02  7.3511E-06  2.7234E-06  8.5274E+08  1.6554E+11
  9.0904E+02  7.2016E-06  2.7491E-06  8.5885E+08  1.6789E+11
  9.1563E+02  7.0552E-06  2.7750E-06  8.6502E+08  1.7027E+11
  9.2227E+02  6.9119E-06  2.8011E-06  8.7123E+08  1.7269E+11
  9.2896E+02  6.7715E-06  2.8275E-06  8.7750E+08  1.7514E+11
  9.3570E+02  6.6340E-06  2.8541E-06  8.8382E+08  1.7762E+11
  9.4249E+02  6.4994E-06  2.8810E-06  8.9020E+08  1.8014E+11
  9.4933E+02  6.3676E-06  2.9081E-06  8.9663E+08  1.8270E+11
  9.5621E+02  6.2385E-06  2.9355E-06  9.0312E+08  1.8529E+11
  9.6315E+02  6.1121E-06  2.9631E-06  9.0966E+08  1.8792E+11
  9.7013E+02  5.9884E-06  2.9910E-06  9.1625E+08  1.9059E+11
  9.7717E+02  5.8672E-06  3.0191E-06  9.2291E+08  1.9329E+11
  9.8425E+02  5.7486E-06  3.0475E-06  9.2961E+08  1.9603E+11
  9.9139E+02  5.6324E-06  3.0762E-06  9.3638E+08  1.9882E+11
  9.9858E+02  5.5187E-06  3.1051E-06  9.4321E+08  2.0164E+11
  1.0058E+03  5.4074E-06  3.1343E-06  9.5009E+08  2.0450E+11
  1.0131E+03  5.2984E-06  3.1638E-06  9.5703E+08  2.0741E+11
  1.0205E+03  5.1917E-06  3.1935E-06  9.6403E+08  2.1035E+11
  1.0278E+03  5.0872E-06  3.2235E-06  9.7109E+08  2.1333E+11
  1.0353E+03  4.9850E-06  3.2537E-06  9.7821E+08  2.1636E+11
  1.0428E+03  4.8849E-06  3.2843E-06  9.8540E+08  2.1943E+11
  1.0504E+03  4.7869E-06  3.3151E-06  9.9264E+08  2.2254E+11
  1.0580E+03  4.6911E-06  3.3462E-06  9.9995E+08  2.2569E+11
  1.0656E+03  4.5972E-06  3.3775E-06  1.0073E+09  2.2889E+11
  1.0734E+03  4.5053E-06  3.4092E-06  1.0148E+09  2.3213E+11
  1.0811E+03  4.4155E-06  3.4411E-06  1.0223E+09  2.3541E+11
  1.0890E+03  4.3274E-06  3.4733E-06  1.0298E+09  2.3873E+11
  1.0969E+03  4.2413E-06  3.5058E-06  1.0374E+09  2.4211E+11
  1.1048E+03  4.1570E-06  3.5386E-06  1.0451E+09  2.4552E+11
  1.1128E+03  4.0744E-06  3.5717E-06  1.0529E+09  2.4898E+11
  1.1209E+03  3.9936E-06  3.6051E-06  1.0607E+09  2.5249E+11
  1.1290E+03  3.9145E-06  3.6388E-06  1.0686E+09  2.5603E+11
  1.1372E+03  3.8370E-06  3.6728E-06  1.0766E+09  2.5962E+11
  1.1454E+03  3.7610E-06  3.7070E-06  1.0846E+09  2.6327E+11
  1.1537E+03  3.6866E-06  3.7416E-06  1.0927E+09  2.6696E+11
  1.1621E+03  3.6138E-06  3.7765E-06  1.1009E+09  2.7068E+11
  1.1705E+03  3.5422E-06  3.8117E-06  1.1091E+09  2.7447E+11
  1.1790E+03  3.4721E-06  3.8472E-06  1.1174E+09  2.7833E+11
  1.1875E+03  3.4034E-06  3.8831E-06  1.1258E+09  2.8222E+11
  1.1961E+03  3.3360E-06  3.9192E-06  1.1343E+09  2.8615E+11
  1.2048E+03  3.2696E-06  3.9557E-06  1.1428E+09  2.9017E+11
  1.2135E+03  3.2044E-06  3.9924E-06  1.1514E+09  2.9430E+11
  1.2223E+03  3.1406E-06  4.0295E-06  1.1601E+09  2.9846E+11
  1.2311E+03  3.0779E-06  4.0669E-06  1.1689E+09  3.0265E+11
  1.2400E+03  3.0160E-06  4.1045E-06  1.1777E+09  3.0696E+11
  1.2490E+03  2.9549E-06  4.1425E-06  1.1866E+09  3.1150E+11
  1.2581E+03  2.8950E-06  4.1807E-06  1.1956E+09  3.1625E+11
  1.2672E+03  2.8370E-06  4.2191E-06  1.2047E+09  3.2114E+11
  1.2763E+03  2.7812E-06  4.2578E-06  1.2138E+09  3.2606E+11
  1.2856E+03  2.7277E-06  4.2967E-06  1.2230E+09  3.3091E+11
  1.2949E+03  2.6763E-06  4.3359E-06  1.2323E+09  3.3567E+11
  1.3043E+03  2.6266E-06  4.3754E-06  1.2417E+09  3.4037E+11
  1.3137E+03  2.5783E-06  4.4153E-06  1.2512E+09  3.4503E+11
  1.3232E+03  2.5311E-06  4.4555E-06  1.2608E+09  3.4970E+11
  1.3328E+03  2.4850E-06  4.4961E-06  1.2704E+09  3.5438E+11
  1.3424E+03  2.4398E-06  4.5371E-06  1.2801E+09  3.5911E+11
  1.3522E+03  2.3955E-06  4.5784E-06  1.2899E+09  3.6389E+11
  1.3619E+03  2.3519E-06  4.6201E-06  1.2998E+09  3.6873E+11
  1.3718E+03  2.3092E-06  4.6622E-06  1.3098E+09  3.7363E+11
  1.3817E+03  2.2671E-06  4.7046E-06  1.3199E+09  3.7861E+11
  1.3917E+03  2.2258E-06  4.7475E-06  1.3300E+09  3.8365E+11
  1.4018E+03  2.1853E-06  4.7907E-06  1.3403E+09  3.8877E+11
  1.4119E+03  2.1454E-06  4.8343E-06  1.3506E+09  3.9397E+11
  1.4222E+03  2.1063E-06  4.8783E-06  1.3610E+09  3.9924E+11
  1.4324E+03  2.0678E-06  4.9227E-06  1.3716E+09  4.0459E+11
  1.4428E+03  2.0301E-06  4.9674E-06  1.3822E+09  4.1002E+11
  1.4532E+03  1.9931E-06  5.0125E-06  1.3929E+09  4.1553E+11
  1.4638E+03  1.9567E-06  5.0580E-06  1.4037E+09  4.2112E+11
  1.4743E+03  1.9210E-06  5.1039E-06  1.4146E+09  4.2678E+11
  1.4850E+03  1.8861E-06  5.1502E-06  1.4256E+09  4.3253E+11
  1.4958E+03  1.8517E-06  5.1969E-06  1.4367E+09  4.3835E+11
  1.5066E+03  1.8181E-06  5.2439E-06  1.4479E+09  4.4425E+11
  1.5175E+03  1.7851E-06  5.2913E-06  1.4591E+09  4.5022E+11
  1.5284E+03  1.7527E-06  5.3391E-06  1.4705E+09  4.5628E+11
  1.5395E+03  1.7209E-06  5.3873E-06  1.4820E+09  4.6242E+11
  1.5506E+03  1.6898E-06  5.4359E-06  1.4936E+09  4.6863E+11
  1.5618E+03  1.6593E-06  5.4849E-06  1.5053E+09  4.7492E+11
  1.5731E+03  1.6293E-06  5.5343E-06  1.5171E+09  4.8130E+11
  1.5845E+03  1.6000E-06  5.5840E-06  1.5290E+09  4.8775E+11
  1.5960E+03  1.5712E-06  5.6342E-06  1.5410E+09  4.9429E+11
  1.6075E+03  1.5430E-06  5.6847E-06  1.5531E+09  5.0091E+11
  1.6191E+03  1.5154E-06  5.7356E-06  1.5654E+09  5.0761E+11
  1.6309E+03  1.4883E-06  5.7870E-06  1.5777E+09  5.1440E+11
  1.6426E+03  1.4617E-06  5.8387E-06  1.5901E+09  5.2127E+11
  1.6545E+03  1.4356E-06  5.8909E-06  1.6027E+09  5.2823E+11
  1.6665E+03  1.4101E-06  5.9434E-06  1.6154E+09  5.3527E+11
  1.6785E+03  1.3850E-06  5.9963E-06  1.6281E+09  5.4240E+11
  1.6907E+03  1.3605E-06  6.0497E-06  1.6410E+09  5.4961E+11
  1.7029E+03  1.3364E-06  6.1034E-06  1.6540E+09  5.5692E+11
  1.7152E+03  1.3128E-06  6.1576E-06  1.6672E+09  5.6431E+11
  1.7276E+03  1.2897E-06  6.2121E-06  1.6804E+09  5.7179E+11
  1.7401E+03  1.2670E-06  6.2671E-06  1.6938E+09  5.7936E+11
  1.7527E+03  1.2447E-06  6.3225E-06  1.7072E+09  5.8702E+11
  1.7653E+03  1.2229E-06  6.3783E-06  1.7208E+09  5.9478E+11
  1.7781E+03  1.2015E-06  6.4345E-06  1.7346E+09  6.0262E+11
  1.7909E+03  1.1806E-06  6.4911E-06  1.7484E+09  6.1056E+11
  1.8039E+03  1.1600E-06  6.5481E-06  1.7624E+09  6.1860E+11
  1.8169E+03  1.1399E-06  6.6055E-06  1.7765E+09  6.2672E+11
  1.8301E+03  1.1201E-06  6.6634E-06  1.7907E+09  6.3495E+11
  1.8433E+03  1.1007E-06  6.7217E-06  1.8050E+09  6.4326E+11
  1.8566E+03  1.0817E-06  6.7804E-06  1.8195E+09  6.5168E+11
  1.8700E+03  1.0631E-06  6.8395E-06  1.8341E+09  6.6019E+11
  1.8835E+03  1.0448E-06  6.8990E-06  1.8489E+09  6.6880E+11
  1.8972E+03  1.0269E-06  6.9590E-06  1.8637E+09  6.7752E+11
  1.9109E+03  1.0094E-06  7.0194E-06  1.8788E+09  6.8633E+11
  1.9247E+03  9.9214E-07  7.0802E-06  1.8939E+09  6.9524E+11
  1.9386E+03  9.7525E-07  7.1414E-06  1.9092E+09  7.0425E+11
  1.9526E+03  9.5868E-07  7.2030E-06  1.9246E+09  7.1337E+11
  1.9667E+03  9.4244E-07  7.2651E-06  1.9401E+09  7.2258E+11
  1.9809E+03  9.2650E-07  7.3276E-06  1.9558E+09  7.3191E+11
  1.9952E+03  9.1087E-07  7.3906E-06  1.9717E+09  7.4133E+11
  2.0096E+03  8.9554E-07  7.4539E-06  1.9877E+09  7.5087E+11
  2.0242E+03  8.8050E-07  7.5177E-06  2.0038E+09  7.6050E+11
  2.0388E+03  8.6576E-07  7.5820E-06  2.0201E+09  7.7025E+11
  2.0535E+03  8.5129E-07  7.6466E-06  2.0365E+09  7.8010E+11
  2.0683E+03  8.3710E-07  7.7117E-06  2.0530E+09  7.9006E+11
  2.0833E+03  8.2318E-07  7.7773E-06  2.0698E+09  8.0013E+11
  2.0983E+03  8.0952E-07  7.8432E-06  2.0866E+09  8.1031E+11
  2.1135E+03  7.9612E-07  7.9096E-06  2.1036E+09  8.2061E+11
  2.1288E+03  7.8298E-07  7.9765E-06  2.1208E+09  8.3101E+11
  2.1441E+03  7.7009E-07  8.0437E-06  2.1382E+09  8.4153E+11
  2.1596E+03  7.5743E-07  8.1115E-06  2.1556E+09  8.5215E+11
  2.1752E+03  7.4502E-07  8.1796E-06  2.1733E+09  8.6290E+11
  2.1909E+03  7.3284E-07  8.2482E-06  2.1911E+09  8.7375E+11
  2.2068E+03  7.2089E-07  8.3172E-06  2.2091E+09  8.8473E+11
  2.2227E+03  7.0916E-07  8.3867E-06  2.2272E+09  8.9582E+11
  2.2388E+03  6.9765E-07  8.4566E-06  2.2455E+09  9.0702E+11
  2.2549E+03  6.8635E-07  8.5270E-06  2.2640E+09  9.1835E+11
  2.2712E+03  6.7527E-07  8.5978E-06  2.2826E+09  9.2979E+11
  2.2876E+03  6.6439E-07  8.6690E-06  2.3014E+09  9.4136E+11
  2.3041E+03  6.5372E-07  8.7407E-06  2.3204E+09  9.5303E+11
  2.3208E+03  6.4324E-07  8.8128E-06  2.3395E+09  9.6484E+11
  2.3375E+03  6.3295E-07  8.8854E-06  2.3588E+09  9.7676E+11
  2.3544E+03  6.2285E-07  8.9584E-06  2.3783E+09  9.8881E+11
  2.3714E+03  6.1294E-07  9.0318E-06  2.3980E+09  1.0010E+12
  2.3885E+03  6.0321E-07  9.1058E-06  2.4179E+09  1.0133E+12
  2.4058E+03  5.9366E-07  9.1801E-06  2.4379E+09  1.0257E+12
  2.4232E+03  5.8428E-07  9.2549E-06  2.4581E+09  1.0382E+12
  2.4407E+03  5.7508E-07  9.3301E-06  2.4785E+09  1.0509E+12
  2.4583E+03  5.6604E-07  9.4058E-06  2.4991E+09  1.0637E+12
  2.4760E+03  5.5716E-07  9.4820E-06  2.5199E+09  1.0766E+12
  2.4939E+03  5.4844E-07  9.5585E-06  2.5409E+09  1.0897E+12
  2.5119E+03  5.3989E-07  9.6356E-06  2.5620E+09  1.1029E+12
  2.5300E+03  5.3148E-07  9.7130E-06  2.5834E+09  1.1162E+12
  2.5483E+03  5.2323E-07  9.7910E-06  2.6049E+09  1.1296E+12
  2.5667E+03  5.1512E-07  9.8693E-06  2.6267E+09  1.1432E+12
  2.5852E+03  5.0716E-07  9.9482E-06  2.6486E+09  1.1569E+12
  2.6039E+03  4.9934E-07  1.0027E-05  2.6708E+09  1.1708E+12
  2.6227E+03  4.9166E-07  1.0107E-05  2.6931E+09  1.1847E+12
  2.6416E+03  4.8412E-07  1.0187E-05  2.7157E+09  1.1988E+12
  2.6607E+03  4.7671E-07  1.0268E-05  2.7385E+09  1.2131E+12
  2.6799E+03  4.6943E-07  1.0349E-05  2.7614E+09  1.2275E+12
  2.6993E+03  4.6227E-07  1.0430E-05  2.7846E+09  1.2420E+12
  2.7187E+03  4.5525E-07  1.0512E-05  2.8080E+09  1.2566E+12
  2.7384E+03  4.4834E-07  1.0595E-05  2.8316E+09  1.2714E+12
  2.7581E+03  4.4156E-07  1.0678E-05  2.8555E+09  1.2863E+12
  2.7780E+03  4.3489E-07  1.0761E-05  2.8795E+09  1.3014E+12
  2.7981E+03  4.2834E-07  1.0845E-05  2.9038E+09  1.3166E+12
  2.8183E+03  4.2190E-07  1.0929E-05  2.9283E+09  1.3320E+12
  2.8386E+03  4.1558E-07  1.1013E-05  2.9530E+09  1.3474E+12
  2.8591E+03  4.0936E-07  1.1099E-05  2.9780E+09  1.3631E+12
  2.8798E+03  4.0325E-07  1.1184E-05  3.0032E+09  1.3788E+12
