  2.5000E-02  6.0330E+00  3.9937E-18  2.1988E+05  1.0000E+00
  7.5180E-02  6.0700E+00  3.0182E-15  3.2907E+05  1.0000E+00
  1.2572E-01  6.1477E+00  1.5033E-14  6.5798E+05  1.0000E+00
  1.7663E-01  6.2735E+00  3.5207E-14  9.3211E+05  1.0000E+00
  2.2790E-01  6.4612E+00  6.5483E-14  1.1624E+06  1.0000E+00
  2.7954E-01  6.7360E+00  1.0538E-13  1.3631E+06  1.0000E+00
  3.3155E-01  7.1490E+00  1.5146E-13  1.5439E+06  1.0000E+00
  3.8394E-01  7.8260E+00  1.9462E-13  1.7111E+06  1.0000E+00
  4.3670E-01  9.2652E+00  1.3465E-11  1.8687E+06  1.0000E+00
  4.8985E-01  1.1385E+01  6.4664E-11  2.0193E+06  5.7601E+04
  5.4337E-01  8.2651E+00  1.2798E-10  2.1646E+06  2.1510E+05
  5.9729E-01  6.7595E+00  1.7735E-10  2.3061E+06  3.6232E+05
  6.5159E-01  5.6797E+00  2.2488E-10  2.4446E+06  5.1660E+05
  7.0628E-01  4.8605E+00  2.7163E-10  2.5808E+06  6.7844E+05
  7.6136E-01  4.2160E+00  3.1815E-10  2.7153E+06  8.4840E+05
  8.1685E-01  3.6961E+00  3.6475E-10  2.8486E+06  1.0269E+06
  8.7273E-01  3.2687E+00  4.1160E-10  2.9809E+06  1.2141E+06
  9.2901E-01  2.9123E+00  4.5881E-10  3.1126E+06  1.4101E+06
  9.8570E-01  2.6114E+00  5.0646E-10  3.2439E+06  1.6152E+06
  1.0428E+00  2.3547E+00  5.5459E-10  3.3750E+06  1.8294E+06
  1.1003E+00  2.1339E+00  6.0322E-10  3.5061E+06  2.0527E+06
  1.1582E+00  1.9424E+00  6.5238E-10  3.6373E+06  2.2852E+06
  1.2166E+00  1.7752E+00  7.0209E-10  3.7688E+06  2.5270E+06
  1.2753E+00  1.6283E+00  7.5235E-10  3.9006E+06  2.7780E+06
  1.3345E+00  1.4986E+00  8.0318E-10  4.0329E+06  3.0384E+06
  1.3941E+00  1.3834E+00  8.5457E-10  4.1657E+06  3.3080E+06
  1.4542E+00  1.2808E+00  9.0653E-10  4.2992E+06  3.5871E+06
  1.5146E+00  1.1888E+00  9.5906E-10  4.4334E+06  3.8756E+06
  1.5755E+00  1.1061E+00  1.0122E-09  4.5683E+06  4.1736E+06
  1.6369E+00  1.0316E+00  1.0659E-09  4.7040E+06  4.4811E+06
  1.6987E+00  9.6406E-01  1.1201E-09  4.8407E+06  4.7981E+06
  1.7609E+00  9.0277E-01  1.1750E-09  4.9782E+06  5.1248E+06
  1.8236E+00  8.4696E-01  1.2304E-09  5.1167E+06  5.4611E+06
  1.8867E+00  7.9600E-01  1.2864E-09  5.2562E+06  5.8071E+06
  1.9503E+00  7.4935E-01  1.3430E-09  5.3968E+06  6.1629E+06
  2.0143E+00  7.0655E-01  1.4001E-09  5.5384E+06  6.5286E+06
  2.0788E+00  6.6719E-01  1.4579E-09  5.6812E+06  6.9041E+06
  2.1438E+00  6.3091E-01  1.5163E-09  5.8251E+06  7.2897E+06
  2.2092E+00  5.9740E-01  1.5752E-09  5.9702E+06  7.6852E+06
  2.2751E+00  5.6640E-01  1.6348E-09  6.1165E+06  8.0909E+06
  2.3415E+00  5.3766E-01  1.6949E-09  6.2640E+06  8.5067E+06
  2.4084E+00  5.1097E-01  1.7557E-09  6.4128E+06  8.9328E+06
  2.4757E+00  4.8615E-01  1.8170E-09  6.5629E+06  9.3693E+06
  2.5435E+00  4.6303E-01  1.8790E-09  6.7142E+06  9.8161E+06
  2.6119E+00  4.4145E-01  1.9416E-09  6.8669E+06  1.0273E+07
  2.6807E+00  4.2129E-01  2.0048E-09  7.0210E+06  1.0741E+07
  2.7500E+00  4.0243E-01  2.0686E-09  7.1764E+06  1.1220E+07
  2.8198E+00  3.8475E-01  2.1330E-09  7.3332E+06  1.1709E+07
  2.8901E+00  3.6817E-01  2.1981E-09  7.4915E+06  1.2210E+07
  2.9609E+00  3.5260E-01  2.2638E-09  7.6511E+06  1.2721E+07
  3.0322E+00  3.3795E-01  2.3302E-09  7.8122E+06  1.3243E+07
  3.1040E+00  3.2417E-01  2.3972E-09  7.9748E+06  1.3777E+07
  3.1764E+00  3.1117E-01  2.4649E-09  8.1388E+06  1.4322E+07
  3.2492E+00  2.9891E-01  2.5332E-09  8.3043E+06  1.4878E+07
  3.3226E+00  2.8733E-01  2.6022E-09  8.4713E+06  1.5445E+07
  3.3966E+00  2.7638E-01  2.6718E-09  8.6399E+06  1.6025E+07
  3.4710E+00  2.6603E-01  2.7421E-09  8.8099E+06  1.6616E+07
  3.5460E+00  2.5621E-01  2.8132E-09  8.9815E+06  1.7218E+07
  3.6215E+00  2.4691E-01  2.8849E-09  9.1547E+06  1.7833E+07
  3.6976E+00  2.3809E-01  2.9573E-09  9.3295E+06  1.8460E+07
  3.7742E+00  2.2971E-01  3.0304E-09  9.5058E+06  1.9099E+07
  3.8514E+00  2.2174E-01  3.1042E-09  9.6837E+06  1.9750E+07
  3.9291E+00  2.1417E-01  3.1788E-09  9.8633E+06  2.0414E+07
  4.0074E+00  2.0696E-01  3.2541E-09  1.0044E+07  2.1091E+07
  4.0863E+00  2.0009E-01  3.3301E-09  1.0227E+07  2.1780E+07
  4.1657E+00  1.9355E-01  3.4068E-09  1.0412E+07  2.2482E+07
  4.2457E+00  1.8730E-01  3.4843E-09  1.0598E+07  2.3197E+07
  4.3263E+00  1.8134E-01  3.5626E-09  1.0785E+07  2.3925E+07
  4.4074E+00  1.7565E-01  3.6416E-09  1.0975E+07  2.4667E+07
  4.4891E+00  1.7021E-01  3.7214E-09  1.1166E+07  2.5422E+07
  4.5715E+00  1.6500E-01  3.8020E-09  1.1359E+07  2.6190E+07
  4.6544E+00  1.6002E-01  3.8834E-09  1.1553E+07  2.6973E+07
  4.7379E+00  1.5525E-01  3.9656E-09  1.1749E+07  2.7769E+07
  4.8220E+00  1.5068E-01  4.0486E-09  1.1947E+07  2.8579E+07
  4.9067E+00  1.4630E-01  4.1325E-09  1.2147E+07  2.9404E+07
  4.9921E+00  1.4210E-01  4.2171E-09  1.2348E+07  3.0242E+07
  5.0780E+00  1.3807E-01  4.3026E-09  1.2551E+07  3.1096E+07
  5.1646E+00  1.3420E-01  4.3890E-09  1.2756E+07  3.1964E+07
  5.2517E+00  1.3048E-01  4.4762E-09  1.2962E+07  3.2847E+07
  5.3396E+00  1.2691E-01  4.5643E-09  1.3171E+07  3.3745E+07
  5.4280E+00  1.2347E-01  4.6532E-09  1.3381E+07  3.4659E+07
  5.5171E+00  1.2016E-01  4.7431E-09  1.3592E+07  3.5588E+07
  5.6068E+00  1.1698E-01  4.8338E-09  1.3806E+07  3.6532E+07
  5.6972E+00  1.1391E-01  4.9255E-09  1.4021E+07  3.7492E+07
  5.7882E+00  1.1096E-01  5.0181E-09  1.4238E+07  3.8469E+07
  5.8799E+00  1.0812E-01  5.1116E-09  1.4457E+07  3.9461E+07
  5.9722E+00  1.0537E-01  5.2060E-09  1.4678E+07  4.0470E+07
  6.0652E+00  1.0273E-01  5.3015E-09  1.4900E+07  4.1495E+07
  6.1589E+00  1.0017E-01  5.3978E-09  1.5124E+07  4.2537E+07
  6.2532E+00  9.7705E-02  5.4952E-09  1.5351E+07  4.3597E+07
  6.3482E+00  9.5324E-02  5.5935E-09  1.5578E+07  4.4673E+07
  6.4439E+00  9.3023E-02  5.6929E-09  1.5808E+07  4.5767E+07
  6.5403E+00  9.0800E-02  5.7932E-09  1.6039E+07  4.6878E+07
  6.6374E+00  8.8650E-02  5.8946E-09  1.6273E+07  4.8007E+07
  6.7352E+00  8.6571E-02  5.9970E-09  1.6508E+07  4.9155E+07
  6.8337E+00  8.4559E-02  6.1005E-09  1.6745E+07  5.0320E+07
  6.9329E+00  8.2612E-02  6.2050E-09  1.6983E+07  5.1504E+07
  7.0328E+00  8.0726E-02  6.3106E-09  1.7224E+07  5.2707E+07
  7.1335E+00  7.8901E-02  6.4173E-09  1.7466E+07  5.3929E+07
  7.2348E+00  7.7132E-02  6.5251E-09  1.7710E+07  5.5170E+07
  7.3369E+00  7.5417E-02  6.6340E-09  1.7956E+07  5.6430E+07
  7.4398E+00  7.3755E-02  6.7440E-09  1.8204E+07  5.7710E+07
  7.5433E+00  7.2143E-02  6.8552E-09  1.8453E+07  5.9010E+07
  7.6476E+00  7.0580E-02  6.9675E-09  1.8705E+07  6.0331E+07
  7.7527E+00  6.9063E-02  7.0810E-09  1.8958E+07  6.1671E+07
  7.8585E+00  6.7590E-02  7.1956E-09  1.9213E+07  6.3033E+07
  7.9651E+00  6.6161E-02  7.3115E-09  1.9469E+07  6.4415E+07
  8.0724E+00  6.4773E-02  7.4286E-09  1.9728E+07  6.5819E+07
  8.1806E+00  6.3424E-02  7.5468E-09  1.9989E+07  6.7244E+07
  8.2895E+00  6.2114E-02  7.6663E-09  2.0251E+07  6.8690E+07
  8.3991E+00  6.0840E-02  7.7871E-09  2.0515E+07  7.0159E+07
  8.5096E+00  5.9602E-02  7.9091E-09  2.0781E+07  7.1650E+07
  8.6209E+00  5.8397E-02  8.0324E-09  2.1048E+07  7.3164E+07
  8.7330E+00  5.7226E-02  8.1571E-09  2.1318E+07  7.4701E+07
  8.8458E+00  5.6087E-02  8.2830E-09  2.1589E+07  7.6261E+07
  8.9595E+00  5.4978E-02  8.4102E-09  2.1862E+07  7.7844E+07
  9.0740E+00  5.3898E-02  8.5388E-09  2.2137E+07  7.9452E+07
  9.1894E+00  5.2848E-02  8.6687E-09  2.2413E+07  8.1083E+07
  9.3055E+00  5.1824E-02  8.8000E-09  2.2692E+07  8.2738E+07
  9.4225E+00  5.0827E-02  8.9327E-09  2.2972E+07  8.4419E+07
  9.5404E+00  4.9856E-02  9.0668E-09  2.3254E+07  8.6124E+07
  9.6591E+00  4.8910E-02  9.2023E-09  2.3537E+07  8.7855E+07
  9.7786E+00  4.7987E-02  9.3393E-09  2.3823E+07  8.9611E+07
  9.8990E+00  4.7088E-02  9.4777E-09  2.4110E+07  9.1394E+07
  1.0020E+01  4.6211E-02  9.6175E-09  2.4399E+07  9.3202E+07
  1.0142E+01  4.5356E-02  9.7589E-09  2.4689E+07  9.5038E+07
  1.0265E+01  4.4521E-02  9.9018E-09  2.4982E+07  9.6900E+07
  1.0389E+01  4.3707E-02  1.0046E-08  2.5276E+07  9.8789E+07
  1.0514E+01  4.2913E-02  1.0192E-08  2.5572E+07  1.0071E+08
  1.0640E+01  4.2137E-02  1.0340E-08  2.5870E+07  1.0265E+08
  1.0766E+01  4.1380E-02  1.0489E-08  2.6169E+07  1.0463E+08
  1.0894E+01  4.0641E-02  1.0639E-08  2.6470E+07  1.0663E+08
  1.1022E+01  3.9919E-02  1.0792E-08  2.6773E+07  1.0866E+08
  1.1152E+01  3.9214E-02  1.0945E-08  2.7077E+07  1.1072E+08
  1.1282E+01  3.8526E-02  1.1101E-08  2.7383E+07  1.1281E+08
  1.1413E+01  3.7853E-02  1.1258E-08  2.7691E+07  1.1494E+08
  1.1546E+01  3.7195E-02  1.1417E-08  2.8000E+07  1.1709E+08
  1.1679E+01  3.6552E-02  1.1578E-08  2.8312E+07  1.1927E+08
  1.1813E+01  3.5923E-02  1.1740E-08  2.8624E+07  1.2149E+08
  1.1948E+01  3.5309E-02  1.1904E-08  2.8939E+07  1.2373E+08
  1.2084E+01  3.4708E-02  1.2070E-08  2.9255E+07  1.2601E+08
  1.2221E+01  3.4120E-02  1.2237E-08  2.9573E+07  1.2832E+08
  1.2359E+01  3.3545E-02  1.2407E-08  2.9892E+07  1.3067E+08
  1.2498E+01  3.2982E-02  1.2578E-08  3.0213E+07  1.3305E+08
  1.2638E+01  3.2432E-02  1.2751E-08  3.0536E+07  1.3546E+08
  1.2779E+01  3.1893E-02  1.2926E-08  3.0860E+07  1.3791E+08
  1.2921E+01  3.1366E-02  1.3103E-08  3.1186E+07  1.4039E+08
  1.3064E+01  3.0850E-02  1.3282E-08  3.1513E+07  1.4291E+08
  1.3208E+01  3.0344E-02  1.3462E-08  3.1842E+07  1.4546E+08
  1.3353E+01  2.9849E-02  1.3645E-08  3.2173E+07  1.4805E+08
  1.3499E+01  2.9365E-02  1.3829E-08  3.2505E+07  1.5067E+08
  1.3646E+01  2.8890E-02  1.4016E-08  3.2839E+07  1.5334E+08
  1.3795E+01  2.8425E-02  1.4205E-08  3.3174E+07  1.5604E+08
  1.3944E+01  2.7969E-02  1.4395E-08  3.3511E+07  1.5878E+08
  1.4094E+01  2.7523E-02  1.4588E-08  3.3849E+07  1.6155E+08
  1.4246E+01  2.7085E-02  1.4783E-08  3.4189E+07  1.6437E+08
  1.4398E+01  2.6656E-02  1.4980E-08  3.4530E+07  1.6723E+08
  1.4552E+01  2.6236E-02  1.5179E-08  3.4873E+07  1.7012E+08
  1.4707E+01  2.5824E-02  1.5380E-08  3.5217E+07  1.7306E+08
  1.4863E+01  2.5420E-02  1.5583E-08  3.5563E+07  1.7604E+08
  1.5020E+01  2.5024E-02  1.5789E-08  3.5910E+07  1.7906E+08
  1.5178E+01  2.4635E-02  1.5996E-08  3.6259E+07  1.8212E+08
  1.5337E+01  2.4254E-02  1.6206E-08  3.6609E+07  1.8522E+08
  1.5497E+01  2.3880E-02  1.6419E-08  3.6961E+07  1.8837E+08
  1.5659E+01  2.3514E-02  1.6633E-08  3.7314E+07  1.9157E+08
  1.5822E+01  2.3154E-02  1.6850E-08  3.7668E+07  1.9480E+08
  1.5986E+01  2.2801E-02  1.7069E-08  3.8024E+07  1.9808E+08
  1.6151E+01  2.2454E-02  1.7291E-08  3.8381E+07  2.0141E+08
  1.6317E+01  2.2114E-02  1.7515E-08  3.8740E+07  2.0478E+08
  1.6485E+01  2.1781E-02  1.7742E-08  3.9100E+07  2.0820E+08
  1.6653E+01  2.1453E-02  1.7970E-08  3.9462E+07  2.1167E+08
  1.6823E+01  2.1131E-02  1.8202E-08  3.9824E+07  2.1519E+08
  1.6994E+01  2.0816E-02  1.8436E-08  4.0189E+07  2.1875E+08
  1.7167E+01  2.0506E-02  1.8672E-08  4.0554E+07  2.2236E+08
  1.7340E+01  2.0201E-02  1.8911E-08  4.0921E+07  2.2603E+08
  1.7515E+01  1.9902E-02  1.9153E-08  4.1289E+07  2.2974E+08
  1.7691E+01  1.9609E-02  1.9397E-08  4.1659E+07  2.3350E+08
  1.7869E+01  1.9320E-02  1.9644E-08  4.2030E+07  2.3732E+08
  1.8047E+01  1.9037E-02  1.9893E-08  4.2402E+07  2.4119E+08
  1.8227E+01  1.8758E-02  2.0145E-08  4.2776E+07  2.4511E+08
  1.8408E+01  1.8485E-02  2.0400E-08  4.3150E+07  2.4909E+08
  1.8591E+01  1.8216E-02  2.0658E-08  4.3527E+07  2.5312E+08
  1.8775E+01  1.7952E-02  2.0919E-08  4.3904E+07  2.5720E+08
  1.8960E+01  1.7692E-02  2.1182E-08  4.4283E+07  2.6134E+08
  1.9147E+01  1.7437E-02  2.1448E-08  4.4663E+07  2.6554E+08
  1.9334E+01  1.7187E-02  2.1717E-08  4.5044E+07  2.6979E+08
  1.9524E+01  1.6940E-02  2.1989E-08  4.5426E+07  2.7411E+08
  1.9714E+01  1.6698E-02  2.2264E-08  4.5810E+07  2.7848E+08
  1.9906E+01  1.6459E-02  2.2542E-08  4.6195E+07  2.8291E+08
  2.0099E+01  1.6225E-02  2.2822E-08  4.6581E+07  2.8740E+08
  2.0294E+01  1.5995E-02  2.3106E-08  4.6969E+07  2.9195E+08
  2.0490E+01  1.5768E-02  2.3393E-08  4.7357E+07  2.9656E+08
  2.0688E+01  1.5546E-02  2.3683E-08  4.7747E+07  3.0124E+08
  2.0887E+01  1.5327E-02  2.3976E-08  4.8138E+07  3.0598E+08
  2.1087E+01  1.5111E-02  2.4273E-08  4.8530E+07  3.1078E+08
  2.1289E+01  1.4899E-02  2.4572E-08  4.8924E+07  3.1565E+08
  2.1492E+01  1.4691E-02  2.4875E-08  4.9319E+07  3.2058E+08
  2.1697E+01  1.4486E-02  2.5181E-08  4.9714E+07  3.2558E+08
  2.1903E+01  1.4284E-02  2.5490E-08  5.0111E+07  3.3065E+08
  2.2111E+01  1.4085E-02  2.5803E-08  5.0510E+07  3.3579E+08
  2.2320E+01  1.3890E-02  2.6119E-08  5.0909E+07  3.4099E+08
  2.2531E+01  1.3698E-02  2.6438E-08  5.1310E+07  3.4627E+08
  2.2743E+01  1.3509E-02  2.6761E-08  5.1711E+07  3.5162E+08
  2.2957E+01  1.3323E-02  2.7087E-08  5.2114E+07  3.5703E+08
  2.3172E+01  1.3139E-02  2.7417E-08  5.2518E+07  3.6252E+08
  2.3389E+01  1.2959E-02  2.7750E-08  5.2923E+07  3.6809E+08
  2.3607E+01  1.2782E-02  2.8087E-08  5.3329E+07  3.7372E+08
  2.3827E+01  1.2607E-02  2.8427E-08  5.3737E+07  3.7944E+08
  2.4049E+01  1.2435E-02  2.8772E-08  5.4146E+07  3.8523E+08
  2.4272E+01  1.2266E-02  2.9119E-08  5.4555E+07  3.9109E+08
  2.4497E+01  1.2099E-02  2.9471E-08  5.4966E+07  3.9704E+08
  2.4723E+01  1.1935E-02  2.9826E-08  5.5378E+07  4.0306E+08
  2.4951E+01  1.1773E-02  3.0185E-08  5.5791E+07  4.0917E+08
  2.5181E+01  1.1614E-02  3.0548E-08  5.6205E+07  4.1535E+08
  2.5412E+01  1.1458E-02  3.0915E-08  5.6621E+07  4.2162E+08
  2.5645E+01  1.1304E-02  3.1286E-08  5.7037E+07  4.2797E+08
  2.5880E+01  1.1152E-02  3.1660E-08  5.7455E+07  4.3441E+08
  2.6116E+01  1.1002E-02  3.2039E-08  5.7874E+07  4.4093E+08
  2.6354E+01  1.0855E-02  3.2421E-08  5.8293E+07  4.4754E+08
  2.6594E+01  1.0710E-02  3.2808E-08  5.8714E+07  4.5423E+08
  2.6835E+01  1.0567E-02  3.3199E-08  5.9137E+07  4.6101E+08
  2.7078E+01  1.0426E-02  3.3594E-08  5.9560E+07  4.6788E+08
  2.7323E+01  1.0288E-02  3.3993E-08  5.9984E+07  4.7485E+08
  2.7570E+01  1.0151E-02  3.4397E-08  6.0410E+07  4.8190E+08
  2.7819E+01  1.0017E-02  3.4804E-08  6.0836E+07  4.8905E+08
  2.8069E+01  9.8844E-03  3.5216E-08  6.1264E+07  4.9629E+08
  2.8321E+01  9.7540E-03  3.5632E-08  6.1693E+07  5.0363E+08
  2.8575E+01  9.6255E-03  3.6053E-08  6.2123E+07  5.1106E+08
  2.8831E+01  9.4990E-03  3.6478E-08  6.2554E+07  5.1859E+08
  2.9088E+01  9.3744E-03  3.6908E-08  6.2986E+07  5.2622E+08
  2.9348E+01  9.2518E-03  3.7342E-08  6.3419E+07  5.3395E+08
  2.9609E+01  9.1310E-03  3.7781E-08  6.3854E+07  5.4178E+08
  2.9872E+01  9.0123E-03  3.8224E-08  6.4289E+07  5.4960E+08
  3.0137E+01  8.8954E-03  3.8673E-08  6.4726E+07  5.5733E+08
  3.0404E+01  8.7802E-03  3.9126E-08  6.5164E+07  5.6516E+08
  3.0673E+01  8.6665E-03  3.9584E-08  6.5603E+07  5.7309E+08
  3.0944E+01  8.5543E-03  4.0047E-08  6.6043E+07  5.8113E+08
  3.1217E+01  8.4436E-03  4.0515E-08  6.6484E+07  5.8927E+08
  3.1492E+01  8.3345E-03  4.0989E-08  6.6927E+07  5.9752E+08
  3.1768E+01  8.2268E-03  4.1467E-08  6.7370E+07  6.0588E+08
  3.2047E+01  8.1206E-03  4.1951E-08  6.7815E+07  6.1435E+08
  3.2328E+01  8.0158E-03  4.2440E-08  6.8261E+07  6.2293E+08
  3.2611E+01  7.9124E-03  4.2935E-08  6.8708E+07  6.3161E+08
  3.2895E+01  7.8104E-03  4.3434E-08  6.9156E+07  6.4042E+08
  3.3182E+01  7.7097E-03  4.3940E-08  6.9606E+07  6.4934E+08
  3.3471E+01  7.6104E-03  4.4451E-08  7.0056E+07  6.5837E+08
  3.3762E+01  7.5125E-03  4.4967E-08  7.0508E+07  6.6752E+08
  3.4055E+01  7.4158E-03  4.5489E-08  7.0961E+07  6.7679E+08
  3.4350E+01  7.3204E-03  4.6017E-08  7.1415E+07  6.8618E+08
  3.4648E+01  7.2263E-03  4.6550E-08  7.1871E+07  6.9570E+08
  3.4947E+01  7.1335E-03  4.7089E-08  7.2327E+07  7.0533E+08
  3.5249E+01  7.0418E-03  4.7634E-08  7.2785E+07  7.1510E+08
  3.5553E+01  6.9514E-03  4.8185E-08  7.3244E+07  7.2498E+08
  3.5859E+01  6.8622E-03  4.8741E-08  7.3705E+07  7.3500E+08
  3.6167E+01  6.7742E-03  4.9304E-08  7.4166E+07  7.4514E+08
  3.6477E+01  6.6873E-03  4.9873E-08  7.4629E+07  7.5542E+08
  3.6790E+01  6.6015E-03  5.0447E-08  7.5093E+07  7.6583E+08
  3.7105E+01  6.5169E-03  5.1028E-08  7.5559E+07  7.7637E+08
  3.7422E+01  6.4334E-03  5.1615E-08  7.6025E+07  7.8705E+08
  3.7741E+01  6.3510E-03  5.2208E-08  7.6493E+07  7.9786E+08
  3.8063E+01  6.2697E-03  5.2808E-08  7.6962E+07  8.0882E+08
  3.8387E+01  6.1895E-03  5.3414E-08  7.7433E+07  8.1991E+08
  3.8713E+01  6.1102E-03  5.4026E-08  7.7905E+07  8.3115E+08
  3.9042E+01  6.0321E-03  5.4645E-08  7.8378E+07  8.4253E+08
  3.9373E+01  5.9549E-03  5.5270E-08  7.8852E+07  8.5406E+08
  3.9707E+01  5.8788E-03  5.5902E-08  7.9328E+07  8.6573E+08
  4.0043E+01  5.8036E-03  5.6541E-08  7.9805E+07  8.7756E+08
  4.0381E+01  5.7294E-03  5.7186E-08  8.0284E+07  8.8953E+08
  4.0722E+01  5.6562E-03  5.7838E-08  8.0764E+07  9.0166E+08
  4.1065E+01  5.5839E-03  5.8497E-08  8.1245E+07  9.1394E+08
  4.1411E+01  5.5126E-03  5.9163E-08  8.1728E+07  9.2638E+08
  4.1759E+01  5.4422E-03  5.9835E-08  8.2212E+07  9.3898E+08
  4.2109E+01  5.3727E-03  6.0515E-08  8.2697E+07  9.5173E+08
  4.2463E+01  5.3040E-03  6.1202E-08  8.3184E+07  9.6465E+08
  4.2818E+01  5.2363E-03  6.1896E-08  8.3672E+07  9.7773E+08
  4.3177E+01  5.1695E-03  6.2597E-08  8.4162E+07  9.9098E+08
  4.3538E+01  5.1035E-03  6.3305E-08  8.4653E+07  1.0044E+09
  4.3901E+01  5.0383E-03  6.4020E-08  8.5146E+07  1.0180E+09
  4.4267E+01  4.9740E-03  6.4743E-08  8.5640E+07  1.0317E+09
  4.4636E+01  4.9106E-03  6.5474E-08  8.6136E+07  1.0457E+09
  4.5007E+01  4.8479E-03  6.6211E-08  8.6633E+07  1.0598E+09
  4.5381E+01  4.7860E-03  6.6957E-08  8.7132E+07  1.0741E+09
  4.5758E+01  4.7250E-03  6.7710E-08  8.7632E+07  1.0885E+09
  4.6137E+01  4.6647E-03  6.8470E-08  8.8134E+07  1.1032E+09
  4.6520E+01  4.6052E-03  6.9239E-08  8.8637E+07  1.1180E+09
  4.6905E+01  4.5464E-03  7.0015E-08  8.9142E+07  1.1330E+09
  4.7292E+01  4.4884E-03  7.0799E-08  8.9649E+07  1.1482E+09
  4.7683E+01  4.4311E-03  7.1591E-08  9.0157E+07  1.1636E+09
  4.8076E+01  4.3746E-03  7.2391E-08  9.0667E+07  1.1792E+09
  4.8472E+01  4.3188E-03  7.3199E-08  9.1178E+07  1.1950E+09
  4.8871E+01  4.2637E-03  7.4015E-08  9.1691E+07  1.2110E+09
  4.9273E+01  4.2093E-03  7.4840E-08  9.2206E+07  1.2271E+09
  4.9678E+01  4.1555E-03  7.5672E-08  9.2722E+07  1.2435E+09
  5.0086E+01  4.1025E-03  7.6513E-08  9.3241E+07  1.2601E+09
  5.0496E+01  4.0501E-03  7.7362E-08  9.3760E+07  1.2769E+09
  5.0910E+01  3.9984E-03  7.8220E-08  9.4282E+07  1.2939E+09
  5.1326E+01  3.9474E-03  7.9087E-08  9.4805E+07  1.3111E+09
  5.1746E+01  3.8970E-03  7.9961E-08  9.5330E+07  1.3285E+09
  5.2168E+01  3.8472E-03  8.0845E-08  9.5857E+07  1.3461E+09
  5.2594E+01  3.7981E-03  8.1737E-08  9.6386E+07  1.3640E+09
  5.3023E+01  3.7496E-03  8.2638E-08  9.6916E+07  1.3821E+09
  5.3454E+01  3.7017E-03  8.3548E-08  9.7448E+07  1.4004E+09
  5.3889E+01  3.6544E-03  8.4467E-08  9.7982E+07  1.4189E+09
  5.4327E+01  3.6077E-03  8.5395E-08  9.8518E+07  1.4376E+09
  5.4769E+01  3.5616E-03  8.6332E-08  9.9056E+07  1.4566E+09
  5.5213E+01  3.5160E-03  8.7278E-08  9.9595E+07  1.4758E+09
  5.5660E+01  3.4711E-03  8.8233E-08  1.0014E+08  1.4953E+09
  5.6111E+01  3.4267E-03  8.9198E-08  1.0068E+08  1.5150E+09
  5.6565E+01  3.3828E-03  9.0172E-08  1.0123E+08  1.5349E+09
  5.7022E+01  3.3396E-03  9.1155E-08  1.0177E+08  1.5551E+09
  5.7483E+01  3.2968E-03  9.2148E-08  1.0232E+08  1.5755E+09
  5.7947E+01  3.2546E-03  9.3150E-08  1.0287E+08  1.5962E+09
  5.8414E+01  3.2129E-03  9.4162E-08  1.0343E+08  1.6171E+09
  5.8885E+01  3.1718E-03  9.5184E-08  1.0398E+08  1.6383E+09
  5.9359E+01  3.1311E-03  9.6216E-08  1.0454E+08  1.6597E+09
  5.9836E+01  3.0910E-03  9.7257E-08  1.0510E+08  1.6814E+09
  6.0317E+01  3.0514E-03  9.8308E-08  1.0566E+08  1.7034E+09
  6.0801E+01  3.0122E-03  9.9369E-08  1.0623E+08  1.7256E+09
  6.1289E+01  2.9736E-03  1.0044E-07  1.0679E+08  1.7481E+09
  6.1780E+01  2.9354E-03  1.0152E-07  1.0736E+08  1.7709E+09
  6.2275E+01  2.8978E-03  1.0261E-07  1.0793E+08  1.7939E+09
  6.2773E+01  2.8605E-03  1.0372E-07  1.0850E+08  1.8172E+09
  6.3275E+01  2.8238E-03  1.0483E-07  1.0908E+08  1.8408E+09
  6.3781E+01  2.7875E-03  1.0595E-07  1.0965E+08  1.8647E+09
  6.4290E+01  2.7517E-03  1.0708E-07  1.1023E+08  1.8889E+09
  6.4803E+01  2.7163E-03  1.0823E-07  1.1081E+08  1.9134E+09
  6.5320E+01  2.6813E-03  1.0938E-07  1.1140E+08  1.9381E+09
  6.5840E+01  2.6468E-03  1.1055E-07  1.1198E+08  1.9632E+09
  6.6364E+01  2.6127E-03  1.1172E-07  1.1257E+08  1.9886E+09
  6.6892E+01  2.5790E-03  1.1291E-07  1.1316E+08  2.0142E+09
  6.7423E+01  2.5458E-03  1.1411E-07  1.1375E+08  2.0402E+09
  6.7959E+01  2.5130E-03  1.1531E-07  1.1435E+08  2.0665E+09
  6.8498E+01  2.4805E-03  1.1653E-07  1.1495E+08  2.0931E+09
  6.9041E+01  2.4485E-03  1.1776E-07  1.1555E+08  2.1200E+09
  6.9588E+01  2.4169E-03  1.1901E-07  1.1615E+08  2.1472E+09
  7.0139E+01  2.3857E-03  1.2026E-07  1.1676E+08  2.1748E+09
  7.0694E+01  2.3548E-03  1.2152E-07  1.1736E+08  2.2027E+09
  7.1253E+01  2.3244E-03  1.2280E-07  1.1797E+08  2.2309E+09
  7.1816E+01  2.2943E-03  1.2409E-07  1.1859E+08  2.2594E+09
  7.2384E+01  2.2646E-03  1.2539E-07  1.1920E+08  2.2883E+09
  7.2955E+01  2.2352E-03  1.2670E-07  1.1982E+08  2.3175E+09
  7.3530E+01  2.2062E-03  1.2802E-07  1.2044E+08  2.3471E+09
  7.4109E+01  2.1776E-03  1.2935E-07  1.2106E+08  2.3771E+09
  7.4693E+01  2.1494E-03  1.3070E-07  1.2169E+08  2.4073E+09
  7.5281E+01  2.1214E-03  1.3206E-07  1.2232E+08  2.4380E+09
  7.5873E+01  2.0939E-03  1.3343E-07  1.2295E+08  2.4690E+09
  7.6469E+01  2.0667E-03  1.3481E-07  1.2358E+08  2.5003E+09
  7.7070E+01  2.0398E-03  1.3620E-07  1.2422E+08  2.5321E+09
  7.7675E+01  2.0132E-03  1.3761E-07  1.2486E+08  2.5642E+09
  7.8284E+01  1.9870E-03  1.3903E-07  1.2550E+08  2.5966E+09
  7.8897E+01  1.9611E-03  1.4046E-07  1.2615E+08  2.6295E+09
  7.9516E+01  1.9355E-03  1.4191E-07  1.2680E+08  2.6628E+09
  8.0138E+01  1.9102E-03  1.4336E-07  1.2745E+08  2.6964E+09
  8.0765E+01  1.8853E-03  1.4483E-07  1.2810E+08  2.7304E+09
  8.1397E+01  1.8606E-03  1.4631E-07  1.2876E+08  2.7649E+09
  8.2033E+01  1.8363E-03  1.4781E-07  1.2942E+08  2.7997E+09
  8.2673E+01  1.8122E-03  1.4931E-07  1.3008E+08  2.8349E+09
  8.3318E+01  1.7885E-03  1.5084E-07  1.3075E+08  2.8706E+09
  8.3968E+01  1.7651E-03  1.5237E-07  1.3142E+08  2.9066E+09
  8.4623E+01  1.7419E-03  1.5392E-07  1.3209E+08  2.9431E+09
  8.5282E+01  1.7190E-03  1.5548E-07  1.3276E+08  2.9800E+09
  8.5946E+01  1.6964E-03  1.5705E-07  1.3344E+08  3.0173E+09
  8.6615E+01  1.6741E-03  1.5863E-07  1.3412E+08  3.0551E+09
  8.7289E+01  1.6521E-03  1.6023E-07  1.3481E+08  3.0933E+09
  8.7967E+01  1.6303E-03  1.6185E-07  1.3550E+08  3.1319E+09
  8.8651E+01  1.6088E-03  1.6347E-07  1.3619E+08  3.1710E+09
  8.9339E+01  1.5876E-03  1.6511E-07  1.3688E+08  3.2105E+09
  9.0032E+01  1.5666E-03  1.6677E-07  1.3758E+08  3.2505E+09
  9.0730E+01  1.5459E-03  1.6844E-07  1.3828E+08  3.2910E+09
  9.1434E+01  1.5255E-03  1.7012E-07  1.3899E+08  3.3319E+09
  9.2142E+01  1.5053E-03  1.7181E-07  1.3969E+08  3.3733E+09
  9.2855E+01  1.4853E-03  1.7352E-07  1.4041E+08  3.4152E+09
  9.3574E+01  1.4656E-03  1.7525E-07  1.4112E+08  3.4575E+09
  9.4298E+01  1.4462E-03  1.7699E-07  1.4184E+08  3.5004E+09
  9.5027E+01  1.4270E-03  1.7874E-07  1.4256E+08  3.5437E+09
  9.5761E+01  1.4080E-03  1.8051E-07  1.4329E+08  3.5875E+09
  9.6500E+01  1.3892E-03  1.8229E-07  1.4402E+08  3.6318E+09
  9.7245E+01  1.3707E-03  1.8408E-07  1.4475E+08  3.6767E+09
  9.7995E+01  1.3524E-03  1.8589E-07  1.4548E+08  3.7220E+09
  9.8751E+01  1.3344E-03  1.8772E-07  1.4622E+08  3.7679E+09
  9.9512E+01  1.3165E-03  1.8956E-07  1.4697E+08  3.8143E+09
  1.0028E+02  1.2989E-03  1.9142E-07  1.4771E+08  3.8612E+09
  1.0105E+02  1.2815E-03  1.9329E-07  1.4847E+08  3.9087E+09
  1.0183E+02  1.2643E-03  1.9517E-07  1.4922E+08  3.9567E+09
  1.0261E+02  1.2474E-03  1.9707E-07  1.4998E+08  4.0052E+09
  1.0340E+02  1.2306E-03  1.9899E-07  1.5074E+08  4.0543E+09
  1.0419E+02  1.2140E-03  2.0092E-07  1.5151E+08  4.1040E+09
  1.0499E+02  1.1977E-03  2.0286E-07  1.5228E+08  4.1542E+09
  1.0580E+02  1.1815E-03  2.0483E-07  1.5305E+08  4.2050E+09
  1.0661E+02  1.1656E-03  2.0680E-07  1.5383E+08  4.2564E+09
  1.0743E+02  1.1498E-03  2.0880E-07  1.5462E+08  4.3084E+09
  1.0825E+02  1.1343E-03  2.1081E-07  1.5540E+08  4.3609E+09
  1.0908E+02  1.1189E-03  2.1283E-07  1.5619E+08  4.4141E+09
  1.0992E+02  1.1037E-03  2.1487E-07  1.5699E+08  4.4679E+09
  1.1076E+02  1.0887E-03  2.1693E-07  1.5779E+08  4.5223E+09
  1.1161E+02  1.0739E-03  2.1900E-07  1.5859E+08  4.5773E+09
  1.1246E+02  1.0593E-03  2.2109E-07  1.5940E+08  4.6329E+09
  1.1332E+02  1.0449E-03  2.2320E-07  1.6021E+08  4.6892E+09
  1.1419E+02  1.0306E-03  2.2532E-07  1.6103E+08  4.7460E+09
  1.1506E+02  1.0166E-03  2.2746E-07  1.6185E+08  4.8036E+09
  1.1594E+02  1.0026E-03  2.2962E-07  1.6267E+08  4.8618E+09
  1.1682E+02  9.8891E-04  2.3179E-07  1.6350E+08  4.9207E+09
  1.1771E+02  9.7535E-04  2.3398E-07  1.6433E+08  4.9802E+09
  1.1861E+02  9.6196E-04  2.3619E-07  1.6517E+08  5.0404E+09
  1.1951E+02  9.4873E-04  2.3841E-07  1.6602E+08  5.1013E+09
  1.2042E+02  9.3567E-04  2.4065E-07  1.6686E+08  5.1629E+09
  1.2134E+02  9.2277E-04  2.4291E-07  1.6772E+08  5.2252E+09
  1.2227E+02  9.1003E-04  2.4519E-07  1.6857E+08  5.2882E+09
  1.2320E+02  8.9745E-04  2.4748E-07  1.6943E+08  5.3519E+09
  1.2413E+02  8.8503E-04  2.4979E-07  1.7030E+08  5.4163E+09
  1.2508E+02  8.7276E-04  2.5212E-07  1.7117E+08  5.4815E+09
  1.2603E+02  8.6064E-04  2.5447E-07  1.7205E+08  5.5474E+09
  1.2698E+02  8.4868E-04  2.5683E-07  1.7293E+08  5.6140E+09
  1.2795E+02  8.3686E-04  2.5922E-07  1.7382E+08  5.6815E+09
  1.2892E+02  8.2519E-04  2.6162E-07  1.7471E+08  5.7497E+09
  1.2990E+02  8.1367E-04  2.6404E-07  1.7560E+08  5.8187E+09
  1.3088E+02  8.0229E-04  2.6648E-07  1.7650E+08  5.8884E+09
  1.3188E+02  7.9106E-04  2.6894E-07  1.7741E+08  5.9589E+09
  1.3288E+02  7.7996E-04  2.7141E-07  1.7832E+08  6.0303E+09
  1.3388E+02  7.6901E-04  2.7391E-07  1.7924E+08  6.1025E+09
  1.3490E+02  7.5819E-04  2.7642E-07  1.8016E+08  6.1755E+09
  1.3592E+02  7.4750E-04  2.7896E-07  1.8108E+08  6.2493E+09
  1.3695E+02  7.3695E-04  2.8151E-07  1.8202E+08  6.3240E+09
  1.3798E+02  7.2654E-04  2.8408E-07  1.8295E+08  6.3996E+09
  1.3903E+02  7.1625E-04  2.8667E-07  1.8390E+08  6.4760E+09
  1.4008E+02  7.0610E-04  2.8929E-07  1.8485E+08  6.5533E+09
  1.4113E+02  6.9607E-04  2.9192E-07  1.8580E+08  6.6315E+09
  1.4220E+02  6.8617E-04  2.9457E-07  1.8676E+08  6.7106E+09
  1.4327E+02  6.7639E-04  2.9724E-07  1.8772E+08  6.7906E+09
  1.4436E+02  6.6674E-04  2.9994E-07  1.8869E+08  6.8715E+09
  1.4545E+02  6.5720E-04  3.0265E-07  1.8967E+08  6.9533E+09
  1.4654E+02  6.4779E-04  3.0539E-07  1.9065E+08  7.0361E+09
  1.4765E+02  6.3850E-04  3.0814E-07  1.9164E+08  7.1199E+09
  1.4876E+02  6.2933E-04  3.1092E-07  1.9263E+08  7.2046E+09
  1.4988E+02  6.2027E-04  3.1372E-07  1.9363E+08  7.2903E+09
  1.5101E+02  6.1133E-04  3.1654E-07  1.9464E+08  7.3770E+09
  1.5215E+02  6.0250E-04  3.1938E-07  1.9565E+08  7.4647E+09
  1.5329E+02  5.9378E-04  3.2224E-07  1.9667E+08  7.5534E+09
  1.5445E+02  5.8518E-04  3.2512E-07  1.9769E+08  7.6432E+09
  1.5561E+02  5.7669E-04  3.2803E-07  1.9872E+08  7.7340E+09
  1.5678E+02  5.6830E-04  3.3096E-07  1.9976E+08  7.8259E+09
  1.5796E+02  5.6002E-04  3.3391E-07  2.0080E+08  7.9188E+09
  1.5915E+02  5.5185E-04  3.3689E-07  2.0185E+08  8.0128E+09
  1.6034E+02  5.4378E-04  3.3988E-07  2.0290E+08  8.1079E+09
  1.6155E+02  5.3582E-04  3.4290E-07  2.0397E+08  8.2041E+09
  1.6276E+02  5.2795E-04  3.4595E-07  2.0503E+08  8.3015E+09
  1.6398E+02  5.2019E-04  3.4901E-07  2.0611E+08  8.4000E+09
  1.6521E+02  5.1253E-04  3.5211E-07  2.0719E+08  8.4997E+09
  1.6645E+02  5.0497E-04  3.5522E-07  2.0828E+08  8.6005E+09
  1.6770E+02  4.9751E-04  3.5836E-07  2.0937E+08  8.7025E+09
  1.6896E+02  4.9014E-04  3.6152E-07  2.1047E+08  8.8057E+09
  1.7022E+02  4.8287E-04  3.6471E-07  2.1158E+08  8.9102E+09
  1.7150E+02  4.7569E-04  3.6792E-07  2.1269E+08  9.0159E+09
  1.7278E+02  4.6861E-04  3.7116E-07  2.1382E+08  9.1228E+09
  1.7408E+02  4.6161E-04  3.7442E-07  2.1494E+08  9.2310E+09
  1.7538E+02  4.5471E-04  3.7771E-07  2.1608E+08  9.3405E+09
  1.7669E+02  4.4790E-04  3.8103E-07  2.1722E+08  9.4513E+09
  1.7802E+02  4.4118E-04  3.8437E-07  2.1837E+08  9.5635E+09
  1.7935E+02  4.3454E-04  3.8773E-07  2.1953E+08  9.6769E+09
  1.8069E+02  4.2800E-04  3.9113E-07  2.2069E+08  9.7918E+09
  1.8204E+02  4.2153E-04  3.9455E-07  2.2187E+08  9.9080E+09
  1.8340E+02  4.1516E-04  3.9799E-07  2.2304E+08  1.0026E+10
  1.8477E+02  4.0887E-04  4.0147E-07  2.2423E+08  1.0145E+10
  1.8615E+02  4.0266E-04  4.0497E-07  2.2543E+08  1.0265E+10
  1.8754E+02  3.9653E-04  4.0850E-07  2.2663E+08  1.0387E+10
  1.8894E+02  3.9049E-04  4.1205E-07  2.2784E+08  1.0510E+10
  1.9035E+02  3.8452E-04  4.1564E-07  2.2905E+08  1.0635E+10
  1.9177E+02  3.7863E-04  4.1925E-07  2.3028E+08  1.0762E+10
  1.9320E+02  3.7283E-04  4.2289E-07  2.3151E+08  1.0890E+10
  1.9465E+02  3.6710E-04  4.2657E-07  2.3275E+08  1.1019E+10
  1.9610E+02  3.6144E-04  4.3027E-07  2.3400E+08  1.1150E+10
  1.9756E+02  3.5587E-04  4.3400E-07  2.3526E+08  1.1283E+10
  1.9903E+02  3.5037E-04  4.3776E-07  2.3652E+08  1.1417E+10
  2.0051E+02  3.4494E-04  4.4155E-07  2.3780E+08  1.1553E+10
  2.0201E+02  3.3958E-04  4.4537E-07  2.3908E+08  1.1691E+10
  2.0351E+02  3.3430E-04  4.4922E-07  2.4037E+08  1.1830E+10
  2.0503E+02  3.2909E-04  4.5311E-07  2.4166E+08  1.1971E+10
  2.0655E+02  3.2395E-04  4.5702E-07  2.4297E+08  1.2114E+10
  2.0809E+02  3.1888E-04  4.6097E-07  2.4429E+08  1.2258E+10
  2.0964E+02  3.1387E-04  4.6495E-07  2.4561E+08  1.2405E+10
  2.1120E+02  3.0894E-04  4.6896E-07  2.4694E+08  1.2553E+10
  2.1277E+02  3.0407E-04  4.7301E-07  2.4828E+08  1.2703E+10
  2.1435E+02  2.9927E-04  4.7708E-07  2.4963E+08  1.2855E+10
  2.1595E+02  2.9454E-04  4.8120E-07  2.5099E+08  1.3008E+10
  2.1755E+02  2.8987E-04  4.8534E-07  2.5236E+08  1.3164E+10
  2.1917E+02  2.8527E-04  4.8952E-07  2.5374E+08  1.3322E+10
  2.2079E+02  2.8073E-04  4.9374E-07  2.5513E+08  1.3481E+10
  2.2243E+02  2.7625E-04  4.9798E-07  2.5652E+08  1.3643E+10
  2.2409E+02  2.7183E-04  5.0227E-07  2.5793E+08  1.3807E+10
  2.2575E+02  2.6748E-04  5.0659E-07  2.5934E+08  1.3972E+10
  2.2742E+02  2.6319E-04  5.1094E-07  2.6076E+08  1.4140E+10
  2.2911E+02  2.5895E-04  5.1534E-07  2.6220E+08  1.4310E+10
  2.3081E+02  2.5478E-04  5.1977E-07  2.6364E+08  1.4482E+10
  2.3252E+02  2.5066E-04  5.2423E-07  2.6509E+08  1.4657E+10
  2.3425E+02  2.4661E-04  5.2874E-07  2.6656E+08  1.4833E+10
  2.3598E+02  2.4261E-04  5.3328E-07  2.6803E+08  1.5012E+10
  2.3773E+02  2.3866E-04  5.3786E-07  2.6951E+08  1.5193E+10
  2.3949E+02  2.3478E-04  5.4248E-07  2.7101E+08  1.5376E+10
  2.4127E+02  2.3094E-04  5.4714E-07  2.7251E+08  1.5562E+10
  2.4306E+02  2.2717E-04  5.5183E-07  2.7402E+08  1.5750E+10
  2.4486E+02  2.2344E-04  5.5657E-07  2.7554E+08  1.5940E+10
  2.4667E+02  2.1977E-04  5.6135E-07  2.7708E+08  1.6133E+10
  2.4850E+02  2.1615E-04  5.6617E-07  2.7862E+08  1.6329E+10
  2.5033E+02  2.1259E-04  5.7103E-07  2.8018E+08  1.6527E+10
  2.5219E+02  2.0907E-04  5.7593E-07  2.8174E+08  1.6727E+10
  2.5405E+02  2.0561E-04  5.8088E-07  2.8332E+08  1.6930E+10
  2.5593E+02  2.0220E-04  5.8587E-07  2.8491E+08  1.7136E+10
  2.5782E+02  1.9883E-04  5.9090E-07  2.8651E+08  1.7345E+10
  2.5973E+02  1.9552E-04  5.9597E-07  2.8812E+08  1.7556E+10
  2.6165E+02  1.9225E-04  6.0109E-07  2.8974E+08  1.7770E+10
  2.6358E+02  1.8903E-04  6.0625E-07  2.9137E+08  1.7987E+10
  2.6553E+02  1.8586E-04  6.1146E-07  2.9301E+08  1.8206E+10
  2.6749E+02  1.8274E-04  6.1672E-07  2.9467E+08  1.8429E+10
  2.6947E+02  1.7966E-04  6.2202E-07  2.9633E+08  1.8654E+10
  2.7146E+02  1.7663E-04  6.2736E-07  2.9801E+08  1.8882E+10
  2.7347E+02  1.7364E-04  6.3276E-07  2.9970E+08  1.9114E+10
  2.7548E+02  1.7070E-04  6.3820E-07  3.0140E+08  1.9348E+10
  2.7752E+02  1.6780E-04  6.4369E-07  3.0312E+08  1.9586E+10
  2.7957E+02  1.6494E-04  6.4922E-07  3.0484E+08  1.9827E+10
  2.8163E+02  1.6213E-04  6.5481E-07  3.0658E+08  2.0070E+10
  2.8371E+02  1.5936E-04  6.6045E-07  3.0833E+08  2.0317E+10
  2.8580E+02  1.5663E-04  6.6613E-07  3.1009E+08  2.0568E+10
  2.8791E+02  1.5394E-04  6.7187E-07  3.1187E+08  2.0822E+10
  2.9003E+02  1.5129E-04  6.7766E-07  3.1366E+08  2.1079E+10
  2.9217E+02  1.4868E-04  6.8350E-07  3.1546E+08  2.1339E+10
  2.9432E+02  1.4612E-04  6.8939E-07  3.1727E+08  2.1604E+10
  2.9649E+02  1.4359E-04  6.9534E-07  3.1910E+08  2.1871E+10
  2.9868E+02  1.4110E-04  7.0134E-07  3.2094E+08  2.2142E+10
  3.0088E+02  1.3865E-04  7.0739E-07  3.2279E+08  2.2417E+10
  3.0309E+02  1.3623E-04  7.1350E-07  3.2465E+08  2.2696E+10
  3.0532E+02  1.3386E-04  7.1966E-07  3.2653E+08  2.2978E+10
  3.0757E+02  1.3152E-04  7.2588E-07  3.2843E+08  2.3265E+10
  3.0984E+02  1.2921E-04  7.3216E-07  3.3033E+08  2.3555E+10
  3.1212E+02  1.2695E-04  7.3849E-07  3.3225E+08  2.3849E+10
  3.1442E+02  1.2472E-04  7.4488E-07  3.3419E+08  2.4147E+10
  3.1673E+02  1.2252E-04  7.5133E-07  3.3613E+08  2.4449E+10
  3.1906E+02  1.2036E-04  7.5784E-07  3.3810E+08  2.4755E+10
  3.2141E+02  1.1823E-04  7.6441E-07  3.4007E+08  2.5065E+10
  3.2377E+02  1.1613E-04  7.7104E-07  3.4206E+08  2.5380E+10
  3.2615E+02  1.1407E-04  7.7773E-07  3.4407E+08  2.5699E+10
  3.2855E+02  1.1204E-04  7.8448E-07  3.4609E+08  2.6022E+10
  3.3097E+02  1.1004E-04  7.9129E-07  3.4812E+08  2.6350E+10
  3.3340E+02  1.0808E-04  7.9817E-07  3.5017E+08  2.6682E+10
  3.3585E+02  1.0615E-04  8.0511E-07  3.5224E+08  2.7019E+10
  3.3832E+02  1.0424E-04  8.1211E-07  3.5432E+08  2.7360E+10
  3.4080E+02  1.0237E-04  8.1918E-07  3.5641E+08  2.7706E+10
  3.4331E+02  1.0053E-04  8.2632E-07  3.5852E+08  2.8057E+10
  3.4583E+02  9.8716E-05  8.3352E-07  3.6065E+08  2.8413E+10
  3.4837E+02  9.6933E-05  8.4079E-07  3.6279E+08  2.8773E+10
  3.5093E+02  9.5179E-05  8.4812E-07  3.6495E+08  2.9139E+10
  3.5350E+02  9.3454E-05  8.5553E-07  3.6712E+08  2.9510E+10
  3.5610E+02  9.1757E-05  8.6300E-07  3.6931E+08  2.9886E+10
  3.5871E+02  9.0088E-05  8.7055E-07  3.7152E+08  3.0267E+10
  3.6135E+02  8.8446E-05  8.7816E-07  3.7374E+08  3.0653E+10
  3.6400E+02  8.6831E-05  8.8585E-07  3.7598E+08  3.1045E+10
  3.6667E+02  8.5243E-05  8.9361E-07  3.7823E+08  3.1443E+10
  3.6936E+02  8.3681E-05  9.0144E-07  3.8051E+08  3.1845E+10
  3.7207E+02  8.2145E-05  9.0935E-07  3.8280E+08  3.2254E+10
  3.7480E+02  8.0634E-05  9.1733E-07  3.8510E+08  3.2668E+10
  3.7755E+02  7.9149E-05  9.2539E-07  3.8743E+08  3.3088E+10
  3.8031E+02  7.7689E-05  9.3352E-07  3.8977E+08  3.3514E+10
  3.8310E+02  7.6253E-05  9.4173E-07  3.9213E+08  3.3946E+10
  3.8591E+02  7.4841E-05  9.5002E-07  3.9450E+08  3.4384E+10
  3.8874E+02  7.3453E-05  9.5839E-07  3.9690E+08  3.4828E+10
  3.9159E+02  7.2088E-05  9.6684E-07  3.9931E+08  3.5278E+10
  3.9446E+02  7.0747E-05  9.7536E-07  4.0174E+08  3.5735E+10
  3.9735E+02  6.9428E-05  9.8397E-07  4.0419E+08  3.6198E+10
  4.0026E+02  6.8132E-05  9.9266E-07  4.0666E+08  3.6668E+10
  4.0319E+02  6.6858E-05  1.0014E-06  4.0914E+08  3.7144E+10
  4.0614E+02  6.5605E-05  1.0103E-06  4.1165E+08  3.7628E+10
  4.0912E+02  6.4375E-05  1.0192E-06  4.1417E+08  3.8117E+10
  4.1211E+02  6.3165E-05  1.0283E-06  4.1672E+08  3.8614E+10
  4.1513E+02  6.1976E-05  1.0374E-06  4.1928E+08  3.9118E+10
  4.1817E+02  6.0808E-05  1.0466E-06  4.2186E+08  3.9629E+10
  4.2123E+02  5.9660E-05  1.0559E-06  4.2447E+08  4.0148E+10
  4.2431E+02  5.8532E-05  1.0653E-06  4.2709E+08  4.0673E+10
  4.2742E+02  5.7424E-05  1.0747E-06  4.2973E+08  4.1207E+10
  4.3054E+02  5.6335E-05  1.0843E-06  4.3239E+08  4.1748E+10
  4.3369E+02  5.5265E-05  1.0940E-06  4.3508E+08  4.2296E+10
  4.3687E+02  5.4214E-05  1.1037E-06  4.3778E+08  4.2853E+10
  4.4006E+02  5.3181E-05  1.1135E-06  4.4050E+08  4.3417E+10
  4.4328E+02  5.2166E-05  1.1235E-06  4.4325E+08  4.3990E+10
  4.4652E+02  5.1170E-05  1.1335E-06  4.4602E+08  4.4570E+10
  4.4979E+02  5.0191E-05  1.1436E-06  4.4880E+08  4.5159E+10
  4.5308E+02  4.9230E-05  1.1539E-06  4.5161E+08  4.5756E+10
  4.5639E+02  4.8285E-05  1.1642E-06  4.5444E+08  4.6362E+10
  4.5972E+02  4.7358E-05  1.1746E-06  4.5730E+08  4.6977E+10
  4.6308E+02  4.6447E-05  1.1852E-06  4.6017E+08  4.7600E+10
  4.6647E+02  4.5552E-05  1.1958E-06  4.6307E+08  4.8233E+10
  4.6988E+02  4.4674E-05  1.2065E-06  4.6599E+08  4.8874E+10
  4.7331E+02  4.3811E-05  1.2174E-06  4.6893E+08  4.9525E+10
  4.7677E+02  4.2964E-05  1.2283E-06  4.7190E+08  5.0185E+10
  4.8025E+02  4.2132E-05  1.2394E-06  4.7489E+08  5.0855E+10
  4.8376E+02  4.1315E-05  1.2505E-06  4.7790E+08  5.1534E+10
  4.8729E+02  4.0513E-05  1.2618E-06  4.8094E+08  5.2223E+10
  4.9085E+02  3.9726E-05  1.2732E-06  4.8400E+08  5.2922E+10
  4.9443E+02  3.8953E-05  1.2847E-06  4.8708E+08  5.3631E+10
  4.9804E+02  3.8194E-05  1.2963E-06  4.9019E+08  5.4350E+10
  5.0168E+02  3.7449E-05  1.3080E-06  4.9332E+08  5.5080E+10
  5.0534E+02  3.6718E-05  1.3198E-06  4.9648E+08  5.5820E+10
  5.0903E+02  3.6000E-05  1.3318E-06  4.9966E+08  5.6571E+10
  5.1275E+02  3.5296E-05  1.3438E-06  5.0287E+08  5.7333E+10
  5.1649E+02  3.4604E-05  1.3560E-06  5.0610E+08  5.8106E+10
  5.2026E+02  3.3926E-05  1.3683E-06  5.0936E+08  5.8890E+10
  5.2405E+02  3.3260E-05  1.3807E-06  5.1264E+08  5.9685E+10
  5.2788E+02  3.2606E-05  1.3933E-06  5.1595E+08  6.0492E+10
  5.3173E+02  3.1965E-05  1.4059E-06  5.1929E+08  6.1311E+10
  5.3560E+02  3.1335E-05  1.4187E-06  5.2265E+08  6.2141E+10
  5.3951E+02  3.0717E-05  1.4316E-06  5.2604E+08  6.2983E+10
  5.4345E+02  3.0111E-05  1.4447E-06  5.2946E+08  6.3838E+10
  5.4741E+02  2.9517E-05  1.4578E-06  5.3290E+08  6.4705E+10
  5.5140E+02  2.8933E-05  1.4711E-06  5.3637E+08  6.5584E+10
  5.5542E+02  2.8360E-05  1.4845E-06  5.3987E+08  6.6477E+10
  5.5947E+02  2.7799E-05  1.4981E-06  5.4339E+08  6.7382E+10
  5.6355E+02  2.7248E-05  1.5118E-06  5.4695E+08  6.8300E+10
  5.6765E+02  2.6707E-05  1.5256E-06  5.5053E+08  6.9233E+10
  5.7179E+02  2.6177E-05  1.5396E-06  5.5414E+08  7.0178E+10
  5.7596E+02  2.5657E-05  1.5537E-06  5.5779E+08  7.1137E+10
  5.8016E+02  2.5146E-05  1.5679E-06  5.6145E+08  7.2110E+10
  5.8438E+02  2.4646E-05  1.5823E-06  5.6515E+08  7.3097E+10
  5.8864E+02  2.4155E-05  1.5968E-06  5.6888E+08  7.4098E+10
  5.9293E+02  2.3673E-05  1.6115E-06  5.7264E+08  7.5114E+10
  5.9725E+02  2.3201E-05  1.6262E-06  5.7643E+08  7.6144E+10
  6.0160E+02  2.2738E-05  1.6412E-06  5.8025E+08  7.7190E+10
  6.0598E+02  2.2284E-05  1.6563E-06  5.8410E+08  7.8251E+10
  6.1039E+02  2.1838E-05  1.6715E-06  5.8799E+08  7.9328E+10
  6.1484E+02  2.1401E-05  1.6869E-06  5.9190E+08  8.0420E+10
  6.1931E+02  2.0973E-05  1.7024E-06  5.9584E+08  8.1527E+10
  6.2382E+02  2.0553E-05  1.7181E-06  5.9982E+08  8.2651E+10
  6.2836E+02  2.0141E-05  1.7340E-06  6.0383E+08  8.3791E+10
  6.3294E+02  1.9737E-05  1.7500E-06  6.0787E+08  8.4947E+10
  6.3755E+02  1.9341E-05  1.7661E-06  6.1195E+08  8.6121E+10
  6.4219E+02  1.8953E-05  1.7824E-06  6.1606E+08  8.7312E+10
  6.4686E+02  1.8572E-05  1.7989E-06  6.2020E+08  8.8520E+10
  6.5157E+02  1.8199E-05  1.8155E-06  6.2437E+08  8.9745E+10
  6.5631E+02  1.7833E-05  1.8323E-06  6.2858E+08  9.0988E+10
  6.6108E+02  1.7474E-05  1.8493E-06  6.3283E+08  9.2250E+10
  6.6589E+02  1.7123E-05  1.8664E-06  6.3710E+08  9.3529E+10
  6.7074E+02  1.6778E-05  1.8837E-06  6.4142E+08  9.4826E+10
  6.7562E+02  1.6440E-05  1.9011E-06  6.4577E+08  9.6143E+10
  6.8053E+02  1.6109E-05  1.9188E-06  6.5015E+08  9.7479E+10
  6.8548E+02  1.5785E-05  1.9366E-06  6.5457E+08  9.8834E+10
  6.9047E+02  1.5466E-05  1.9545E-06  6.5903E+08  1.0021E+11
  6.9549E+02  1.5155E-05  1.9727E-06  6.6352E+08  1.0160E+11
  7.0055E+02  1.4849E-05  1.9910E-06  6.6805E+08  1.0302E+11
  7.0564E+02  1.4549E-05  2.0095E-06  6.7262E+08  1.0445E+11
  7.1077E+02  1.4256E-05  2.0282E-06  6.7722E+08  1.0591E+11
  7.1594E+02  1.3968E-05  2.0470E-06  6.8187E+08  1.0739E+11
  7.2114E+02  1.3686E-05  2.0661E-06  6.8655E+08  1.0889E+11
  7.2639E+02  1.3410E-05  2.0853E-06  6.9127E+08  1.1041E+11
  7.3167E+02  1.3139E-05  2.1047E-06  6.9603E+08  1.1195E+11
  7.3698E+02  1.2874E-05  2.1243E-06  7.0083E+08  1.1351E+11
  7.4234E+02  1.2614E-05  2.1441E-06  7.0566E+08  1.1510E+11
  7.4773E+02  1.2359E-05  2.1640E-06  7.1054E+08  1.1671E+11
  7.5317E+02  1.2109E-05  2.1842E-06  7.1546E+08  1.1834E+11
  7.5864E+02  1.1865E-05  2.2046E-06  7.2042E+08  1.2000E+11
  7.6415E+02  1.1625E-05  2.2251E-06  7.2542E+08  1.2168E+11
  7.6970E+02  1.1390E-05  2.2459E-06  7.3047E+08  1.2338E+11
  7.7530E+02  1.1160E-05  2.2668E-06  7.3555E+08  1.2511E+11
  7.8093E+02  1.0934E-05  2.2880E-06  7.4068E+08  1.2687E+11
  7.8660E+02  1.0714E-05  2.3093E-06  7.4585E+08  1.2864E+11
  7.9231E+02  1.0497E-05  2.3309E-06  7.5106E+08  1.3045E+11
  7.9807E+02  1.0285E-05  2.3527E-06  7.5632E+08  1.3228E+11
  8.0387E+02  1.0078E-05  2.3746E-06  7.6162E+08  1.3413E+11
  8.0970E+02  9.8741E-06  2.3968E-06  7.6696E+08  1.3602E+11
  8.1558E+02  9.6747E-06  2.4192E-06  7.7235E+08  1.3793E+11
  8.2151E+02  9.4795E-06  2.4418E-06  7.7779E+08  1.3986E+11
  8.2747E+02  9.2882E-06  2.4646E-06  7.8327E+08  1.4183E+11
  8.3348E+02  9.1008E-06  2.4877E-06  7.8879E+08  1.4382E+11
  8.3953E+02  8.9173E-06  2.5109E-06  7.9436E+08  1.4584E+11
  8.4562E+02  8.7375E-06  2.5344E-06  7.9998E+08  1.4789E+11
  8.5176E+02  8.5614E-06  2.5581E-06  8.0565E+08  1.4997E+11
  8.5795E+02  8.3889E-06  2.5820E-06  8.1136E+08  1.5208E+11
  8.6417E+02  8.2199E-06  2.6061E-06  8.1713E+08  1.5422E+11
  8.7044E+02  8.0544E-06  2.6305E-06  8.2294E+08  1.5639E+11
  8.7676E+02  7.8923E-06  2.6551E-06  8.2880E+08  1.5859E+11
  8.8312E+02  7.7335E-06  2.6799E-06  8.3471E+08  1.6082E+11
  8.8953E+02  7.5780E-06  2.7050E-06  8.4067E+08  1.6308E+11
  8.9599E+02  7.4257E-06  2.7303E-06  8.4668E+08  1.6538E+11
  9.0249E+02  7.2765E-06  2.7558E-06  8.5274E+08  1.6770E+11
  9.0904E+02  7.1304E-06  2.7816E-06  8.5885E+08  1.7006E+11
  9.1563E+02  6.9873E-06  2.8076E-06  8.6502E+08  1.7246E+11
  9.2227E+02  6.8472E-06  2.8338E-06  8.7123E+08  1.7488E+11
  9.2896E+02  6.7099E-06  2.8603E-06  8.7750E+08  1.7734E+11
  9.3570E+02  6.5755E-06  2.8871E-06  8.8382E+08  1.7984E+11
  9.4249E+02  6.4438E-06  2.9140E-06  8.9020E+08  1.8237E+11
  9.4933E+02  6.3149E-06  2.9413E-06  8.9663E+08  1.8493E+11
  9.5621E+02  6.1886E-06  2.9688E-06  9.0312E+08  1.8753E+11
  9.6315E+02  6.0650E-06  2.9965E-06  9.0966E+08  1.9017E+11
  9.7013E+02  5.9439E-06  3.0245E-06  9.1625E+08  1.9285E+11
  9.7717E+02  5.8253E-06  3.0527E-06  9.2291E+08  1.9556E+11
  9.8425E+02  5.7091E-06  3.0812E-06  9.2961E+08  1.9831E+11
  9.9139E+02  5.5954E-06  3.1100E-06  9.3638E+08  2.0109E+11
  9.9858E+02  5.4840E-06  3.1390E-06  9.4321E+08  2.0392E+11
  1.0058E+03  5.3749E-06  3.1683E-06  9.5009E+08  2.0679E+11
  1.0131E+03  5.2681E-06  3.1979E-06  9.5703E+08  2.0969E+11
  1.0205E+03  5.1635E-06  3.2277E-06  9.6403E+08  2.1264E+11
  1.0278E+03  5.0611E-06  3.2578E-06  9.7109E+08  2.1562E+11
  1.0353E+03  4.9608E-06  3.2882E-06  9.7821E+08  2.1865E+11
  1.0428E+03  4.8625E-06  3.3188E-06  9.8540E+08  2.2172E+11
  1.0504E+03  4.7663E-06  3.3498E-06  9.9264E+08  2.2483E+11
  1.0580E+03  4.6721E-06  3.3810E-06  9.9995E+08  2.2799E+11
  1.0656E+03  4.5799E-06  3.4124E-06  1.0073E+09  2.3118E+11
  1.0734E+03  4.4895E-06  3.4442E-06  1.0148E+09  2.3442E+11
  1.0811E+03  4.4011E-06  3.4762E-06  1.0223E+09  2.3771E+11
  1.0890E+03  4.3144E-06  3.5086E-06  1.0298E+09  2.4104E+11
  1.0969E+03  4.2296E-06  3.5412E-06  1.0374E+09  2.4441E+11
  1.1048E+03  4.1465E-06  3.5741E-06  1.0451E+09  2.4784E+11
  1.1128E+03  4.0652E-06  3.6073E-06  1.0529E+09  2.5130E+11
  1.1209E+03  3.9856E-06  3.6408E-06  1.0607E+09  2.5482E+11
  1.1290E+03  3.9075E-06  3.6745E-06  1.0686E+09  2.5838E+11
  1.1372E+03  3.8311E-06  3.7086E-06  1.0766E+09  2.6199E+11
  1.1454E+03  3.7563E-06  3.7430E-06  1.0846E+09  2.6565E+11
  1.1537E+03  3.6831E-06  3.7777E-06  1.0927E+09  2.6936E+11
  1.1621E+03  3.6114E-06  3.8127E-06  1.1009E+09  2.7312E+11
  1.1705E+03  3.5411E-06  3.8479E-06  1.1091E+09  2.7692E+11
  1.1790E+03  3.4723E-06  3.8835E-06  1.1174E+09  2.8078E+11
  1.1875E+03  3.4049E-06  3.9194E-06  1.1258E+09  2.8470E+11
  1.1961E+03  3.3390E-06  3.9557E-06  1.1343E+09  2.8866E+11
  1.2048E+03  3.2744E-06  3.9922E-06  1.1428E+09  2.9268E+11
  1.2135E+03  3.2111E-06  4.0290E-06  1.1514E+09  2.9674E+11
  1.2223E+03  3.1491E-06  4.0662E-06  1.1601E+09  3.0087E+11
  1.2311E+03  3.0885E-06  4.1036E-06  1.1689E+09  3.0505E+11
  1.2400E+03  3.0290E-06  4.1414E-06  1.1777E+09  3.0928E+11
  1.2490E+03  2.9709E-06  4.1796E-06  1.1866E+09  3.1357E+11
  1.2581E+03  2.9139E-06  4.2180E-06  1.1956E+09  3.1792E+11
  1.2672E+03  2.8580E-06  4.2568E-06  1.2047E+09  3.2232E+11
  1.2763E+03  2.8034E-06  4.2958E-06  1.2138E+09  3.2678E+11
  1.2856E+03  2.7498E-06  4.3353E-06  1.2230E+09  3.3130E+11
  1.2949E+03  2.6974E-06  4.3750E-06  1.2323E+09  3.3588E+11
  1.3043E+03  2.6461E-06  4.4151E-06  1.2417E+09  3.4052E+11
  1.3137E+03  2.5958E-06  4.4555E-06  1.2512E+09  3.4521E+11
  1.3232E+03  2.5465E-06  4.4963E-06  1.2608E+09  3.4998E+11
  1.3328E+03  2.4983E-06  4.5374E-06  1.2704E+09  3.5480E+11
  1.3424E+03  2.4510E-06  4.5788E-06  1.2801E+09  3.5968E+11
  1.3522E+03  2.4048E-06  4.6206E-06  1.2899E+09  3.6462E+11
  1.3619E+03  2.3594E-06  4.6627E-06  1.2998E+09  3.6963E+11
  1.3718E+03  2.3150E-06  4.7052E-06  1.3098E+09  3.7471E+11
  1.3817E+03  2.2715E-06  4.7480E-06  1.3199E+09  3.7985E+11
  1.3917E+03  2.2289E-06  4.7912E-06  1.3300E+09  3.8506E+11
  1.4018E+03  2.1872E-06  4.8347E-06  1.3403E+09  3.9032E+11
  1.4119E+03  2.1464E-06  4.8786E-06  1.3506E+09  3.9566E+11
  1.4222E+03  2.1063E-06  4.9228E-06  1.3610E+09  4.0107E+11
  1.4324E+03  2.0671E-06  4.9674E-06  1.3716E+09  4.0655E+11
  1.4428E+03  2.0287E-06  5.0123E-06  1.3822E+09  4.1209E+11
  1.4532E+03  1.9911E-06  5.0576E-06  1.3929E+09  4.1770E+11
  1.4638E+03  1.9542E-06  5.1033E-06  1.4037E+09  4.2339E+11
  1.4743E+03  1.9181E-06  5.1493E-06  1.4146E+09  4.2915E+11
  1.4850E+03  1.8827E-06  5.1957E-06  1.4256E+09  4.3497E+11
  1.4958E+03  1.8481E-06  5.2425E-06  1.4367E+09  4.4087E+11
  1.5066E+03  1.8141E-06  5.2896E-06  1.4479E+09  4.4685E+11
  1.5175E+03  1.7808E-06  5.3372E-06  1.4591E+09  4.5290E+11
  1.5284E+03  1.7482E-06  5.3850E-06  1.4705E+09  4.5902E+11
  1.5395E+03  1.7163E-06  5.4333E-06  1.4820E+09  4.6522E+11
  1.5506E+03  1.6850E-06  5.4819E-06  1.4936E+09  4.7149E+11
  1.5618E+03  1.6544E-06  5.5309E-06  1.5053E+09  4.7785E+11
  1.5731E+03  1.6243E-06  5.5803E-06  1.5171E+09  4.8428E+11
  1.5845E+03  1.5949E-06  5.6301E-06  1.5290E+09  4.9078E+11
  1.5960E+03  1.5661E-06  5.6802E-06  1.5410E+09  4.9737E+11
  1.6075E+03  1.5378E-06  5.7308E-06  1.5531E+09  5.0405E+11
  1.6191E+03  1.5101E-06  5.7817E-06  1.5654E+09  5.1080E+11
  1.6309E+03  1.4830E-06  5.8330E-06  1.5777E+09  5.1763E+11
  1.6426E+03  1.4564E-06  5.8847E-06  1.5901E+09  5.2454E+11
  1.6545E+03  1.4304E-06  5.9368E-06  1.6027E+09  5.3154E+11
  1.6665E+03  1.4048E-06  5.9893E-06  1.6154E+09  5.3862E+11
  1.6785E+03  1.3798E-06  6.0421E-06  1.6281E+09  5.4578E+11
  1.6907E+03  1.3553E-06  6.0954E-06  1.6410E+09  5.5303E+11
  1.7029E+03  1.3313E-06  6.1491E-06  1.6540E+09  5.6038E+11
  1.7152E+03  1.3077E-06  6.2031E-06  1.6672E+09  5.6780E+11
  1.7276E+03  1.2846E-06  6.2576E-06  1.6804E+09  5.7531E+11
  1.7401E+03  1.2620E-06  6.3124E-06  1.6938E+09  5.8291E+11
  1.7527E+03  1.2398E-06  6.3677E-06  1.7072E+09  5.9061E+11
  1.7653E+03  1.2181E-06  6.4234E-06  1.7208E+09  5.9839E+11
  1.7781E+03  1.1967E-06  6.4795E-06  1.7346E+09  6.0625E+11
  1.7909E+03  1.1758E-06  6.5359E-06  1.7484E+09  6.1422E+11
  1.8039E+03  1.1554E-06  6.5928E-06  1.7624E+09  6.2228E+11
  1.8169E+03  1.1353E-06  6.6501E-06  1.7765E+09  6.3043E+11
  1.8301E+03  1.1156E-06  6.7078E-06  1.7907E+09  6.3866E+11
  1.8433E+03  1.0963E-06  6.7660E-06  1.8050E+09  6.4701E+11
  1.8566E+03  1.0774E-06  6.8245E-06  1.8195E+09  6.5545E+11
  1.8700E+03  1.0588E-06  6.8834E-06  1.8341E+09  6.6397E+11
  1.8835E+03  1.0406E-06  6.9428E-06  1.8489E+09  6.7260E+11
  1.8972E+03  1.0228E-06  7.0026E-06  1.8637E+09  6.8133E+11
  1.9109E+03  1.0053E-06  7.0628E-06  1.8788E+09  6.9016E+11
  1.9247E+03  9.8818E-07  7.1234E-06  1.8939E+09  6.9907E+11
  1.9386E+03  9.7137E-07  7.1844E-06  1.9092E+09  7.0811E+11
  1.9526E+03  9.5488E-07  7.2459E-06  1.9246E+09  7.1724E+11
  1.9667E+03  9.3871E-07  7.3078E-06  1.9401E+09  7.2645E+11
  1.9809E+03  9.2285E-07  7.3701E-06  1.9558E+09  7.3579E+11
  1.9952E+03  9.0729E-07  7.4328E-06  1.9717E+09  7.4524E+11
  2.0096E+03  8.9204E-07  7.4960E-06  1.9877E+09  7.5477E+11
  2.0242E+03  8.7708E-07  7.5595E-06  2.0038E+09  7.6440E+11
  2.0388E+03  8.6240E-07  7.6235E-06  2.0201E+09  7.7417E+11
  2.0535E+03  8.4801E-07  7.6880E-06  2.0365E+09  7.8403E+11
  2.0683E+03  8.3390E-07  7.7529E-06  2.0530E+09  7.9398E+11
  2.0833E+03  8.2004E-07  7.8182E-06  2.0698E+09  8.0407E+11
  2.0983E+03  8.0645E-07  7.8839E-06  2.0866E+09  8.1426E+11
  2.1135E+03  7.9313E-07  7.9500E-06  2.1036E+09  8.2453E+11
  2.1288E+03  7.8005E-07  8.0166E-06  2.1208E+09  8.3495E+11
  2.1441E+03  7.6722E-07  8.0837E-06  2.1382E+09  8.4548E+11
  2.1596E+03  7.5463E-07  8.1511E-06  2.1556E+09  8.5609E+11
  2.1752E+03  7.4228E-07  8.2190E-06  2.1733E+09  8.6683E+11
  2.1909E+03  7.3016E-07  8.2874E-06  2.1911E+09  8.7771E+11
  2.2068E+03  7.1827E-07  8.3561E-06  2.2091E+09  8.8866E+11
  2.2227E+03  7.0660E-07  8.4254E-06  2.2272E+09  8.9975E+11
  2.2388E+03  6.9514E-07  8.4950E-06  2.2455E+09  9.1097E+11
  2.2549E+03  6.8391E-07  8.5651E-06  2.2640E+09  9.2227E+11
  2.2712E+03  6.7288E-07  8.6356E-06  2.2826E+09  9.3371E+11
  2.2876E+03  6.6205E-07  8.7066E-06  2.3014E+09  9.4529E+11
  2.3041E+03  6.5143E-07  8.7780E-06  2.3204E+09  9.5695E+11
  2.3208E+03  6.4100E-07  8.8499E-06  2.3395E+09  9.6875E+11
  2.3375E+03  6.3076E-07  8.9221E-06  2.3588E+09  9.8068E+11
  2.3544E+03  6.2071E-07  8.9949E-06  2.3783E+09  9.9270E+11
  2.3714E+03  6.1085E-07  9.0681E-06  2.3980E+09  1.0049E+12
  2.3885E+03  6.0116E-07  9.1417E-06  2.4179E+09  1.0172E+12
  2.4058E+03  5.9166E-07  9.2157E-06  2.4379E+09  1.0296E+12
  2.4232E+03  5.8232E-07  9.2902E-06  2.4581E+09  1.0421E+12
  2.4407E+03  5.7316E-07  9.3652E-06  2.4785E+09  1.0548E+12
  2.4583E+03  5.6416E-07  9.4406E-06  2.4991E+09  1.0675E+12
  2.4760E+03  5.5532E-07  9.5164E-06  2.5199E+09  1.0805E+12
  2.4939E+03  5.4665E-07  9.5927E-06  2.5409E+09  1.0935E+12
  2.5119E+03  5.3813E-07  9.6695E-06  2.5620E+09  1.1067E+12
  2.5300E+03  5.2976E-07  9.7466E-06  2.5834E+09  1.1200E+12
  2.5483E+03  5.2155E-07  9.8243E-06  2.6049E+09  1.1334E+12
  2.5667E+03  5.1347E-07  9.9023E-06  2.6267E+09  1.1470E+12
  2.5852E+03  5.0555E-07  9.9808E-06  2.6486E+09  1.1607E+12
  2.6039E+03  4.9776E-07  1.0060E-05  2.6708E+09  1.1745E+12
  2.6227E+03  4.9011E-07  1.0139E-05  2.6931E+09  1.1885E+12
  2.6416E+03  4.8260E-07  1.0219E-05  2.7157E+09  1.2026E+12
  2.6607E+03  4.7522E-07  1.0299E-05  2.7385E+09  1.2168E+12
  2.6799E+03  4.6797E-07  1.0380E-05  2.7614E+09  1.2312E+12
  2.6993E+03  4.6085E-07  1.0461E-05  2.7846E+09  1.2456E+12
  2.7187E+03  4.5385E-07  1.0543E-05  2.8080E+09  1.2603E+12
  2.7384E+03  4.4697E-07  1.0625E-05  2.8316E+09  1.2751E+12
  2.7581E+03  4.4021E-07  1.0708E-05  2.8555E+09  1.2900E+12
  2.7780E+03  4.3357E-07  1.0791E-05  2.8795E+09  1.3051E+12
  2.7981E+03  4.2705E-07  1.0874E-05  2.9038E+09  1.3202E+12
  2.8183E+03  4.2063E-07  1.0958E-05  2.9283E+09  1.3356E+12
  2.8386E+03  4.1433E-07  1.1042E-05  2.9530E+09  1.3510E+12
  2.8591E+03  4.0814E-07  1.1127E-05  2.9780E+09  1.3666E+12
  2.8798E+03  4.0204E-07  1.1212E-05  3.0032E+09  1.3824E+12
