  2.5000E-02  6.0486E+00  4.6682E-18  2.1988E+05  1.0000E+00
  7.5180E-02  6.0858E+00  3.0160E-15  3.2907E+05  1.0000E+00
  1.2572E-01  6.1637E+00  1.5021E-14  6.5798E+05  1.0000E+00
  1.7663E-01  6.2901E+00  3.5180E-14  9.3211E+05  1.0000E+00
  2.2790E-01  6.4787E+00  6.5434E-14  1.1624E+06  1.0000E+00
  2.7954E-01  6.7548E+00  1.0531E-13  1.3631E+06  1.0000E+00
  3.3155E-01  7.1700E+00  1.5136E-13  1.5439E+06  1.0000E+00
  3.8394E-01  7.8508E+00  1.9451E-13  1.7111E+06  1.0000E+00
  4.3670E-01  9.2993E+00  1.3140E-11  1.8687E+06  1.0000E+00
  4.8985E-01  1.1431E+01  6.3775E-11  2.0193E+06  5.5734E+04
  5.4337E-01  8.2710E+00  1.2750E-10  2.1646E+06  2.1373E+05
  5.9729E-01  6.7634E+00  1.7686E-10  2.3061E+06  3.6080E+05
  6.5159E-01  5.6819E+00  2.2438E-10  2.4446E+06  5.1496E+05
  7.0628E-01  4.8618E+00  2.7110E-10  2.5808E+06  6.7666E+05
  7.6136E-01  4.2166E+00  3.1760E-10  2.7153E+06  8.4648E+05
  8.1685E-01  3.6963E+00  3.6417E-10  2.8486E+06  1.0248E+06
  8.7273E-01  3.2686E+00  4.1098E-10  2.9809E+06  1.2118E+06
  9.2901E-01  2.9120E+00  4.5816E-10  3.1126E+06  1.4077E+06
  9.8570E-01  2.6109E+00  5.0577E-10  3.2439E+06  1.6126E+06
  1.0428E+00  2.3541E+00  5.5385E-10  3.3750E+06  1.8265E+06
  1.1003E+00  2.1331E+00  6.0244E-10  3.5061E+06  2.0496E+06
  1.1582E+00  1.9416E+00  6.5156E-10  3.6373E+06  2.2819E+06
  1.2166E+00  1.7743E+00  7.0121E-10  3.7688E+06  2.5234E+06
  1.2753E+00  1.6274E+00  7.5142E-10  3.9006E+06  2.7742E+06
  1.3345E+00  1.4976E+00  8.0219E-10  4.0329E+06  3.0342E+06
  1.3941E+00  1.3824E+00  8.5353E-10  4.1657E+06  3.3036E+06
  1.4542E+00  1.2797E+00  9.0543E-10  4.2992E+06  3.5824E+06
  1.5146E+00  1.1878E+00  9.5790E-10  4.4334E+06  3.8706E+06
  1.5755E+00  1.1051E+00  1.0109E-09  4.5683E+06  4.1683E+06
  1.6369E+00  1.0305E+00  1.0646E-09  4.7040E+06  4.4754E+06
  1.6987E+00  9.6302E-01  1.1188E-09  4.8407E+06  4.7921E+06
  1.7609E+00  9.0174E-01  1.1735E-09  4.9782E+06  5.1185E+06
  1.8236E+00  8.4593E-01  1.2289E-09  5.1167E+06  5.4544E+06
  1.8867E+00  7.9498E-01  1.2848E-09  5.2562E+06  5.8001E+06
  1.9503E+00  7.4834E-01  1.3413E-09  5.3968E+06  6.1555E+06
  2.0143E+00  7.0554E-01  1.3984E-09  5.5384E+06  6.5208E+06
  2.0788E+00  6.6619E-01  1.4561E-09  5.6812E+06  6.8960E+06
  2.1438E+00  6.2992E-01  1.5144E-09  5.8251E+06  7.2811E+06
  2.2092E+00  5.9642E-01  1.5733E-09  5.9702E+06  7.6762E+06
  2.2751E+00  5.6543E-01  1.6327E-09  6.1165E+06  8.0815E+06
  2.3415E+00  5.3670E-01  1.6928E-09  6.2640E+06  8.4968E+06
  2.4084E+00  5.1003E-01  1.7535E-09  6.4128E+06  8.9225E+06
  2.4757E+00  4.8522E-01  1.8147E-09  6.5629E+06  9.3585E+06
  2.5435E+00  4.6210E-01  1.8766E-09  6.7142E+06  9.8049E+06
  2.6119E+00  4.4054E-01  1.9391E-09  6.8669E+06  1.0262E+07
  2.6807E+00  4.2039E-01  2.0022E-09  7.0210E+06  1.0729E+07
  2.7500E+00  4.0154E-01  2.0659E-09  7.1764E+06  1.1207E+07
  2.8198E+00  3.8388E-01  2.1303E-09  7.3332E+06  1.1696E+07
  2.8901E+00  3.6731E-01  2.1953E-09  7.4915E+06  1.2196E+07
  2.9609E+00  3.5175E-01  2.2609E-09  7.6511E+06  1.2707E+07
  3.0322E+00  3.3711E-01  2.3271E-09  7.8122E+06  1.3229E+07
  3.1040E+00  3.2334E-01  2.3940E-09  7.9748E+06  1.3762E+07
  3.1764E+00  3.1035E-01  2.4616E-09  8.1388E+06  1.4306E+07
  3.2492E+00  2.9810E-01  2.5298E-09  8.3043E+06  1.4861E+07
  3.3226E+00  2.8653E-01  2.5987E-09  8.4713E+06  1.5428E+07
  3.3966E+00  2.7560E-01  2.6682E-09  8.6399E+06  1.6007E+07
  3.4710E+00  2.6525E-01  2.7384E-09  8.8099E+06  1.6598E+07
  3.5460E+00  2.5545E-01  2.8094E-09  8.9815E+06  1.7200E+07
  3.6215E+00  2.4616E-01  2.8809E-09  9.1547E+06  1.7814E+07
  3.6976E+00  2.3734E-01  2.9532E-09  9.3295E+06  1.8440E+07
  3.7742E+00  2.2897E-01  3.0262E-09  9.5058E+06  1.9079E+07
  3.8514E+00  2.2102E-01  3.0999E-09  9.6837E+06  1.9729E+07
  3.9291E+00  2.1345E-01  3.1744E-09  9.8633E+06  2.0393E+07
  4.0074E+00  2.0625E-01  3.2495E-09  1.0044E+07  2.1068E+07
  4.0863E+00  1.9940E-01  3.3254E-09  1.0227E+07  2.1757E+07
  4.1657E+00  1.9286E-01  3.4020E-09  1.0412E+07  2.2458E+07
  4.2457E+00  1.8662E-01  3.4794E-09  1.0598E+07  2.3173E+07
  4.3263E+00  1.8067E-01  3.5575E-09  1.0785E+07  2.3900E+07
  4.4074E+00  1.7498E-01  3.6364E-09  1.0975E+07  2.4641E+07
  4.4891E+00  1.6955E-01  3.7161E-09  1.1166E+07  2.5396E+07
  4.5715E+00  1.6436E-01  3.7966E-09  1.1359E+07  2.6164E+07
  4.6544E+00  1.5938E-01  3.8778E-09  1.1553E+07  2.6945E+07
  4.7379E+00  1.5462E-01  3.9599E-09  1.1749E+07  2.7741E+07
  4.8220E+00  1.5006E-01  4.0427E-09  1.1947E+07  2.8550E+07
  4.9067E+00  1.4569E-01  4.1264E-09  1.2147E+07  2.9374E+07
  4.9921E+00  1.4149E-01  4.2109E-09  1.2348E+07  3.0212E+07
  5.0780E+00  1.3747E-01  4.2963E-09  1.2551E+07  3.1065E+07
  5.1646E+00  1.3361E-01  4.3825E-09  1.2756E+07  3.1933E+07
  5.2517E+00  1.2989E-01  4.4695E-09  1.2962E+07  3.2815E+07
  5.3396E+00  1.2633E-01  4.5575E-09  1.3171E+07  3.3713E+07
  5.4280E+00  1.2290E-01  4.6463E-09  1.3381E+07  3.4626E+07
  5.5171E+00  1.1960E-01  4.7360E-09  1.3592E+07  3.5554E+07
  5.6068E+00  1.1642E-01  4.8266E-09  1.3806E+07  3.6498E+07
  5.6972E+00  1.1336E-01  4.9181E-09  1.4021E+07  3.7457E+07
  5.7882E+00  1.1042E-01  5.0105E-09  1.4238E+07  3.8433E+07
  5.8799E+00  1.0758E-01  5.1038E-09  1.4457E+07  3.9425E+07
  5.9722E+00  1.0484E-01  5.1981E-09  1.4678E+07  4.0433E+07
  6.0652E+00  1.0220E-01  5.2934E-09  1.4900E+07  4.1458E+07
  6.1589E+00  9.9650E-02  5.3896E-09  1.5124E+07  4.2499E+07
  6.2532E+00  9.7190E-02  5.4868E-09  1.5351E+07  4.3558E+07
  6.3482E+00  9.4815E-02  5.5850E-09  1.5578E+07  4.4634E+07
  6.4439E+00  9.2520E-02  5.6842E-09  1.5808E+07  4.5727E+07
  6.5403E+00  9.0302E-02  5.7843E-09  1.6039E+07  4.6838E+07
  6.6374E+00  8.8157E-02  5.8856E-09  1.6273E+07  4.7967E+07
  6.7352E+00  8.6083E-02  5.9878E-09  1.6508E+07  4.9113E+07
  6.8337E+00  8.4077E-02  6.0911E-09  1.6745E+07  5.0279E+07
  6.9329E+00  8.2135E-02  6.1955E-09  1.6983E+07  5.1462E+07
  7.0328E+00  8.0255E-02  6.3009E-09  1.7224E+07  5.2665E+07
  7.1335E+00  7.8434E-02  6.4074E-09  1.7466E+07  5.3886E+07
  7.2348E+00  7.6670E-02  6.5150E-09  1.7710E+07  5.5127E+07
  7.3369E+00  7.4960E-02  6.6237E-09  1.7956E+07  5.6387E+07
  7.4398E+00  7.3303E-02  6.7336E-09  1.8204E+07  5.7667E+07
  7.5433E+00  7.1696E-02  6.8446E-09  1.8453E+07  5.8966E+07
  7.6476E+00  7.0137E-02  6.9567E-09  1.8705E+07  6.0286E+07
  7.7527E+00  6.8624E-02  7.0700E-09  1.8958E+07  6.1627E+07
  7.8585E+00  6.7156E-02  7.1845E-09  1.9213E+07  6.2988E+07
  7.9651E+00  6.5731E-02  7.3002E-09  1.9469E+07  6.4370E+07
  8.0724E+00  6.4347E-02  7.4170E-09  1.9728E+07  6.5774E+07
  8.1806E+00  6.3003E-02  7.5351E-09  1.9989E+07  6.7199E+07
  8.2895E+00  6.1697E-02  7.6545E-09  2.0251E+07  6.8646E+07
  8.3991E+00  6.0427E-02  7.7751E-09  2.0515E+07  7.0115E+07
  8.5096E+00  5.9193E-02  7.8969E-09  2.0781E+07  7.1606E+07
  8.6209E+00  5.7993E-02  8.0201E-09  2.1048E+07  7.3120E+07
  8.7330E+00  5.6826E-02  8.1445E-09  2.1318E+07  7.4657E+07
  8.8458E+00  5.5690E-02  8.2702E-09  2.1589E+07  7.6217E+07
  8.9595E+00  5.4585E-02  8.3973E-09  2.1862E+07  7.7801E+07
  9.0740E+00  5.3509E-02  8.5257E-09  2.2137E+07  7.9408E+07
  9.1894E+00  5.2462E-02  8.6555E-09  2.2413E+07  8.1040E+07
  9.3055E+00  5.1442E-02  8.7866E-09  2.2692E+07  8.2696E+07
  9.4225E+00  5.0449E-02  8.9191E-09  2.2972E+07  8.4377E+07
  9.5404E+00  4.9481E-02  9.0530E-09  2.3254E+07  8.6083E+07
  9.6591E+00  4.8539E-02  9.1884E-09  2.3537E+07  8.7814E+07
  9.7786E+00  4.7620E-02  9.3252E-09  2.3823E+07  8.9572E+07
  9.8990E+00  4.6724E-02  9.4634E-09  2.4110E+07  9.1355E+07
  1.0020E+01  4.5850E-02  9.6031E-09  2.4399E+07  9.3165E+07
  1.0142E+01  4.4998E-02  9.7443E-09  2.4689E+07  9.5001E+07
  1.0265E+01  4.4167E-02  9.8871E-09  2.4982E+07  9.6865E+07
  1.0389E+01  4.3356E-02  1.0031E-08  2.5276E+07  9.8756E+07
  1.0514E+01  4.2565E-02  1.0177E-08  2.5572E+07  1.0067E+08
  1.0640E+01  4.1793E-02  1.0324E-08  2.5870E+07  1.0262E+08
  1.0766E+01  4.1039E-02  1.0473E-08  2.6169E+07  1.0460E+08
  1.0894E+01  4.0303E-02  1.0624E-08  2.6470E+07  1.0660E+08
  1.1022E+01  3.9584E-02  1.0776E-08  2.6773E+07  1.0864E+08
  1.1152E+01  3.8882E-02  1.0930E-08  2.7077E+07  1.1070E+08
  1.1282E+01  3.8196E-02  1.1085E-08  2.7383E+07  1.1279E+08
  1.1413E+01  3.7526E-02  1.1242E-08  2.7691E+07  1.1492E+08
  1.1546E+01  3.6871E-02  1.1401E-08  2.8000E+07  1.1707E+08
  1.1679E+01  3.6231E-02  1.1561E-08  2.8312E+07  1.1926E+08
  1.1813E+01  3.5606E-02  1.1724E-08  2.8624E+07  1.2147E+08
  1.1948E+01  3.4994E-02  1.1888E-08  2.8939E+07  1.2372E+08
  1.2084E+01  3.4396E-02  1.2053E-08  2.9255E+07  1.2601E+08
  1.2221E+01  3.3811E-02  1.2221E-08  2.9573E+07  1.2832E+08
  1.2359E+01  3.3238E-02  1.2390E-08  2.9892E+07  1.3067E+08
  1.2498E+01  3.2678E-02  1.2561E-08  3.0213E+07  1.3305E+08
  1.2638E+01  3.2130E-02  1.2734E-08  3.0536E+07  1.3547E+08
  1.2779E+01  3.1594E-02  1.2909E-08  3.0860E+07  1.3792E+08
  1.2921E+01  3.1070E-02  1.3086E-08  3.1186E+07  1.4040E+08
  1.3064E+01  3.0556E-02  1.3265E-08  3.1513E+07  1.4293E+08
  1.3208E+01  3.0053E-02  1.3445E-08  3.1842E+07  1.4548E+08
  1.3353E+01  2.9561E-02  1.3628E-08  3.2173E+07  1.4808E+08
  1.3499E+01  2.9078E-02  1.3812E-08  3.2505E+07  1.5071E+08
  1.3646E+01  2.8606E-02  1.3999E-08  3.2839E+07  1.5338E+08
  1.3795E+01  2.8143E-02  1.4188E-08  3.3174E+07  1.5608E+08
  1.3944E+01  2.7690E-02  1.4378E-08  3.3511E+07  1.5883E+08
  1.4094E+01  2.7246E-02  1.4571E-08  3.3849E+07  1.6161E+08
  1.4246E+01  2.6811E-02  1.4766E-08  3.4189E+07  1.6443E+08
  1.4398E+01  2.6384E-02  1.4963E-08  3.4530E+07  1.6730E+08
  1.4552E+01  2.5966E-02  1.5162E-08  3.4873E+07  1.7020E+08
  1.4707E+01  2.5556E-02  1.5363E-08  3.5217E+07  1.7314E+08
  1.4863E+01  2.5154E-02  1.5566E-08  3.5563E+07  1.7613E+08
  1.5020E+01  2.4760E-02  1.5772E-08  3.5910E+07  1.7916E+08
  1.5178E+01  2.4374E-02  1.5980E-08  3.6259E+07  1.8223E+08
  1.5337E+01  2.3995E-02  1.6190E-08  3.6609E+07  1.8534E+08
  1.5497E+01  2.3623E-02  1.6403E-08  3.6961E+07  1.8850E+08
  1.5659E+01  2.3259E-02  1.6617E-08  3.7314E+07  1.9170E+08
  1.5822E+01  2.2901E-02  1.6834E-08  3.7668E+07  1.9495E+08
  1.5986E+01  2.2550E-02  1.7054E-08  3.8024E+07  1.9824E+08
  1.6151E+01  2.2206E-02  1.7276E-08  3.8381E+07  2.0157E+08
  1.6317E+01  2.1868E-02  1.7500E-08  3.8740E+07  2.0496E+08
  1.6485E+01  2.1536E-02  1.7727E-08  3.9100E+07  2.0839E+08
  1.6653E+01  2.1211E-02  1.7956E-08  3.9462E+07  2.1187E+08
  1.6823E+01  2.0891E-02  1.8188E-08  3.9824E+07  2.1540E+08
  1.6994E+01  2.0577E-02  1.8422E-08  4.0189E+07  2.1897E+08
  1.7167E+01  2.0269E-02  1.8658E-08  4.0554E+07  2.2260E+08
  1.7340E+01  1.9966E-02  1.8898E-08  4.0921E+07  2.2628E+08
  1.7515E+01  1.9669E-02  1.9140E-08  4.1289E+07  2.3000E+08
  1.7691E+01  1.9378E-02  1.9384E-08  4.1659E+07  2.3378E+08
  1.7869E+01  1.9091E-02  1.9632E-08  4.2030E+07  2.3761E+08
  1.8047E+01  1.8809E-02  1.9882E-08  4.2402E+07  2.4150E+08
  1.8227E+01  1.8533E-02  2.0134E-08  4.2776E+07  2.4544E+08
  1.8408E+01  1.8261E-02  2.0390E-08  4.3150E+07  2.4943E+08
  1.8591E+01  1.7994E-02  2.0648E-08  4.3527E+07  2.5348E+08
  1.8775E+01  1.7732E-02  2.0909E-08  4.3904E+07  2.5758E+08
  1.8960E+01  1.7474E-02  2.1173E-08  4.4283E+07  2.6174E+08
  1.9147E+01  1.7221E-02  2.1440E-08  4.4663E+07  2.6595E+08
  1.9334E+01  1.6972E-02  2.1709E-08  4.5044E+07  2.7023E+08
  1.9524E+01  1.6727E-02  2.1982E-08  4.5426E+07  2.7456E+08
  1.9714E+01  1.6486E-02  2.2258E-08  4.5810E+07  2.7895E+08
  1.9906E+01  1.6250E-02  2.2536E-08  4.6195E+07  2.8341E+08
  2.0099E+01  1.6017E-02  2.2818E-08  4.6581E+07  2.8792E+08
  2.0294E+01  1.5788E-02  2.3103E-08  4.6969E+07  2.9250E+08
  2.0490E+01  1.5564E-02  2.3390E-08  4.7357E+07  2.9714E+08
  2.0688E+01  1.5342E-02  2.3681E-08  4.7747E+07  3.0184E+08
  2.0887E+01  1.5125E-02  2.3975E-08  4.8138E+07  3.0660E+08
  2.1087E+01  1.4911E-02  2.4273E-08  4.8530E+07  3.1143E+08
  2.1289E+01  1.4701E-02  2.4573E-08  4.8924E+07  3.1633E+08
  2.1492E+01  1.4494E-02  2.4877E-08  4.9319E+07  3.2129E+08
  2.1697E+01  1.4290E-02  2.5184E-08  4.9714E+07  3.2632E+08
  2.1903E+01  1.4090E-02  2.5495E-08  5.0111E+07  3.3142E+08
  2.2111E+01  1.3893E-02  2.5808E-08  5.0510E+07  3.3659E+08
  2.2320E+01  1.3699E-02  2.6126E-08  5.0909E+07  3.4183E+08
  2.2531E+01  1.3509E-02  2.6446E-08  5.1310E+07  3.4714E+08
  2.2743E+01  1.3321E-02  2.6771E-08  5.1711E+07  3.5252E+08
  2.2957E+01  1.3136E-02  2.7098E-08  5.2114E+07  3.5797E+08
  2.3172E+01  1.2955E-02  2.7430E-08  5.2518E+07  3.6350E+08
  2.3389E+01  1.2776E-02  2.7764E-08  5.2923E+07  3.6910E+08
  2.3607E+01  1.2600E-02  2.8103E-08  5.3329E+07  3.7478E+08
  2.3827E+01  1.2427E-02  2.8445E-08  5.3737E+07  3.8053E+08
  2.4049E+01  1.2256E-02  2.8791E-08  5.4146E+07  3.8637E+08
  2.4272E+01  1.2088E-02  2.9140E-08  5.4555E+07  3.9228E+08
  2.4497E+01  1.1923E-02  2.9494E-08  5.4966E+07  3.9827E+08
  2.4723E+01  1.1760E-02  2.9851E-08  5.5378E+07  4.0434E+08
  2.4951E+01  1.1600E-02  3.0212E-08  5.5791E+07  4.1049E+08
  2.5181E+01  1.1442E-02  3.0577E-08  5.6205E+07  4.1672E+08
  2.5412E+01  1.1287E-02  3.0946E-08  5.6621E+07  4.2304E+08
  2.5645E+01  1.1134E-02  3.1319E-08  5.7037E+07  4.2945E+08
  2.5880E+01  1.0984E-02  3.1696E-08  5.7455E+07  4.3593E+08
  2.6116E+01  1.0836E-02  3.2077E-08  5.7874E+07  4.4251E+08
  2.6354E+01  1.0690E-02  3.2462E-08  5.8293E+07  4.4917E+08
  2.6594E+01  1.0546E-02  3.2851E-08  5.8714E+07  4.5593E+08
  2.6835E+01  1.0404E-02  3.3244E-08  5.9137E+07  4.6277E+08
  2.7078E+01  1.0265E-02  3.3642E-08  5.9560E+07  4.6970E+08
  2.7323E+01  1.0128E-02  3.4044E-08  5.9984E+07  4.7673E+08
  2.7570E+01  9.9925E-03  3.4450E-08  6.0410E+07  4.8385E+08
  2.7819E+01  9.8594E-03  3.4861E-08  6.0836E+07  4.9107E+08
  2.8069E+01  9.7282E-03  3.5276E-08  6.1264E+07  4.9838E+08
  2.8321E+01  9.5990E-03  3.5695E-08  6.1693E+07  5.0579E+08
  2.8575E+01  9.4718E-03  3.6119E-08  6.2123E+07  5.1329E+08
  2.8831E+01  9.3465E-03  3.6548E-08  6.2554E+07  5.2090E+08
  2.9088E+01  9.2231E-03  3.6981E-08  6.2986E+07  5.2861E+08
  2.9348E+01  9.1016E-03  3.7419E-08  6.3419E+07  5.3641E+08
  2.9609E+01  8.9820E-03  3.7861E-08  6.3854E+07  5.4433E+08
  2.9872E+01  8.8644E-03  3.8308E-08  6.4289E+07  5.5235E+08
  3.0137E+01  8.7487E-03  3.8760E-08  6.4726E+07  5.6020E+08
  3.0404E+01  8.6347E-03  3.9217E-08  6.5164E+07  5.6811E+08
  3.0673E+01  8.5222E-03  3.9679E-08  6.5603E+07  5.7613E+08
  3.0944E+01  8.4113E-03  4.0147E-08  6.6043E+07  5.8426E+08
  3.1217E+01  8.3019E-03  4.0619E-08  6.6484E+07  5.9249E+08
  3.1492E+01  8.1939E-03  4.1097E-08  6.6927E+07  6.0084E+08
  3.1768E+01  8.0874E-03  4.1580E-08  6.7370E+07  6.0929E+08
  3.2047E+01  7.9824E-03  4.2069E-08  6.7815E+07  6.1785E+08
  3.2328E+01  7.8788E-03  4.2563E-08  6.8261E+07  6.2653E+08
  3.2611E+01  7.7766E-03  4.3062E-08  6.8708E+07  6.3533E+08
  3.2895E+01  7.6758E-03  4.3567E-08  6.9156E+07  6.4424E+08
  3.3182E+01  7.5763E-03  4.4077E-08  6.9606E+07  6.5327E+08
  3.3471E+01  7.4782E-03  4.4594E-08  7.0056E+07  6.6241E+08
  3.3762E+01  7.3814E-03  4.5116E-08  7.0508E+07  6.7168E+08
  3.4055E+01  7.2859E-03  4.5643E-08  7.0961E+07  6.8107E+08
  3.4350E+01  7.1916E-03  4.6177E-08  7.1415E+07  6.9059E+08
  3.4648E+01  7.0987E-03  4.6716E-08  7.1871E+07  7.0022E+08
  3.4947E+01  7.0069E-03  4.7261E-08  7.2327E+07  7.0999E+08
  3.5249E+01  6.9164E-03  4.7813E-08  7.2785E+07  7.1988E+08
  3.5553E+01  6.8271E-03  4.8370E-08  7.3244E+07  7.2990E+08
  3.5859E+01  6.7390E-03  4.8933E-08  7.3705E+07  7.4006E+08
  3.6167E+01  6.6521E-03  4.9503E-08  7.4166E+07  7.5034E+08
  3.6477E+01  6.5663E-03  5.0078E-08  7.4629E+07  7.6076E+08
  3.6790E+01  6.4817E-03  5.0660E-08  7.5093E+07  7.7132E+08
  3.7105E+01  6.3981E-03  5.1249E-08  7.5559E+07  7.8202E+08
  3.7422E+01  6.3157E-03  5.1843E-08  7.6025E+07  7.9285E+08
  3.7741E+01  6.2344E-03  5.2445E-08  7.6493E+07  8.0383E+08
  3.8063E+01  6.1542E-03  5.3052E-08  7.6962E+07  8.1495E+08
  3.8387E+01  6.0750E-03  5.3666E-08  7.7433E+07  8.2621E+08
  3.8713E+01  5.9968E-03  5.4287E-08  7.7905E+07  8.3762E+08
  3.9042E+01  5.9197E-03  5.4915E-08  7.8378E+07  8.4918E+08
  3.9373E+01  5.8436E-03  5.5549E-08  7.8852E+07  8.6089E+08
  3.9707E+01  5.7685E-03  5.6190E-08  7.9328E+07  8.7275E+08
  4.0043E+01  5.6943E-03  5.6838E-08  7.9805E+07  8.8476E+08
  4.0381E+01  5.6212E-03  5.7493E-08  8.0284E+07  8.9693E+08
  4.0722E+01  5.5490E-03  5.8155E-08  8.0764E+07  9.0925E+08
  4.1065E+01  5.4777E-03  5.8824E-08  8.1245E+07  9.2174E+08
  4.1411E+01  5.4074E-03  5.9500E-08  8.1728E+07  9.3438E+08
  4.1759E+01  5.3380E-03  6.0183E-08  8.2212E+07  9.4719E+08
  4.2109E+01  5.2695E-03  6.0873E-08  8.2697E+07  9.6017E+08
  4.2463E+01  5.2019E-03  6.1571E-08  8.3184E+07  9.7331E+08
  4.2818E+01  5.1352E-03  6.2276E-08  8.3672E+07  9.8661E+08
  4.3177E+01  5.0693E-03  6.2989E-08  8.4162E+07  1.0001E+09
  4.3538E+01  5.0043E-03  6.3709E-08  8.4653E+07  1.0137E+09
  4.3901E+01  4.9401E-03  6.4436E-08  8.5146E+07  1.0276E+09
  4.4267E+01  4.8768E-03  6.5171E-08  8.5640E+07  1.0416E+09
  4.4636E+01  4.8143E-03  6.5914E-08  8.6136E+07  1.0558E+09
  4.5007E+01  4.7526E-03  6.6665E-08  8.6633E+07  1.0701E+09
  4.5381E+01  4.6917E-03  6.7424E-08  8.7132E+07  1.0847E+09
  4.5758E+01  4.6316E-03  6.8190E-08  8.7632E+07  1.0994E+09
  4.6137E+01  4.5723E-03  6.8964E-08  8.8134E+07  1.1143E+09
  4.6520E+01  4.5137E-03  6.9747E-08  8.8637E+07  1.1294E+09
  4.6905E+01  4.4559E-03  7.0537E-08  8.9142E+07  1.1447E+09
  4.7292E+01  4.3988E-03  7.1336E-08  8.9649E+07  1.1602E+09
  4.7683E+01  4.3424E-03  7.2143E-08  9.0157E+07  1.1759E+09
  4.8076E+01  4.2868E-03  7.2958E-08  9.0667E+07  1.1918E+09
  4.8472E+01  4.2319E-03  7.3782E-08  9.1178E+07  1.2079E+09
  4.8871E+01  4.1777E-03  7.4614E-08  9.1691E+07  1.2242E+09
  4.9273E+01  4.1242E-03  7.5454E-08  9.2206E+07  1.2407E+09
  4.9678E+01  4.0714E-03  7.6303E-08  9.2722E+07  1.2574E+09
  5.0086E+01  4.0193E-03  7.7161E-08  9.3241E+07  1.2743E+09
  5.0496E+01  3.9678E-03  7.8027E-08  9.3760E+07  1.2915E+09
  5.0910E+01  3.9170E-03  7.8903E-08  9.4282E+07  1.3088E+09
  5.1326E+01  3.8668E-03  7.9787E-08  9.4805E+07  1.3264E+09
  5.1746E+01  3.8173E-03  8.0680E-08  9.5330E+07  1.3442E+09
  5.2168E+01  3.7684E-03  8.1582E-08  9.5857E+07  1.3622E+09
  5.2594E+01  3.7202E-03  8.2493E-08  9.6386E+07  1.3804E+09
  5.3023E+01  3.6725E-03  8.3413E-08  9.6916E+07  1.3989E+09
  5.3454E+01  3.6255E-03  8.4343E-08  9.7448E+07  1.4176E+09
  5.3889E+01  3.5791E-03  8.5281E-08  9.7982E+07  1.4365E+09
  5.4327E+01  3.5332E-03  8.6229E-08  9.8518E+07  1.4557E+09
  5.4769E+01  3.4879E-03  8.7187E-08  9.9056E+07  1.4751E+09
  5.5213E+01  3.4433E-03  8.8154E-08  9.9595E+07  1.4947E+09
  5.5660E+01  3.3991E-03  8.9130E-08  1.0014E+08  1.5146E+09
  5.6111E+01  3.3556E-03  9.0117E-08  1.0068E+08  1.5347E+09
  5.6565E+01  3.3126E-03  9.1112E-08  1.0123E+08  1.5551E+09
  5.7022E+01  3.2701E-03  9.2118E-08  1.0177E+08  1.5757E+09
  5.7483E+01  3.2282E-03  9.3133E-08  1.0232E+08  1.5966E+09
  5.7947E+01  3.1868E-03  9.4159E-08  1.0287E+08  1.6177E+09
  5.8414E+01  3.1459E-03  9.5194E-08  1.0343E+08  1.6391E+09
  5.8885E+01  3.1056E-03  9.6240E-08  1.0398E+08  1.6608E+09
  5.9359E+01  3.0657E-03  9.7295E-08  1.0454E+08  1.6827E+09
  5.9836E+01  3.0264E-03  9.8361E-08  1.0510E+08  1.7049E+09
  6.0317E+01  2.9876E-03  9.9437E-08  1.0566E+08  1.7274E+09
  6.0801E+01  2.9492E-03  1.0052E-07  1.0623E+08  1.7502E+09
  6.1289E+01  2.9114E-03  1.0162E-07  1.0679E+08  1.7732E+09
  6.1780E+01  2.8740E-03  1.0273E-07  1.0736E+08  1.7965E+09
  6.2275E+01  2.8371E-03  1.0385E-07  1.0793E+08  1.8201E+09
  6.2773E+01  2.8006E-03  1.0497E-07  1.0850E+08  1.8439E+09
  6.3275E+01  2.7646E-03  1.0611E-07  1.0908E+08  1.8681E+09
  6.3781E+01  2.7291E-03  1.0726E-07  1.0965E+08  1.8926E+09
  6.4290E+01  2.6940E-03  1.0842E-07  1.1023E+08  1.9173E+09
  6.4803E+01  2.6594E-03  1.0960E-07  1.1081E+08  1.9424E+09
  6.5320E+01  2.6252E-03  1.1078E-07  1.1140E+08  1.9677E+09
  6.5840E+01  2.5914E-03  1.1197E-07  1.1198E+08  1.9934E+09
  6.6364E+01  2.5581E-03  1.1318E-07  1.1257E+08  2.0194E+09
  6.6892E+01  2.5251E-03  1.1439E-07  1.1316E+08  2.0456E+09
  6.7423E+01  2.4926E-03  1.1562E-07  1.1375E+08  2.0722E+09
  6.7959E+01  2.4605E-03  1.1686E-07  1.1435E+08  2.0991E+09
  6.8498E+01  2.4288E-03  1.1811E-07  1.1495E+08  2.1264E+09
  6.9041E+01  2.3975E-03  1.1937E-07  1.1555E+08  2.1539E+09
  6.9588E+01  2.3666E-03  1.2064E-07  1.1615E+08  2.1818E+09
  7.0139E+01  2.3360E-03  1.2193E-07  1.1676E+08  2.2101E+09
  7.0694E+01  2.3059E-03  1.2323E-07  1.1736E+08  2.2386E+09
  7.1253E+01  2.2761E-03  1.2453E-07  1.1797E+08  2.2675E+09
  7.1816E+01  2.2467E-03  1.2585E-07  1.1859E+08  2.2968E+09
  7.2384E+01  2.2177E-03  1.2719E-07  1.1920E+08  2.3264E+09
  7.2955E+01  2.1891E-03  1.2853E-07  1.1982E+08  2.3563E+09
  7.3530E+01  2.1608E-03  1.2989E-07  1.2044E+08  2.3866E+09
  7.4109E+01  2.1328E-03  1.3125E-07  1.2106E+08  2.4172E+09
  7.4693E+01  2.1052E-03  1.3263E-07  1.2169E+08  2.4483E+09
  7.5281E+01  2.0780E-03  1.3403E-07  1.2232E+08  2.4796E+09
  7.5873E+01  2.0510E-03  1.3543E-07  1.2295E+08  2.5114E+09
  7.6469E+01  2.0245E-03  1.3685E-07  1.2358E+08  2.5435E+09
  7.7070E+01  1.9982E-03  1.3828E-07  1.2422E+08  2.5760E+09
  7.7675E+01  1.9723E-03  1.3972E-07  1.2486E+08  2.6088E+09
  7.8284E+01  1.9467E-03  1.4118E-07  1.2550E+08  2.6421E+09
  7.8897E+01  1.9214E-03  1.4264E-07  1.2615E+08  2.6757E+09
  7.9516E+01  1.8965E-03  1.4412E-07  1.2680E+08  2.7098E+09
  8.0138E+01  1.8718E-03  1.4562E-07  1.2745E+08  2.7442E+09
  8.0765E+01  1.8475E-03  1.4712E-07  1.2810E+08  2.7790E+09
  8.1397E+01  1.8235E-03  1.4864E-07  1.2876E+08  2.8143E+09
  8.2033E+01  1.7997E-03  1.5017E-07  1.2942E+08  2.8499E+09
  8.2673E+01  1.7763E-03  1.5172E-07  1.3008E+08  2.8860E+09
  8.3318E+01  1.7531E-03  1.5328E-07  1.3075E+08  2.9225E+09
  8.3968E+01  1.7303E-03  1.5485E-07  1.3142E+08  2.9593E+09
  8.4623E+01  1.7077E-03  1.5643E-07  1.3209E+08  2.9967E+09
  8.5282E+01  1.6854E-03  1.5803E-07  1.3276E+08  3.0344E+09
  8.5946E+01  1.6634E-03  1.5964E-07  1.3344E+08  3.0726E+09
  8.6615E+01  1.6417E-03  1.6126E-07  1.3412E+08  3.1112E+09
  8.7289E+01  1.6202E-03  1.6290E-07  1.3481E+08  3.1502E+09
  8.7967E+01  1.5990E-03  1.6455E-07  1.3550E+08  3.1897E+09
  8.8651E+01  1.5780E-03  1.6622E-07  1.3619E+08  3.2297E+09
  8.9339E+01  1.5574E-03  1.6790E-07  1.3688E+08  3.2701E+09
  9.0032E+01  1.5369E-03  1.6959E-07  1.3758E+08  3.3110E+09
  9.0730E+01  1.5168E-03  1.7130E-07  1.3828E+08  3.3523E+09
  9.1434E+01  1.4968E-03  1.7302E-07  1.3899E+08  3.3941E+09
  9.2142E+01  1.4772E-03  1.7475E-07  1.3969E+08  3.4364E+09
  9.2855E+01  1.4577E-03  1.7650E-07  1.4041E+08  3.4791E+09
  9.3574E+01  1.4385E-03  1.7826E-07  1.4112E+08  3.5224E+09
  9.4298E+01  1.4196E-03  1.8004E-07  1.4184E+08  3.5661E+09
  9.5027E+01  1.4009E-03  1.8183E-07  1.4256E+08  3.6103E+09
  9.5761E+01  1.3824E-03  1.8364E-07  1.4329E+08  3.6550E+09
  9.6500E+01  1.3641E-03  1.8546E-07  1.4402E+08  3.7003E+09
  9.7245E+01  1.3461E-03  1.8729E-07  1.4475E+08  3.7460E+09
  9.7995E+01  1.3283E-03  1.8914E-07  1.4548E+08  3.7922E+09
  9.8751E+01  1.3107E-03  1.9100E-07  1.4622E+08  3.8390E+09
  9.9512E+01  1.2933E-03  1.9288E-07  1.4697E+08  3.8863E+09
  1.0028E+02  1.2762E-03  1.9478E-07  1.4771E+08  3.9341E+09
  1.0105E+02  1.2593E-03  1.9668E-07  1.4847E+08  3.9825E+09
  1.0183E+02  1.2425E-03  1.9861E-07  1.4922E+08  4.0314E+09
  1.0261E+02  1.2260E-03  2.0054E-07  1.4998E+08  4.0808E+09
  1.0340E+02  1.2097E-03  2.0250E-07  1.5074E+08  4.1308E+09
  1.0419E+02  1.1936E-03  2.0446E-07  1.5151E+08  4.1814E+09
  1.0499E+02  1.1776E-03  2.0645E-07  1.5228E+08  4.2325E+09
  1.0580E+02  1.1619E-03  2.0845E-07  1.5305E+08  4.2842E+09
  1.0661E+02  1.1464E-03  2.1046E-07  1.5383E+08  4.3364E+09
  1.0743E+02  1.1311E-03  2.1249E-07  1.5462E+08  4.3893E+09
  1.0825E+02  1.1159E-03  2.1453E-07  1.5540E+08  4.4427E+09
  1.0908E+02  1.1010E-03  2.1659E-07  1.5619E+08  4.4967E+09
  1.0992E+02  1.0862E-03  2.1867E-07  1.5699E+08  4.5514E+09
  1.1076E+02  1.0716E-03  2.2076E-07  1.5779E+08  4.6066E+09
  1.1161E+02  1.0572E-03  2.2287E-07  1.5859E+08  4.6624E+09
  1.1246E+02  1.0430E-03  2.2499E-07  1.5940E+08  4.7189E+09
  1.1332E+02  1.0289E-03  2.2713E-07  1.6021E+08  4.7760E+09
  1.1419E+02  1.0150E-03  2.2928E-07  1.6103E+08  4.8337E+09
  1.1506E+02  1.0013E-03  2.3146E-07  1.6185E+08  4.8921E+09
  1.1594E+02  9.8777E-04  2.3364E-07  1.6267E+08  4.9511E+09
  1.1682E+02  9.7440E-04  2.3585E-07  1.6350E+08  5.0107E+09
  1.1771E+02  9.6119E-04  2.3807E-07  1.6433E+08  5.0711E+09
  1.1861E+02  9.4814E-04  2.4030E-07  1.6517E+08  5.1320E+09
  1.1951E+02  9.3526E-04  2.4256E-07  1.6602E+08  5.1937E+09
  1.2042E+02  9.2254E-04  2.4483E-07  1.6686E+08  5.2560E+09
  1.2134E+02  9.0997E-04  2.4711E-07  1.6772E+08  5.3191E+09
  1.2227E+02  8.9756E-04  2.4942E-07  1.6857E+08  5.3828E+09
  1.2320E+02  8.8530E-04  2.5174E-07  1.6943E+08  5.4473E+09
  1.2413E+02  8.7319E-04  2.5408E-07  1.7030E+08  5.5124E+09
  1.2508E+02  8.6123E-04  2.5643E-07  1.7117E+08  5.5783E+09
  1.2603E+02  8.4942E-04  2.5880E-07  1.7205E+08  5.6449E+09
  1.2698E+02  8.3776E-04  2.6119E-07  1.7293E+08  5.7122E+09
  1.2795E+02  8.2624E-04  2.6360E-07  1.7382E+08  5.7803E+09
  1.2892E+02  8.1487E-04  2.6602E-07  1.7471E+08  5.8492E+09
  1.2990E+02  8.0363E-04  2.6847E-07  1.7560E+08  5.9188E+09
  1.3088E+02  7.9253E-04  2.7093E-07  1.7650E+08  5.9892E+09
  1.3188E+02  7.8158E-04  2.7340E-07  1.7741E+08  6.0603E+09
  1.3288E+02  7.7075E-04  2.7590E-07  1.7832E+08  6.1323E+09
  1.3388E+02  7.6007E-04  2.7841E-07  1.7924E+08  6.2050E+09
  1.3490E+02  7.4951E-04  2.8095E-07  1.8016E+08  6.2786E+09
  1.3592E+02  7.3908E-04  2.8350E-07  1.8108E+08  6.3530E+09
  1.3695E+02  7.2879E-04  2.8607E-07  1.8202E+08  6.4282E+09
  1.3798E+02  7.1862E-04  2.8866E-07  1.8295E+08  6.5042E+09
  1.3903E+02  7.0858E-04  2.9126E-07  1.8390E+08  6.5811E+09
  1.4008E+02  6.9867E-04  2.9389E-07  1.8485E+08  6.6589E+09
  1.4113E+02  6.8887E-04  2.9653E-07  1.8580E+08  6.7375E+09
  1.4220E+02  6.7920E-04  2.9920E-07  1.8676E+08  6.8170E+09
  1.4327E+02  6.6965E-04  3.0188E-07  1.8772E+08  6.8974E+09
  1.4436E+02  6.6022E-04  3.0458E-07  1.8869E+08  6.9786E+09
  1.4545E+02  6.5091E-04  3.0731E-07  1.8967E+08  7.0608E+09
  1.4654E+02  6.4171E-04  3.1005E-07  1.9065E+08  7.1440E+09
  1.4765E+02  6.3263E-04  3.1281E-07  1.9164E+08  7.2280E+09
  1.4876E+02  6.2366E-04  3.1560E-07  1.9263E+08  7.3130E+09
  1.4988E+02  6.1480E-04  3.1840E-07  1.9363E+08  7.3990E+09
  1.5101E+02  6.0605E-04  3.2122E-07  1.9464E+08  7.4859E+09
  1.5215E+02  5.9742E-04  3.2407E-07  1.9565E+08  7.5738E+09
  1.5329E+02  5.8889E-04  3.2693E-07  1.9667E+08  7.6627E+09
  1.5445E+02  5.8047E-04  3.2982E-07  1.9769E+08  7.7527E+09
  1.5561E+02  5.7215E-04  3.3272E-07  1.9872E+08  7.8436E+09
  1.5678E+02  5.6394E-04  3.3565E-07  1.9976E+08  7.9356E+09
  1.5796E+02  5.5583E-04  3.3860E-07  2.0080E+08  8.0286E+09
  1.5915E+02  5.4783E-04  3.4157E-07  2.0185E+08  8.1226E+09
  1.6034E+02  5.3992E-04  3.4456E-07  2.0290E+08  8.2178E+09
  1.6155E+02  5.3212E-04  3.4758E-07  2.0397E+08  8.3140E+09
  1.6276E+02  5.2441E-04  3.5062E-07  2.0503E+08  8.4114E+09
  1.6398E+02  5.1680E-04  3.5368E-07  2.0611E+08  8.5098E+09
  1.6521E+02  5.0929E-04  3.5676E-07  2.0719E+08  8.6094E+09
  1.6645E+02  5.0188E-04  3.5987E-07  2.0828E+08  8.7102E+09
  1.6770E+02  4.9455E-04  3.6299E-07  2.0937E+08  8.8120E+09
  1.6896E+02  4.8732E-04  3.6615E-07  2.1047E+08  8.9151E+09
  1.7022E+02  4.8018E-04  3.6932E-07  2.1158E+08  9.0194E+09
  1.7150E+02  4.7314E-04  3.7252E-07  2.1269E+08  9.1248E+09
  1.7278E+02  4.6618E-04  3.7574E-07  2.1382E+08  9.2315E+09
  1.7408E+02  4.5931E-04  3.7899E-07  2.1494E+08  9.3395E+09
  1.7538E+02  4.5253E-04  3.8226E-07  2.1608E+08  9.4487E+09
  1.7669E+02  4.4584E-04  3.8556E-07  2.1722E+08  9.5591E+09
  1.7802E+02  4.3923E-04  3.8888E-07  2.1837E+08  9.6709E+09
  1.7935E+02  4.3271E-04  3.9222E-07  2.1953E+08  9.7839E+09
  1.8069E+02  4.2627E-04  3.9559E-07  2.2069E+08  9.8983E+09
  1.8204E+02  4.1991E-04  3.9899E-07  2.2187E+08  1.0014E+10
  1.8340E+02  4.1364E-04  4.0241E-07  2.2304E+08  1.0131E+10
  1.8477E+02  4.0745E-04  4.0586E-07  2.2423E+08  1.0250E+10
  1.8615E+02  4.0134E-04  4.0934E-07  2.2543E+08  1.0370E+10
  1.8754E+02  3.9530E-04  4.1284E-07  2.2663E+08  1.0491E+10
  1.8894E+02  3.8935E-04  4.1637E-07  2.2784E+08  1.0614E+10
  1.9035E+02  3.8347E-04  4.1992E-07  2.2905E+08  1.0738E+10
  1.9177E+02  3.7767E-04  4.2351E-07  2.3028E+08  1.0864E+10
  1.9320E+02  3.7195E-04  4.2712E-07  2.3151E+08  1.0991E+10
  1.9465E+02  3.6630E-04  4.3076E-07  2.3275E+08  1.1120E+10
  1.9610E+02  3.6072E-04  4.3442E-07  2.3400E+08  1.1250E+10
  1.9756E+02  3.5522E-04  4.3812E-07  2.3526E+08  1.1382E+10
  1.9903E+02  3.4979E-04  4.4185E-07  2.3652E+08  1.1515E+10
  2.0051E+02  3.4443E-04  4.4560E-07  2.3780E+08  1.1650E+10
  2.0201E+02  3.3914E-04  4.4938E-07  2.3908E+08  1.1787E+10
  2.0351E+02  3.3392E-04  4.5320E-07  2.4037E+08  1.1925E+10
  2.0503E+02  3.2878E-04  4.5704E-07  2.4166E+08  1.2065E+10
  2.0655E+02  3.2369E-04  4.6091E-07  2.4297E+08  1.2207E+10
  2.0809E+02  3.1868E-04  4.6482E-07  2.4429E+08  1.2350E+10
  2.0964E+02  3.1374E-04  4.6876E-07  2.4561E+08  1.2496E+10
  2.1120E+02  3.0886E-04  4.7272E-07  2.4694E+08  1.2643E+10
  2.1277E+02  3.0404E-04  4.7672E-07  2.4828E+08  1.2791E+10
  2.1435E+02  2.9929E-04  4.8075E-07  2.4963E+08  1.2942E+10
  2.1595E+02  2.9461E-04  4.8482E-07  2.5099E+08  1.3094E+10
  2.1755E+02  2.8999E-04  4.8892E-07  2.5236E+08  1.3249E+10
  2.1917E+02  2.8543E-04  4.9305E-07  2.5374E+08  1.3405E+10
  2.2079E+02  2.8093E-04  4.9721E-07  2.5513E+08  1.3563E+10
  2.2243E+02  2.7649E-04  5.0141E-07  2.5652E+08  1.3724E+10
  2.2409E+02  2.7212E-04  5.0564E-07  2.5793E+08  1.3886E+10
  2.2575E+02  2.6780E-04  5.0991E-07  2.5934E+08  1.4050E+10
  2.2742E+02  2.6354E-04  5.1421E-07  2.6076E+08  1.4216E+10
  2.2911E+02  2.5934E-04  5.1855E-07  2.6220E+08  1.4385E+10
  2.3081E+02  2.5520E-04  5.2292E-07  2.6364E+08  1.4555E+10
  2.3252E+02  2.5112E-04  5.2733E-07  2.6509E+08  1.4728E+10
  2.3425E+02  2.4709E-04  5.3178E-07  2.6656E+08  1.4903E+10
  2.3598E+02  2.4312E-04  5.3626E-07  2.6803E+08  1.5080E+10
  2.3773E+02  2.3920E-04  5.4078E-07  2.6951E+08  1.5259E+10
  2.3949E+02  2.3534E-04  5.4534E-07  2.7101E+08  1.5441E+10
  2.4127E+02  2.3153E-04  5.4994E-07  2.7251E+08  1.5625E+10
  2.4306E+02  2.2778E-04  5.5457E-07  2.7402E+08  1.5811E+10
  2.4486E+02  2.2407E-04  5.5925E-07  2.7554E+08  1.5999E+10
  2.4667E+02  2.2042E-04  5.6397E-07  2.7708E+08  1.6190E+10
  2.4850E+02  2.1682E-04  5.6872E-07  2.7862E+08  1.6384E+10
  2.5033E+02  2.1327E-04  5.7352E-07  2.8018E+08  1.6580E+10
  2.5219E+02  2.0978E-04  5.7835E-07  2.8174E+08  1.6778E+10
  2.5405E+02  2.0633E-04  5.8323E-07  2.8332E+08  1.6980E+10
  2.5593E+02  2.0293E-04  5.8815E-07  2.8491E+08  1.7183E+10
  2.5782E+02  1.9958E-04  5.9311E-07  2.8651E+08  1.7390E+10
  2.5973E+02  1.9628E-04  5.9812E-07  2.8812E+08  1.7599E+10
  2.6165E+02  1.9302E-04  6.0317E-07  2.8974E+08  1.7810E+10
  2.6358E+02  1.8981E-04  6.0826E-07  2.9137E+08  1.8025E+10
  2.6553E+02  1.8665E-04  6.1340E-07  2.9301E+08  1.8242E+10
  2.6749E+02  1.8354E-04  6.1858E-07  2.9467E+08  1.8462E+10
  2.6947E+02  1.8047E-04  6.2381E-07  2.9633E+08  1.8685E+10
  2.7146E+02  1.7744E-04  6.2908E-07  2.9801E+08  1.8911E+10
  2.7347E+02  1.7446E-04  6.3440E-07  2.9970E+08  1.9140E+10
  2.7548E+02  1.7152E-04  6.3977E-07  3.0140E+08  1.9372E+10
  2.7752E+02  1.6862E-04  6.4518E-07  3.0312E+08  1.9607E+10
  2.7957E+02  1.6577E-04  6.5064E-07  3.0484E+08  1.9845E+10
  2.8163E+02  1.6296E-04  6.5615E-07  3.0658E+08  2.0087E+10
  2.8371E+02  1.6019E-04  6.6171E-07  3.0833E+08  2.0331E+10
  2.8580E+02  1.5747E-04  6.6732E-07  3.1009E+08  2.0579E+10
  2.8791E+02  1.5478E-04  6.7298E-07  3.1187E+08  2.0830E+10
  2.9003E+02  1.5213E-04  6.7869E-07  3.1366E+08  2.1084E+10
  2.9217E+02  1.4952E-04  6.8445E-07  3.1546E+08  2.1342E+10
  2.9432E+02  1.4696E-04  6.9027E-07  3.1727E+08  2.1604E+10
  2.9649E+02  1.4443E-04  6.9613E-07  3.1910E+08  2.1868E+10
  2.9868E+02  1.4194E-04  7.0205E-07  3.2094E+08  2.2137E+10
  3.0088E+02  1.3948E-04  7.0802E-07  3.2279E+08  2.2409E+10
  3.0309E+02  1.3707E-04  7.1405E-07  3.2465E+08  2.2684E+10
  3.0532E+02  1.3469E-04  7.2013E-07  3.2653E+08  2.2964E+10
  3.0757E+02  1.3234E-04  7.2627E-07  3.2843E+08  2.3247E+10
  3.0984E+02  1.3004E-04  7.3246E-07  3.3033E+08  2.3534E+10
  3.1212E+02  1.2777E-04  7.3871E-07  3.3225E+08  2.3825E+10
  3.1442E+02  1.2553E-04  7.4502E-07  3.3419E+08  2.4120E+10
  3.1673E+02  1.2333E-04  7.5139E-07  3.3613E+08  2.4419E+10
  3.1906E+02  1.2116E-04  7.5781E-07  3.3810E+08  2.4722E+10
  3.2141E+02  1.1903E-04  7.6429E-07  3.4007E+08  2.5029E+10
  3.2377E+02  1.1692E-04  7.7084E-07  3.4206E+08  2.5340E+10
  3.2615E+02  1.1486E-04  7.7744E-07  3.4407E+08  2.5656E+10
  3.2855E+02  1.1282E-04  7.8410E-07  3.4609E+08  2.5976E+10
  3.3097E+02  1.1082E-04  7.9083E-07  3.4812E+08  2.6300E+10
  3.3340E+02  1.0885E-04  7.9762E-07  3.5017E+08  2.6629E+10
  3.3585E+02  1.0691E-04  8.0447E-07  3.5224E+08  2.6962E+10
  3.3832E+02  1.0500E-04  8.1139E-07  3.5432E+08  2.7300E+10
  3.4080E+02  1.0312E-04  8.1837E-07  3.5641E+08  2.7643E+10
  3.4331E+02  1.0127E-04  8.2542E-07  3.5852E+08  2.7990E+10
  3.4583E+02  9.9446E-05  8.3253E-07  3.6065E+08  2.8342E+10
  3.4837E+02  9.7655E-05  8.3971E-07  3.6279E+08  2.8699E+10
  3.5093E+02  9.5893E-05  8.4696E-07  3.6495E+08  2.9061E+10
  3.5350E+02  9.4160E-05  8.5428E-07  3.6712E+08  2.9428E+10
  3.5610E+02  9.2455E-05  8.6166E-07  3.6931E+08  2.9800E+10
  3.5871E+02  9.0777E-05  8.6912E-07  3.7152E+08  3.0178E+10
  3.6135E+02  8.9126E-05  8.7665E-07  3.7374E+08  3.0560E+10
  3.6400E+02  8.7503E-05  8.8424E-07  3.7598E+08  3.0949E+10
  3.6667E+02  8.5906E-05  8.9191E-07  3.7823E+08  3.1342E+10
  3.6936E+02  8.4335E-05  8.9966E-07  3.8051E+08  3.1741E+10
  3.7207E+02  8.2790E-05  9.0747E-07  3.8280E+08  3.2145E+10
  3.7480E+02  8.1271E-05  9.1536E-07  3.8510E+08  3.2556E+10
  3.7755E+02  7.9777E-05  9.2333E-07  3.8743E+08  3.2972E+10
  3.8031E+02  7.8307E-05  9.3137E-07  3.8977E+08  3.3394E+10
  3.8310E+02  7.6863E-05  9.3949E-07  3.9213E+08  3.3822E+10
  3.8591E+02  7.5442E-05  9.4769E-07  3.9450E+08  3.4255E+10
  3.8874E+02  7.4045E-05  9.5597E-07  3.9690E+08  3.4695E+10
  3.9159E+02  7.2671E-05  9.6433E-07  3.9931E+08  3.5142E+10
  3.9446E+02  7.1321E-05  9.7276E-07  4.0174E+08  3.5594E+10
  3.9735E+02  6.9993E-05  9.8128E-07  4.0419E+08  3.6053E+10
  4.0026E+02  6.8688E-05  9.8988E-07  4.0666E+08  3.6519E+10
  4.0319E+02  6.7405E-05  9.9857E-07  4.0914E+08  3.6991E+10
  4.0614E+02  6.6144E-05  1.0073E-06  4.1165E+08  3.7470E+10
  4.0912E+02  6.4904E-05  1.0162E-06  4.1417E+08  3.7955E+10
  4.1211E+02  6.3686E-05  1.0251E-06  4.1672E+08  3.8448E+10
  4.1513E+02  6.2488E-05  1.0341E-06  4.1928E+08  3.8947E+10
  4.1817E+02  6.1311E-05  1.0433E-06  4.2186E+08  3.9454E+10
  4.2123E+02  6.0154E-05  1.0525E-06  4.2447E+08  3.9968E+10
  4.2431E+02  5.9018E-05  1.0618E-06  4.2709E+08  4.0489E+10
  4.2742E+02  5.7901E-05  1.0711E-06  4.2973E+08  4.1018E+10
  4.3054E+02  5.6803E-05  1.0806E-06  4.3239E+08  4.1554E+10
  4.3369E+02  5.5725E-05  1.0902E-06  4.3508E+08  4.2098E+10
  4.3687E+02  5.4665E-05  1.0998E-06  4.3778E+08  4.2650E+10
  4.4006E+02  5.3624E-05  1.1096E-06  4.4050E+08  4.3210E+10
  4.4328E+02  5.2601E-05  1.1194E-06  4.4325E+08  4.3778E+10
  4.4652E+02  5.1597E-05  1.1294E-06  4.4602E+08  4.4354E+10
  4.4979E+02  5.0610E-05  1.1394E-06  4.4880E+08  4.4938E+10
  4.5308E+02  4.9640E-05  1.1496E-06  4.5161E+08  4.5531E+10
  4.5639E+02  4.8688E-05  1.1598E-06  4.5444E+08  4.6132E+10
  4.5972E+02  4.7752E-05  1.1701E-06  4.5730E+08  4.6742E+10
  4.6308E+02  4.6834E-05  1.1806E-06  4.6017E+08  4.7360E+10
  4.6647E+02  4.5931E-05  1.1911E-06  4.6307E+08  4.7988E+10
  4.6988E+02  4.5045E-05  1.2018E-06  4.6599E+08  4.8625E+10
  4.7331E+02  4.4175E-05  1.2125E-06  4.6893E+08  4.9270E+10
  4.7677E+02  4.3320E-05  1.2234E-06  4.7190E+08  4.9926E+10
  4.8025E+02  4.2481E-05  1.2343E-06  4.7489E+08  5.0590E+10
  4.8376E+02  4.1657E-05  1.2454E-06  4.7790E+08  5.1265E+10
  4.8729E+02  4.0848E-05  1.2566E-06  4.8094E+08  5.1948E+10
  4.9085E+02  4.0054E-05  1.2679E-06  4.8400E+08  5.2642E+10
  4.9443E+02  3.9274E-05  1.2793E-06  4.8708E+08  5.3346E+10
  4.9804E+02  3.8508E-05  1.2908E-06  4.9019E+08  5.4061E+10
  5.0168E+02  3.7757E-05  1.3024E-06  4.9332E+08  5.4785E+10
  5.0534E+02  3.7019E-05  1.3142E-06  4.9648E+08  5.5521E+10
  5.0903E+02  3.6294E-05  1.3261E-06  4.9966E+08  5.6266E+10
  5.1275E+02  3.5583E-05  1.3380E-06  5.0287E+08  5.7023E+10
  5.1649E+02  3.4886E-05  1.3501E-06  5.0610E+08  5.7791E+10
  5.2026E+02  3.4201E-05  1.3623E-06  5.0936E+08  5.8569E+10
  5.2405E+02  3.3529E-05  1.3747E-06  5.1264E+08  5.9359E+10
  5.2788E+02  3.2869E-05  1.3871E-06  5.1595E+08  6.0161E+10
  5.3173E+02  3.2221E-05  1.3997E-06  5.1929E+08  6.0974E+10
  5.3560E+02  3.1586E-05  1.4124E-06  5.2265E+08  6.1800E+10
  5.3951E+02  3.0963E-05  1.4252E-06  5.2604E+08  6.2637E+10
  5.4345E+02  3.0351E-05  1.4382E-06  5.2946E+08  6.3486E+10
  5.4741E+02  2.9751E-05  1.4513E-06  5.3290E+08  6.4348E+10
  5.5140E+02  2.9162E-05  1.4645E-06  5.3637E+08  6.5222E+10
  5.5542E+02  2.8584E-05  1.4779E-06  5.3987E+08  6.6109E+10
  5.5947E+02  2.8017E-05  1.4913E-06  5.4339E+08  6.7009E+10
  5.6355E+02  2.7460E-05  1.5049E-06  5.4695E+08  6.7922E+10
  5.6765E+02  2.6915E-05  1.5187E-06  5.5053E+08  6.8849E+10
  5.7179E+02  2.6379E-05  1.5326E-06  5.5414E+08  6.9788E+10
  5.7596E+02  2.5854E-05  1.5466E-06  5.5779E+08  7.0742E+10
  5.8016E+02  2.5339E-05  1.5607E-06  5.6145E+08  7.1709E+10
  5.8438E+02  2.4834E-05  1.5750E-06  5.6515E+08  7.2691E+10
  5.8864E+02  2.4339E-05  1.5895E-06  5.6888E+08  7.3687E+10
  5.9293E+02  2.3852E-05  1.6041E-06  5.7264E+08  7.4698E+10
  5.9725E+02  2.3376E-05  1.6188E-06  5.7643E+08  7.5723E+10
  6.0160E+02  2.2908E-05  1.6337E-06  5.8025E+08  7.6763E+10
  6.0598E+02  2.2450E-05  1.6487E-06  5.8410E+08  7.7818E+10
  6.1039E+02  2.2000E-05  1.6638E-06  5.8799E+08  7.8889E+10
  6.1484E+02  2.1559E-05  1.6791E-06  5.9190E+08  7.9975E+10
  6.1931E+02  2.1127E-05  1.6946E-06  5.9584E+08  8.1078E+10
  6.2382E+02  2.0703E-05  1.7102E-06  5.9982E+08  8.2196E+10
  6.2836E+02  2.0287E-05  1.7260E-06  6.0383E+08  8.3331E+10
  6.3294E+02  1.9879E-05  1.7419E-06  6.0787E+08  8.4482E+10
  6.3755E+02  1.9480E-05  1.7580E-06  6.1195E+08  8.5650E+10
  6.4219E+02  1.9088E-05  1.7743E-06  6.1606E+08  8.6835E+10
  6.4686E+02  1.8704E-05  1.7907E-06  6.2020E+08  8.8037E+10
  6.5157E+02  1.8327E-05  1.8072E-06  6.2437E+08  8.9257E+10
  6.5631E+02  1.7958E-05  1.8239E-06  6.2858E+08  9.0494E+10
  6.6108E+02  1.7596E-05  1.8408E-06  6.3283E+08  9.1750E+10
  6.6589E+02  1.7241E-05  1.8579E-06  6.3710E+08  9.3023E+10
  6.7074E+02  1.6893E-05  1.8751E-06  6.4142E+08  9.4316E+10
  6.7562E+02  1.6553E-05  1.8925E-06  6.4577E+08  9.5627E+10
  6.8053E+02  1.6218E-05  1.9101E-06  6.5015E+08  9.6957E+10
  6.8548E+02  1.5891E-05  1.9278E-06  6.5457E+08  9.8307E+10
  6.9047E+02  1.5570E-05  1.9457E-06  6.5903E+08  9.9676E+10
  6.9549E+02  1.5255E-05  1.9638E-06  6.6352E+08  1.0106E+11
  7.0055E+02  1.4947E-05  1.9820E-06  6.6805E+08  1.0247E+11
  7.0564E+02  1.4645E-05  2.0005E-06  6.7262E+08  1.0390E+11
  7.1077E+02  1.4348E-05  2.0191E-06  6.7722E+08  1.0536E+11
  7.1594E+02  1.4058E-05  2.0379E-06  6.8187E+08  1.0683E+11
  7.2114E+02  1.3774E-05  2.0569E-06  6.8655E+08  1.0832E+11
  7.2639E+02  1.3495E-05  2.0760E-06  6.9127E+08  1.0983E+11
  7.3167E+02  1.3222E-05  2.0954E-06  6.9603E+08  1.1137E+11
  7.3698E+02  1.2954E-05  2.1149E-06  7.0083E+08  1.1293E+11
  7.4234E+02  1.2692E-05  2.1346E-06  7.0566E+08  1.1451E+11
  7.4773E+02  1.2435E-05  2.1546E-06  7.1054E+08  1.1611E+11
  7.5317E+02  1.2183E-05  2.1747E-06  7.1546E+08  1.1774E+11
  7.5864E+02  1.1936E-05  2.1950E-06  7.2042E+08  1.1939E+11
  7.6415E+02  1.1695E-05  2.2155E-06  7.2542E+08  1.2107E+11
  7.6970E+02  1.1458E-05  2.2362E-06  7.3047E+08  1.2277E+11
  7.7530E+02  1.1226E-05  2.2571E-06  7.3555E+08  1.2449E+11
  7.8093E+02  1.0998E-05  2.2782E-06  7.4068E+08  1.2624E+11
  7.8660E+02  1.0776E-05  2.2995E-06  7.4585E+08  1.2801E+11
  7.9231E+02  1.0558E-05  2.3210E-06  7.5106E+08  1.2981E+11
  7.9807E+02  1.0344E-05  2.3427E-06  7.5632E+08  1.3163E+11
  8.0387E+02  1.0134E-05  2.3646E-06  7.6162E+08  1.3349E+11
  8.0970E+02  9.9293E-06  2.3868E-06  7.6696E+08  1.3536E+11
  8.1558E+02  9.7284E-06  2.4091E-06  7.7235E+08  1.3727E+11
  8.2151E+02  9.5315E-06  2.4317E-06  7.7779E+08  1.3920E+11
  8.2747E+02  9.3387E-06  2.4545E-06  7.8327E+08  1.4116E+11
  8.3348E+02  9.1499E-06  2.4774E-06  7.8879E+08  1.4315E+11
  8.3953E+02  8.9649E-06  2.5007E-06  7.9436E+08  1.4516E+11
  8.4562E+02  8.7837E-06  2.5241E-06  7.9998E+08  1.4721E+11
  8.5176E+02  8.6062E-06  2.5477E-06  8.0565E+08  1.4928E+11
  8.5795E+02  8.4324E-06  2.5716E-06  8.1136E+08  1.5138E+11
  8.6417E+02  8.2621E-06  2.5957E-06  8.1713E+08  1.5352E+11
  8.7044E+02  8.0953E-06  2.6201E-06  8.2294E+08  1.5568E+11
  8.7676E+02  7.9320E-06  2.6446E-06  8.2880E+08  1.5788E+11
  8.8312E+02  7.7720E-06  2.6694E-06  8.3471E+08  1.6010E+11
  8.8953E+02  7.6154E-06  2.6944E-06  8.4067E+08  1.6236E+11
  8.9599E+02  7.4619E-06  2.7197E-06  8.4668E+08  1.6465E+11
  9.0249E+02  7.3116E-06  2.7452E-06  8.5274E+08  1.6697E+11
  9.0904E+02  7.1645E-06  2.7709E-06  8.5885E+08  1.6932E+11
  9.1563E+02  7.0203E-06  2.7969E-06  8.6502E+08  1.7171E+11
  9.2227E+02  6.8792E-06  2.8231E-06  8.7123E+08  1.7413E+11
  9.2896E+02  6.7409E-06  2.8496E-06  8.7750E+08  1.7659E+11
  9.3570E+02  6.6055E-06  2.8763E-06  8.8382E+08  1.7908E+11
  9.4249E+02  6.4730E-06  2.9032E-06  8.9020E+08  1.8160E+11
  9.4933E+02  6.3431E-06  2.9304E-06  8.9663E+08  1.8416E+11
  9.5621E+02  6.2160E-06  2.9579E-06  9.0312E+08  1.8676E+11
  9.6315E+02  6.0915E-06  2.9856E-06  9.0966E+08  1.8939E+11
  9.7013E+02  5.9695E-06  3.0136E-06  9.1625E+08  1.9206E+11
  9.7717E+02  5.8501E-06  3.0418E-06  9.2291E+08  1.9477E+11
  9.8425E+02  5.7332E-06  3.0703E-06  9.2961E+08  1.9752E+11
  9.9139E+02  5.6187E-06  3.0990E-06  9.3638E+08  2.0030E+11
  9.9858E+02  5.5066E-06  3.1281E-06  9.4321E+08  2.0312E+11
  1.0058E+03  5.3968E-06  3.1573E-06  9.5009E+08  2.0598E+11
  1.0131E+03  5.2893E-06  3.1869E-06  9.5703E+08  2.0888E+11
  1.0205E+03  5.1840E-06  3.2167E-06  9.6403E+08  2.1182E+11
  1.0278E+03  5.0809E-06  3.2468E-06  9.7109E+08  2.1481E+11
  1.0353E+03  4.9800E-06  3.2771E-06  9.7821E+08  2.1783E+11
  1.0428E+03  4.8811E-06  3.3077E-06  9.8540E+08  2.2089E+11
  1.0504E+03  4.7843E-06  3.3386E-06  9.9264E+08  2.2400E+11
  1.0580E+03  4.6896E-06  3.3698E-06  9.9995E+08  2.2715E+11
  1.0656E+03  4.5967E-06  3.4013E-06  1.0073E+09  2.3034E+11
  1.0734E+03  4.5059E-06  3.4330E-06  1.0148E+09  2.3358E+11
  1.0811E+03  4.4169E-06  3.4651E-06  1.0223E+09  2.3686E+11
  1.0890E+03  4.3297E-06  3.4974E-06  1.0298E+09  2.4019E+11
  1.0969E+03  4.2444E-06  3.5300E-06  1.0374E+09  2.4356E+11
  1.1048E+03  4.1609E-06  3.5629E-06  1.0451E+09  2.4697E+11
  1.1128E+03  4.0790E-06  3.5961E-06  1.0529E+09  2.5044E+11
  1.1209E+03  3.9989E-06  3.6296E-06  1.0607E+09  2.5395E+11
  1.1290E+03  3.9205E-06  3.6633E-06  1.0686E+09  2.5751E+11
  1.1372E+03  3.8437E-06  3.6974E-06  1.0766E+09  2.6111E+11
  1.1454E+03  3.7684E-06  3.7318E-06  1.0846E+09  2.6477E+11
  1.1537E+03  3.6948E-06  3.7665E-06  1.0927E+09  2.6848E+11
  1.1621E+03  3.6227E-06  3.8014E-06  1.1009E+09  2.7223E+11
  1.1705E+03  3.5520E-06  3.8367E-06  1.1091E+09  2.7603E+11
  1.1790E+03  3.4829E-06  3.8723E-06  1.1174E+09  2.7989E+11
  1.1875E+03  3.4151E-06  3.9082E-06  1.1258E+09  2.8380E+11
  1.1961E+03  3.3488E-06  3.9444E-06  1.1343E+09  2.8776E+11
  1.2048E+03  3.2839E-06  3.9810E-06  1.1428E+09  2.9177E+11
  1.2135E+03  3.2203E-06  4.0178E-06  1.1514E+09  2.9584E+11
  1.2223E+03  3.1580E-06  4.0550E-06  1.1601E+09  2.9996E+11
  1.2311E+03  3.0970E-06  4.0924E-06  1.1689E+09  3.0414E+11
  1.2400E+03  3.0373E-06  4.1302E-06  1.1777E+09  3.0837E+11
  1.2490E+03  2.9788E-06  4.1684E-06  1.1866E+09  3.1265E+11
  1.2581E+03  2.9216E-06  4.2068E-06  1.1956E+09  3.1700E+11
  1.2672E+03  2.8655E-06  4.2456E-06  1.2047E+09  3.2140E+11
  1.2763E+03  2.8106E-06  4.2847E-06  1.2138E+09  3.2585E+11
  1.2856E+03  2.7568E-06  4.3241E-06  1.2230E+09  3.3037E+11
  1.2949E+03  2.7041E-06  4.3639E-06  1.2323E+09  3.3495E+11
  1.3043E+03  2.6525E-06  4.4040E-06  1.2417E+09  3.3958E+11
  1.3137E+03  2.6020E-06  4.4444E-06  1.2512E+09  3.4428E+11
  1.3232E+03  2.5525E-06  4.4852E-06  1.2608E+09  3.4904E+11
  1.3328E+03  2.5041E-06  4.5263E-06  1.2704E+09  3.5386E+11
  1.3424E+03  2.4566E-06  4.5677E-06  1.2801E+09  3.5874E+11
  1.3522E+03  2.4101E-06  4.6095E-06  1.2899E+09  3.6368E+11
  1.3619E+03  2.3646E-06  4.6517E-06  1.2998E+09  3.6869E+11
  1.3718E+03  2.3200E-06  4.6942E-06  1.3098E+09  3.7376E+11
  1.3817E+03  2.2764E-06  4.7370E-06  1.3199E+09  3.7890E+11
  1.3917E+03  2.2336E-06  4.7802E-06  1.3300E+09  3.8410E+11
  1.4018E+03  2.1917E-06  4.8237E-06  1.3403E+09  3.8937E+11
  1.4119E+03  2.1507E-06  4.8676E-06  1.3506E+09  3.9471E+11
  1.4222E+03  2.1105E-06  4.9119E-06  1.3610E+09  4.0011E+11
  1.4324E+03  2.0711E-06  4.9565E-06  1.3716E+09  4.0559E+11
  1.4428E+03  2.0325E-06  5.0014E-06  1.3822E+09  4.1113E+11
  1.4532E+03  1.9948E-06  5.0468E-06  1.3929E+09  4.1674E+11
  1.4638E+03  1.9578E-06  5.0925E-06  1.4037E+09  4.2243E+11
  1.4743E+03  1.9215E-06  5.1385E-06  1.4146E+09  4.2818E+11
  1.4850E+03  1.8860E-06  5.1849E-06  1.4256E+09  4.3401E+11
  1.4958E+03  1.8512E-06  5.2317E-06  1.4367E+09  4.3991E+11
  1.5066E+03  1.8171E-06  5.2789E-06  1.4479E+09  4.4588E+11
  1.5175E+03  1.7838E-06  5.3264E-06  1.4591E+09  4.5193E+11
  1.5284E+03  1.7511E-06  5.3743E-06  1.4705E+09  4.5805E+11
  1.5395E+03  1.7190E-06  5.4226E-06  1.4820E+09  4.6425E+11
  1.5506E+03  1.6876E-06  5.4713E-06  1.4936E+09  4.7053E+11
  1.5618E+03  1.6569E-06  5.5203E-06  1.5053E+09  4.7688E+11
  1.5731E+03  1.6267E-06  5.5697E-06  1.5171E+09  4.8331E+11
  1.5845E+03  1.5972E-06  5.6195E-06  1.5290E+09  4.8982E+11
  1.5960E+03  1.5683E-06  5.6697E-06  1.5410E+09  4.9640E+11
  1.6075E+03  1.5399E-06  5.7203E-06  1.5531E+09  5.0307E+11
  1.6191E+03  1.5122E-06  5.7712E-06  1.5654E+09  5.0983E+11
  1.6309E+03  1.4850E-06  5.8226E-06  1.5777E+09  5.1666E+11
  1.6426E+03  1.4583E-06  5.8743E-06  1.5901E+09  5.2357E+11
  1.6545E+03  1.4322E-06  5.9264E-06  1.6027E+09  5.3057E+11
  1.6665E+03  1.4065E-06  5.9790E-06  1.6154E+09  5.3765E+11
  1.6785E+03  1.3814E-06  6.0319E-06  1.6281E+09  5.4481E+11
  1.6907E+03  1.3569E-06  6.0852E-06  1.6410E+09  5.5207E+11
  1.7029E+03  1.3327E-06  6.1389E-06  1.6540E+09  5.5941E+11
  1.7152E+03  1.3091E-06  6.1930E-06  1.6672E+09  5.6683E+11
  1.7276E+03  1.2860E-06  6.2475E-06  1.6804E+09  5.7435E+11
  1.7401E+03  1.2633E-06  6.3024E-06  1.6938E+09  5.8195E+11
  1.7527E+03  1.2410E-06  6.3577E-06  1.7072E+09  5.8964E+11
  1.7653E+03  1.2192E-06  6.4134E-06  1.7208E+09  5.9743E+11
  1.7781E+03  1.1979E-06  6.4695E-06  1.7346E+09  6.0529E+11
  1.7909E+03  1.1769E-06  6.5260E-06  1.7484E+09  6.1326E+11
  1.8039E+03  1.1564E-06  6.5830E-06  1.7624E+09  6.2132E+11
  1.8169E+03  1.1363E-06  6.6403E-06  1.7765E+09  6.2947E+11
  1.8301E+03  1.1165E-06  6.6981E-06  1.7907E+09  6.3771E+11
  1.8433E+03  1.0972E-06  6.7562E-06  1.8050E+09  6.4606E+11
  1.8566E+03  1.0782E-06  6.8148E-06  1.8195E+09  6.5449E+11
  1.8700E+03  1.0596E-06  6.8738E-06  1.8341E+09  6.6303E+11
  1.8835E+03  1.0414E-06  6.9332E-06  1.8489E+09  6.7166E+11
  1.8972E+03  1.0235E-06  6.9930E-06  1.8637E+09  6.8038E+11
  1.9109E+03  1.0060E-06  7.0533E-06  1.8788E+09  6.8922E+11
  1.9247E+03  9.8880E-07  7.1139E-06  1.8939E+09  6.9814E+11
  1.9386E+03  9.7195E-07  7.1750E-06  1.9092E+09  7.0716E+11
  1.9526E+03  9.5542E-07  7.2365E-06  1.9246E+09  7.1630E+11
  1.9667E+03  9.3922E-07  7.2985E-06  1.9401E+09  7.2552E+11
  1.9809E+03  9.2333E-07  7.3608E-06  1.9558E+09  7.3486E+11
  1.9952E+03  9.0774E-07  7.4236E-06  1.9717E+09  7.4430E+11
  2.0096E+03  8.9246E-07  7.4868E-06  1.9877E+09  7.5384E+11
  2.0242E+03  8.7746E-07  7.5504E-06  2.0038E+09  7.6350E+11
  2.0388E+03  8.6276E-07  7.6145E-06  2.0201E+09  7.7324E+11
  2.0535E+03  8.4834E-07  7.6790E-06  2.0365E+09  7.8311E+11
  2.0683E+03  8.3419E-07  7.7439E-06  2.0530E+09  7.9308E+11
  2.0833E+03  8.2032E-07  7.8093E-06  2.0698E+09  8.0315E+11
  2.0983E+03  8.0670E-07  7.8750E-06  2.0866E+09  8.1335E+11
  2.1135E+03  7.9335E-07  7.9413E-06  2.1036E+09  8.2363E+11
  2.1288E+03  7.8025E-07  8.0079E-06  2.1208E+09  8.3406E+11
  2.1441E+03  7.6740E-07  8.0750E-06  2.1382E+09  8.4458E+11
  2.1596E+03  7.5479E-07  8.1425E-06  2.1556E+09  8.5520E+11
  2.1752E+03  7.4241E-07  8.2105E-06  2.1733E+09  8.6596E+11
  2.1909E+03  7.3027E-07  8.2788E-06  2.1911E+09  8.7680E+11
  2.2068E+03  7.1836E-07  8.3477E-06  2.2091E+09  8.8780E+11
  2.2227E+03  7.0667E-07  8.4169E-06  2.2272E+09  8.9888E+11
  2.2388E+03  6.9520E-07  8.4866E-06  2.2455E+09  9.1009E+11
  2.2549E+03  6.8394E-07  8.5568E-06  2.2640E+09  9.2142E+11
  2.2712E+03  6.7290E-07  8.6274E-06  2.2826E+09  9.3285E+11
  2.2876E+03  6.6205E-07  8.6984E-06  2.3014E+09  9.4444E+11
  2.3041E+03  6.5142E-07  8.7699E-06  2.3204E+09  9.5609E+11
  2.3208E+03  6.4097E-07  8.8418E-06  2.3395E+09  9.6793E+11
  2.3375E+03  6.3072E-07  8.9141E-06  2.3588E+09  9.7982E+11
  2.3544E+03  6.2065E-07  8.9869E-06  2.3783E+09  9.9189E+11
  2.3714E+03  6.1078E-07  9.0601E-06  2.3980E+09  1.0040E+12
  2.3885E+03  6.0108E-07  9.1338E-06  2.4179E+09  1.0163E+12
  2.4058E+03  5.9156E-07  9.2079E-06  2.4379E+09  1.0288E+12
  2.4232E+03  5.8221E-07  9.2825E-06  2.4581E+09  1.0413E+12
  2.4407E+03  5.7304E-07  9.3575E-06  2.4785E+09  1.0540E+12
  2.4583E+03  5.6403E-07  9.4330E-06  2.4991E+09  1.0668E+12
  2.4760E+03  5.5518E-07  9.5089E-06  2.5199E+09  1.0797E+12
  2.4939E+03  5.4649E-07  9.5852E-06  2.5409E+09  1.0927E+12
  2.5119E+03  5.3796E-07  9.6620E-06  2.5620E+09  1.1059E+12
  2.5300E+03  5.2959E-07  9.7392E-06  2.5834E+09  1.1192E+12
  2.5483E+03  5.2135E-07  9.8169E-06  2.6049E+09  1.1327E+12
  2.5667E+03  5.1328E-07  9.8950E-06  2.6267E+09  1.1462E+12
  2.5852E+03  5.0534E-07  9.9736E-06  2.6486E+09  1.1600E+12
  2.6039E+03  4.9754E-07  1.0053E-05  2.6708E+09  1.1737E+12
  2.6227E+03  4.8988E-07  1.0132E-05  2.6931E+09  1.1878E+12
  2.6416E+03  4.8237E-07  1.0212E-05  2.7157E+09  1.2018E+12
  2.6607E+03  4.7497E-07  1.0292E-05  2.7385E+09  1.2161E+12
  2.6799E+03  4.6772E-07  1.0373E-05  2.7614E+09  1.2304E+12
  2.6993E+03  4.6058E-07  1.0454E-05  2.7846E+09  1.2450E+12
  2.7187E+03  4.5358E-07  1.0536E-05  2.8080E+09  1.2596E+12
  2.7384E+03  4.4669E-07  1.0618E-05  2.8316E+09  1.2744E+12
  2.7581E+03  4.3992E-07  1.0701E-05  2.8555E+09  1.2893E+12
  2.7780E+03  4.3327E-07  1.0784E-05  2.8795E+09  1.3044E+12
  2.7981E+03  4.2674E-07  1.0867E-05  2.9038E+09  1.3196E+12
  2.8183E+03  4.2032E-07  1.0951E-05  2.9283E+09  1.3349E+12
  2.8386E+03  4.1401E-07  1.1036E-05  2.9530E+09  1.3504E+12
  2.8591E+03  4.0781E-07  1.1120E-05  2.9780E+09  1.3659E+12
  2.8798E+03  4.0171E-07  1.1206E-05  3.0032E+09  1.3818E+12
