  2.5000E-02  6.4766E+00  3.5125E-18  2.1988E+05  1.0000E+00
  7.5180E-02  6.5174E+00  2.9679E-15  3.2907E+05  1.0000E+00
  1.2572E-01  6.6031E+00  1.4738E-14  6.5798E+05  1.0000E+00
  1.7663E-01  6.7422E+00  3.4524E-14  9.3211E+05  1.0000E+00
  2.2790E-01  6.9501E+00  6.4252E-14  1.1624E+06  1.0000E+00
  2.7954E-01  7.2554E+00  1.0348E-13  1.3631E+06  1.0000E+00
  3.3155E-01  7.7164E+00  1.4887E-13  1.5439E+06  1.0000E+00
  3.8394E-01  8.4778E+00  1.9161E-13  1.7111E+06  1.0000E+00
  4.3670E-01  1.0121E+01  8.2453E-12  1.8687E+06  1.0000E+00
  4.8985E-01  1.2502E+01  5.0889E-11  2.0193E+06  3.0302E+04
  5.4337E-01  8.5557E+00  1.2169E-10  2.1646E+06  1.9723E+05
  5.9729E-01  7.0028E+00  1.7064E-10  2.3061E+06  3.4152E+05
  6.5159E-01  5.8768E+00  2.1804E-10  2.4446E+06  4.9378E+05
  7.0628E-01  5.0250E+00  2.6457E-10  2.5808E+06  6.5344E+05
  7.6136E-01  4.3562E+00  3.1080E-10  2.7153E+06  8.2100E+05
  8.1685E-01  3.8175E+00  3.5707E-10  2.8486E+06  9.9686E+05
  8.7273E-01  3.3752E+00  4.0355E-10  2.9809E+06  1.1813E+06
  9.2901E-01  3.0065E+00  4.5038E-10  3.1126E+06  1.3744E+06
  9.8570E-01  2.6953E+00  4.9761E-10  3.2439E+06  1.5763E+06
  1.0428E+00  2.4301E+00  5.4531E-10  3.3750E+06  1.7872E+06
  1.1003E+00  2.2019E+00  5.9350E-10  3.5061E+06  2.0071E+06
  1.1582E+00  2.0041E+00  6.4221E-10  3.6373E+06  2.2360E+06
  1.2166E+00  1.8314E+00  6.9144E-10  3.7688E+06  2.4739E+06
  1.2753E+00  1.6798E+00  7.4122E-10  3.9006E+06  2.7210E+06
  1.3345E+00  1.5458E+00  7.9155E-10  4.0329E+06  2.9773E+06
  1.3941E+00  1.4270E+00  8.4244E-10  4.1657E+06  3.2427E+06
  1.4542E+00  1.3210E+00  8.9389E-10  4.2992E+06  3.5174E+06
  1.5146E+00  1.2261E+00  9.4589E-10  4.4334E+06  3.8013E+06
  1.5755E+00  1.1408E+00  9.9847E-10  4.5683E+06  4.0946E+06
  1.6369E+00  1.0638E+00  1.0516E-09  4.7040E+06  4.3972E+06
  1.6987E+00  9.9415E-01  1.1053E-09  4.8407E+06  4.7092E+06
  1.7609E+00  9.3092E-01  1.1596E-09  4.9782E+06  5.0307E+06
  1.8236E+00  8.7334E-01  1.2145E-09  5.1167E+06  5.3617E+06
  1.8867E+00  8.2076E-01  1.2699E-09  5.2562E+06  5.7023E+06
  1.9503E+00  7.7264E-01  1.3259E-09  5.3968E+06  6.0525E+06
  2.0143E+00  7.2849E-01  1.3825E-09  5.5384E+06  6.4123E+06
  2.0788E+00  6.8788E-01  1.4397E-09  5.6812E+06  6.7819E+06
  2.1438E+00  6.5046E-01  1.4974E-09  5.8251E+06  7.1613E+06
  2.2092E+00  6.1590E-01  1.5557E-09  5.9702E+06  7.5506E+06
  2.2751E+00  5.8393E-01  1.6147E-09  6.1165E+06  7.9498E+06
  2.3415E+00  5.5429E-01  1.6742E-09  6.2640E+06  8.3591E+06
  2.4084E+00  5.2676E-01  1.7343E-09  6.4128E+06  8.7784E+06
  2.4757E+00  5.0116E-01  1.7950E-09  6.5629E+06  9.2079E+06
  2.5435E+00  4.7732E-01  1.8563E-09  6.7142E+06  9.6477E+06
  2.6119E+00  4.5507E-01  1.9182E-09  6.8669E+06  1.0098E+07
  2.6807E+00  4.3428E-01  1.9807E-09  7.0210E+06  1.0558E+07
  2.7500E+00  4.1482E-01  2.0439E-09  7.1764E+06  1.1029E+07
  2.8198E+00  3.9660E-01  2.1076E-09  7.3332E+06  1.1511E+07
  2.8901E+00  3.7950E-01  2.1720E-09  7.4915E+06  1.2003E+07
  2.9609E+00  3.6344E-01  2.2370E-09  7.6511E+06  1.2506E+07
  3.0322E+00  3.4834E-01  2.3027E-09  7.8122E+06  1.3020E+07
  3.1040E+00  3.3412E-01  2.3690E-09  7.9748E+06  1.3545E+07
  3.1764E+00  3.2073E-01  2.4359E-09  8.1388E+06  1.4082E+07
  3.2492E+00  3.0808E-01  2.5035E-09  8.3043E+06  1.4629E+07
  3.3226E+00  2.9615E-01  2.5717E-09  8.4713E+06  1.5187E+07
  3.3966E+00  2.8486E-01  2.6406E-09  8.6399E+06  1.5757E+07
  3.4710E+00  2.7418E-01  2.7102E-09  8.8099E+06  1.6339E+07
  3.5460E+00  2.6406E-01  2.7804E-09  8.9815E+06  1.6932E+07
  3.6215E+00  2.5448E-01  2.8514E-09  9.1547E+06  1.7537E+07
  3.6976E+00  2.4538E-01  2.9230E-09  9.3295E+06  1.8154E+07
  3.7742E+00  2.3674E-01  2.9953E-09  9.5058E+06  1.8783E+07
  3.8514E+00  2.2853E-01  3.0683E-09  9.6837E+06  1.9424E+07
  3.9291E+00  2.2072E-01  3.1421E-09  9.8633E+06  2.0077E+07
  4.0074E+00  2.1329E-01  3.2165E-09  1.0044E+07  2.0743E+07
  4.0863E+00  2.0621E-01  3.2917E-09  1.0227E+07  2.1421E+07
  4.1657E+00  1.9946E-01  3.3676E-09  1.0412E+07  2.2112E+07
  4.2457E+00  1.9302E-01  3.4443E-09  1.0598E+07  2.2815E+07
  4.3263E+00  1.8688E-01  3.5217E-09  1.0785E+07  2.3532E+07
  4.4074E+00  1.8101E-01  3.5998E-09  1.0975E+07  2.4261E+07
  4.4891E+00  1.7540E-01  3.6788E-09  1.1166E+07  2.5004E+07
  4.5715E+00  1.7003E-01  3.7585E-09  1.1359E+07  2.5761E+07
  4.6544E+00  1.6490E-01  3.8389E-09  1.1553E+07  2.6530E+07
  4.7379E+00  1.5998E-01  3.9202E-09  1.1749E+07  2.7314E+07
  4.8220E+00  1.5527E-01  4.0023E-09  1.1947E+07  2.8111E+07
  4.9067E+00  1.5076E-01  4.0852E-09  1.2147E+07  2.8922E+07
  4.9921E+00  1.4643E-01  4.1689E-09  1.2348E+07  2.9748E+07
  5.0780E+00  1.4227E-01  4.2535E-09  1.2551E+07  3.0587E+07
  5.1646E+00  1.3828E-01  4.3388E-09  1.2756E+07  3.1442E+07
  5.2517E+00  1.3445E-01  4.4251E-09  1.2962E+07  3.2310E+07
  5.3396E+00  1.3076E-01  4.5122E-09  1.3171E+07  3.3194E+07
  5.4280E+00  1.2722E-01  4.6001E-09  1.3381E+07  3.4093E+07
  5.5171E+00  1.2381E-01  4.6889E-09  1.3592E+07  3.5007E+07
  5.6068E+00  1.2053E-01  4.7787E-09  1.3806E+07  3.5936E+07
  5.6972E+00  1.1737E-01  4.8693E-09  1.4021E+07  3.6881E+07
  5.7882E+00  1.1433E-01  4.9608E-09  1.4238E+07  3.7841E+07
  5.8799E+00  1.1140E-01  5.0533E-09  1.4457E+07  3.8817E+07
  5.9722E+00  1.0857E-01  5.1467E-09  1.4678E+07  3.9810E+07
  6.0652E+00  1.0584E-01  5.2410E-09  1.4900E+07  4.0819E+07
  6.1589E+00  1.0321E-01  5.3363E-09  1.5124E+07  4.1844E+07
  6.2532E+00  1.0067E-01  5.4325E-09  1.5351E+07  4.2886E+07
  6.3482E+00  9.8212E-02  5.5297E-09  1.5578E+07  4.3945E+07
  6.4439E+00  9.5841E-02  5.6279E-09  1.5808E+07  4.5021E+07
  6.5403E+00  9.3549E-02  5.7271E-09  1.6039E+07  4.6114E+07
  6.6374E+00  9.1333E-02  5.8274E-09  1.6273E+07  4.7225E+07
  6.7352E+00  8.9190E-02  5.9286E-09  1.6508E+07  4.8354E+07
  6.8337E+00  8.7117E-02  6.0309E-09  1.6745E+07  4.9500E+07
  6.9329E+00  8.5110E-02  6.1342E-09  1.6983E+07  5.0665E+07
  7.0328E+00  8.3167E-02  6.2386E-09  1.7224E+07  5.1848E+07
  7.1335E+00  8.1285E-02  6.3440E-09  1.7466E+07  5.3050E+07
  7.2348E+00  7.9462E-02  6.4505E-09  1.7710E+07  5.4271E+07
  7.3369E+00  7.7695E-02  6.5582E-09  1.7956E+07  5.5511E+07
  7.4398E+00  7.5982E-02  6.6669E-09  1.8204E+07  5.6770E+07
  7.5433E+00  7.4321E-02  6.7768E-09  1.8453E+07  5.8049E+07
  7.6476E+00  7.2710E-02  6.8878E-09  1.8705E+07  5.9347E+07
  7.7527E+00  7.1147E-02  6.9999E-09  1.8958E+07  6.0666E+07
  7.8585E+00  6.9629E-02  7.1132E-09  1.9213E+07  6.2005E+07
  7.9651E+00  6.8156E-02  7.2277E-09  1.9469E+07  6.3365E+07
  8.0724E+00  6.6725E-02  7.3434E-09  1.9728E+07  6.4745E+07
  8.1806E+00  6.5335E-02  7.4603E-09  1.9989E+07  6.6147E+07
  8.2895E+00  6.3985E-02  7.5784E-09  2.0251E+07  6.7570E+07
  8.3991E+00  6.2672E-02  7.6977E-09  2.0515E+07  6.9014E+07
  8.5096E+00  6.1396E-02  7.8183E-09  2.0781E+07  7.0481E+07
  8.6209E+00  6.0155E-02  7.9401E-09  2.1048E+07  7.1970E+07
  8.7330E+00  5.8948E-02  8.0632E-09  2.1318E+07  7.3481E+07
  8.8458E+00  5.7774E-02  8.1876E-09  2.1589E+07  7.5015E+07
  8.9595E+00  5.6631E-02  8.3133E-09  2.1862E+07  7.6572E+07
  9.0740E+00  5.5519E-02  8.4404E-09  2.2137E+07  7.8153E+07
  9.1894E+00  5.4436E-02  8.5687E-09  2.2413E+07  7.9757E+07
  9.3055E+00  5.3381E-02  8.6985E-09  2.2692E+07  8.1385E+07
  9.4225E+00  5.2354E-02  8.8295E-09  2.2972E+07  8.3038E+07
  9.5404E+00  5.1353E-02  8.9620E-09  2.3254E+07  8.4715E+07
  9.6591E+00  5.0378E-02  9.0959E-09  2.3537E+07  8.6416E+07
  9.7786E+00  4.9427E-02  9.2312E-09  2.3823E+07  8.8144E+07
  9.8990E+00  4.8500E-02  9.3679E-09  2.4110E+07  8.9896E+07
  1.0020E+01  4.7597E-02  9.5061E-09  2.4399E+07  9.1674E+07
  1.0142E+01  4.6715E-02  9.6457E-09  2.4689E+07  9.3479E+07
  1.0265E+01  4.5856E-02  9.7868E-09  2.4982E+07  9.5310E+07
  1.0389E+01  4.5017E-02  9.9294E-09  2.5276E+07  9.7169E+07
  1.0514E+01  4.4198E-02  1.0074E-08  2.5572E+07  9.9054E+07
  1.0640E+01  4.3399E-02  1.0219E-08  2.5870E+07  1.0097E+08
  1.0766E+01  4.2619E-02  1.0366E-08  2.6169E+07  1.0291E+08
  1.0894E+01  4.1857E-02  1.0515E-08  2.6470E+07  1.0488E+08
  1.1022E+01  4.1114E-02  1.0666E-08  2.6773E+07  1.0687E+08
  1.1152E+01  4.0387E-02  1.0818E-08  2.7077E+07  1.0890E+08
  1.1282E+01  3.9677E-02  1.0971E-08  2.7383E+07  1.1096E+08
  1.1413E+01  3.8984E-02  1.1126E-08  2.7691E+07  1.1304E+08
  1.1546E+01  3.8306E-02  1.1283E-08  2.8000E+07  1.1516E+08
  1.1679E+01  3.7643E-02  1.1442E-08  2.8312E+07  1.1730E+08
  1.1813E+01  3.6996E-02  1.1602E-08  2.8624E+07  1.1948E+08
  1.1948E+01  3.6362E-02  1.1764E-08  2.8939E+07  1.2169E+08
  1.2084E+01  3.5743E-02  1.1928E-08  2.9255E+07  1.2393E+08
  1.2221E+01  3.5137E-02  1.2093E-08  2.9573E+07  1.2620E+08
  1.2359E+01  3.4545E-02  1.2260E-08  2.9892E+07  1.2851E+08
  1.2498E+01  3.3965E-02  1.2430E-08  3.0213E+07  1.3085E+08
  1.2638E+01  3.3398E-02  1.2600E-08  3.0536E+07  1.3322E+08
  1.2779E+01  3.2843E-02  1.2773E-08  3.0860E+07  1.3562E+08
  1.2921E+01  3.2299E-02  1.2948E-08  3.1186E+07  1.3806E+08
  1.3064E+01  3.1768E-02  1.3124E-08  3.1513E+07  1.4054E+08
  1.3208E+01  3.1247E-02  1.3302E-08  3.1842E+07  1.4304E+08
  1.3353E+01  3.0737E-02  1.3483E-08  3.2173E+07  1.4559E+08
  1.3499E+01  3.0237E-02  1.3665E-08  3.2505E+07  1.4817E+08
  1.3646E+01  2.9748E-02  1.3849E-08  3.2839E+07  1.5079E+08
  1.3795E+01  2.9269E-02  1.4035E-08  3.3174E+07  1.5344E+08
  1.3944E+01  2.8799E-02  1.4223E-08  3.3511E+07  1.5613E+08
  1.4094E+01  2.8339E-02  1.4413E-08  3.3849E+07  1.5886E+08
  1.4246E+01  2.7889E-02  1.4606E-08  3.4189E+07  1.6163E+08
  1.4398E+01  2.7447E-02  1.4800E-08  3.4530E+07  1.6444E+08
  1.4552E+01  2.7014E-02  1.4996E-08  3.4873E+07  1.6728E+08
  1.4707E+01  2.6589E-02  1.5195E-08  3.5217E+07  1.7017E+08
  1.4863E+01  2.6173E-02  1.5395E-08  3.5563E+07  1.7309E+08
  1.5020E+01  2.5764E-02  1.5598E-08  3.5910E+07  1.7606E+08
  1.5178E+01  2.5364E-02  1.5803E-08  3.6259E+07  1.7907E+08
  1.5337E+01  2.4971E-02  1.6010E-08  3.6609E+07  1.8212E+08
  1.5497E+01  2.4586E-02  1.6220E-08  3.6961E+07  1.8521E+08
  1.5659E+01  2.4208E-02  1.6431E-08  3.7314E+07  1.8835E+08
  1.5822E+01  2.3838E-02  1.6645E-08  3.7668E+07  1.9153E+08
  1.5986E+01  2.3474E-02  1.6862E-08  3.8024E+07  1.9475E+08
  1.6151E+01  2.3117E-02  1.7080E-08  3.8381E+07  1.9802E+08
  1.6317E+01  2.2767E-02  1.7301E-08  3.8740E+07  2.0133E+08
  1.6485E+01  2.2423E-02  1.7525E-08  3.9100E+07  2.0469E+08
  1.6653E+01  2.2085E-02  1.7750E-08  3.9462E+07  2.0810E+08
  1.6823E+01  2.1754E-02  1.7979E-08  3.9824E+07  2.1155E+08
  1.6994E+01  2.1428E-02  1.8209E-08  4.0189E+07  2.1505E+08
  1.7167E+01  2.1109E-02  1.8442E-08  4.0554E+07  2.1860E+08
  1.7340E+01  2.0795E-02  1.8678E-08  4.0921E+07  2.2220E+08
  1.7515E+01  2.0487E-02  1.8916E-08  4.1289E+07  2.2585E+08
  1.7691E+01  2.0185E-02  1.9157E-08  4.1659E+07  2.2954E+08
  1.7869E+01  1.9887E-02  1.9400E-08  4.2030E+07  2.3329E+08
  1.8047E+01  1.9595E-02  1.9646E-08  4.2402E+07  2.3709E+08
  1.8227E+01  1.9309E-02  1.9895E-08  4.2776E+07  2.4094E+08
  1.8408E+01  1.9027E-02  2.0146E-08  4.3150E+07  2.4484E+08
  1.8591E+01  1.8750E-02  2.0400E-08  4.3527E+07  2.4880E+08
  1.8775E+01  1.8478E-02  2.0657E-08  4.3904E+07  2.5281E+08
  1.8960E+01  1.8210E-02  2.0917E-08  4.4283E+07  2.5688E+08
  1.9147E+01  1.7947E-02  2.1179E-08  4.4663E+07  2.6100E+08
  1.9334E+01  1.7689E-02  2.1444E-08  4.5044E+07  2.6518E+08
  1.9524E+01  1.7435E-02  2.1712E-08  4.5426E+07  2.6941E+08
  1.9714E+01  1.7185E-02  2.1983E-08  4.5810E+07  2.7370E+08
  1.9906E+01  1.6940E-02  2.2257E-08  4.6195E+07  2.7805E+08
  2.0099E+01  1.6698E-02  2.2533E-08  4.6581E+07  2.8246E+08
  2.0294E+01  1.6461E-02  2.2813E-08  4.6969E+07  2.8693E+08
  2.0490E+01  1.6228E-02  2.3096E-08  4.7357E+07  2.9146E+08
  2.0688E+01  1.5998E-02  2.3382E-08  4.7747E+07  2.9605E+08
  2.0887E+01  1.5772E-02  2.3670E-08  4.8138E+07  3.0070E+08
  2.1087E+01  1.5550E-02  2.3962E-08  4.8530E+07  3.0541E+08
  2.1289E+01  1.5332E-02  2.4257E-08  4.8924E+07  3.1019E+08
  2.1492E+01  1.5117E-02  2.4556E-08  4.9319E+07  3.1503E+08
  2.1697E+01  1.4906E-02  2.4857E-08  4.9714E+07  3.1994E+08
  2.1903E+01  1.4698E-02  2.5162E-08  5.0111E+07  3.2492E+08
  2.2111E+01  1.4493E-02  2.5469E-08  5.0510E+07  3.2996E+08
  2.2320E+01  1.4292E-02  2.5781E-08  5.0909E+07  3.3506E+08
  2.2531E+01  1.4094E-02  2.6095E-08  5.1310E+07  3.4024E+08
  2.2743E+01  1.3899E-02  2.6413E-08  5.1711E+07  3.4548E+08
  2.2957E+01  1.3707E-02  2.6734E-08  5.2114E+07  3.5080E+08
  2.3172E+01  1.3519E-02  2.7059E-08  5.2518E+07  3.5619E+08
  2.3389E+01  1.3333E-02  2.7387E-08  5.2923E+07  3.6165E+08
  2.3607E+01  1.3150E-02  2.7719E-08  5.3329E+07  3.6718E+08
  2.3827E+01  1.2970E-02  2.8054E-08  5.3737E+07  3.7278E+08
  2.4049E+01  1.2793E-02  2.8393E-08  5.4146E+07  3.7846E+08
  2.4272E+01  1.2618E-02  2.8735E-08  5.4555E+07  3.8422E+08
  2.4497E+01  1.2447E-02  2.9081E-08  5.4966E+07  3.9005E+08
  2.4723E+01  1.2278E-02  2.9431E-08  5.5378E+07  3.9596E+08
  2.4951E+01  1.2111E-02  2.9784E-08  5.5791E+07  4.0195E+08
  2.5181E+01  1.1947E-02  3.0141E-08  5.6205E+07  4.0801E+08
  2.5412E+01  1.1786E-02  3.0502E-08  5.6621E+07  4.1416E+08
  2.5645E+01  1.1627E-02  3.0867E-08  5.7037E+07  4.2039E+08
  2.5880E+01  1.1470E-02  3.1236E-08  5.7455E+07  4.2670E+08
  2.6116E+01  1.1316E-02  3.1608E-08  5.7874E+07  4.3310E+08
  2.6354E+01  1.1164E-02  3.1985E-08  5.8293E+07  4.3957E+08
  2.6594E+01  1.1015E-02  3.2365E-08  5.8714E+07  4.4614E+08
  2.6835E+01  1.0868E-02  3.2749E-08  5.9137E+07  4.5279E+08
  2.7078E+01  1.0723E-02  3.3138E-08  5.9560E+07  4.5953E+08
  2.7323E+01  1.0580E-02  3.3531E-08  5.9984E+07  4.6636E+08
  2.7570E+01  1.0439E-02  3.3927E-08  6.0410E+07  4.7327E+08
  2.7819E+01  1.0301E-02  3.4328E-08  6.0836E+07  4.8028E+08
  2.8069E+01  1.0164E-02  3.4734E-08  6.1264E+07  4.8738E+08
  2.8321E+01  1.0030E-02  3.5143E-08  6.1693E+07  4.9457E+08
  2.8575E+01  9.8973E-03  3.5557E-08  6.2123E+07  5.0186E+08
  2.8831E+01  9.7669E-03  3.5975E-08  6.2554E+07  5.0924E+08
  2.9088E+01  9.6384E-03  3.6397E-08  6.2986E+07  5.1672E+08
  2.9348E+01  9.5119E-03  3.6824E-08  6.3419E+07  5.2430E+08
  2.9609E+01  9.3873E-03  3.7255E-08  6.3854E+07  5.3197E+08
  2.9872E+01  9.2647E-03  3.7691E-08  6.4289E+07  5.3975E+08
  3.0137E+01  9.1441E-03  3.8132E-08  6.4726E+07  5.4750E+08
  3.0404E+01  9.0254E-03  3.8577E-08  6.5164E+07  5.5517E+08
  3.0673E+01  8.9083E-03  3.9027E-08  6.5603E+07  5.6295E+08
  3.0944E+01  8.7928E-03  3.9482E-08  6.6043E+07  5.7082E+08
  3.1217E+01  8.6789E-03  3.9942E-08  6.6484E+07  5.7880E+08
  3.1492E+01  8.5665E-03  4.0407E-08  6.6927E+07  5.8689E+08
  3.1768E+01  8.4556E-03  4.0877E-08  6.7370E+07  5.9508E+08
  3.2047E+01  8.3462E-03  4.1352E-08  6.7815E+07  6.0337E+08
  3.2328E+01  8.2383E-03  4.1832E-08  6.8261E+07  6.1178E+08
  3.2611E+01  8.1318E-03  4.2318E-08  6.8708E+07  6.2029E+08
  3.2895E+01  8.0267E-03  4.2808E-08  6.9156E+07  6.2892E+08
  3.3182E+01  7.9231E-03  4.3304E-08  6.9606E+07  6.3765E+08
  3.3471E+01  7.8208E-03  4.3806E-08  7.0056E+07  6.4651E+08
  3.3762E+01  7.7199E-03  4.4313E-08  7.0508E+07  6.5547E+08
  3.4055E+01  7.6204E-03  4.4825E-08  7.0961E+07  6.6455E+08
  3.4350E+01  7.5222E-03  4.5343E-08  7.1415E+07  6.7375E+08
  3.4648E+01  7.4252E-03  4.5867E-08  7.1871E+07  6.8307E+08
  3.4947E+01  7.3296E-03  4.6396E-08  7.2327E+07  6.9251E+08
  3.5249E+01  7.2352E-03  4.6930E-08  7.2785E+07  7.0207E+08
  3.5553E+01  7.1421E-03  4.7471E-08  7.3244E+07  7.1176E+08
  3.5859E+01  7.0502E-03  4.8017E-08  7.3705E+07  7.2157E+08
  3.6167E+01  6.9595E-03  4.8569E-08  7.4166E+07  7.3150E+08
  3.6477E+01  6.8701E-03  4.9127E-08  7.4629E+07  7.4157E+08
  3.6790E+01  6.7818E-03  4.9691E-08  7.5093E+07  7.5176E+08
  3.7105E+01  6.6946E-03  5.0261E-08  7.5559E+07  7.6208E+08
  3.7422E+01  6.6086E-03  5.0836E-08  7.6025E+07  7.7254E+08
  3.7741E+01  6.5237E-03  5.1418E-08  7.6493E+07  7.8313E+08
  3.8063E+01  6.4400E-03  5.2006E-08  7.6962E+07  7.9386E+08
  3.8387E+01  6.3573E-03  5.2601E-08  7.7433E+07  8.0472E+08
  3.8713E+01  6.2757E-03  5.3201E-08  7.7905E+07  8.1572E+08
  3.9042E+01  6.1952E-03  5.3808E-08  7.8378E+07  8.2686E+08
  3.9373E+01  6.1157E-03  5.4421E-08  7.8852E+07  8.3815E+08
  3.9707E+01  6.0373E-03  5.5041E-08  7.9328E+07  8.4958E+08
  4.0043E+01  5.9599E-03  5.5667E-08  7.9805E+07  8.6116E+08
  4.0381E+01  5.8835E-03  5.6300E-08  8.0284E+07  8.7288E+08
  4.0722E+01  5.8080E-03  5.6939E-08  8.0764E+07  8.8475E+08
  4.1065E+01  5.7336E-03  5.7585E-08  8.1245E+07  8.9677E+08
  4.1411E+01  5.6601E-03  5.8237E-08  8.1728E+07  9.0895E+08
  4.1759E+01  5.5876E-03  5.8897E-08  8.2212E+07  9.2128E+08
  4.2109E+01  5.5160E-03  5.9563E-08  8.2697E+07  9.3376E+08
  4.2463E+01  5.4453E-03  6.0236E-08  8.3184E+07  9.4641E+08
  4.2818E+01  5.3755E-03  6.0916E-08  8.3672E+07  9.5921E+08
  4.3177E+01  5.3067E-03  6.1603E-08  8.4162E+07  9.7217E+08
  4.3538E+01  5.2387E-03  6.2297E-08  8.4653E+07  9.8531E+08
  4.3901E+01  5.1716E-03  6.2998E-08  8.5146E+07  9.9860E+08
  4.4267E+01  5.1053E-03  6.3707E-08  8.5640E+07  1.0121E+09
  4.4636E+01  5.0399E-03  6.4422E-08  8.6136E+07  1.0257E+09
  4.5007E+01  4.9754E-03  6.5145E-08  8.6633E+07  1.0395E+09
  4.5381E+01  4.9117E-03  6.5875E-08  8.7132E+07  1.0535E+09
  4.5758E+01  4.8487E-03  6.6613E-08  8.7632E+07  1.0676E+09
  4.6137E+01  4.7866E-03  6.7358E-08  8.8134E+07  1.0820E+09
  4.6520E+01  4.7253E-03  6.8111E-08  8.8637E+07  1.0965E+09
  4.6905E+01  4.6648E-03  6.8871E-08  8.9142E+07  1.1112E+09
  4.7292E+01  4.6050E-03  6.9639E-08  8.9649E+07  1.1260E+09
  4.7683E+01  4.5460E-03  7.0415E-08  9.0157E+07  1.1411E+09
  4.8076E+01  4.4878E-03  7.1199E-08  9.0667E+07  1.1564E+09
  4.8472E+01  4.4302E-03  7.1990E-08  9.1178E+07  1.1718E+09
  4.8871E+01  4.3735E-03  7.2789E-08  9.1691E+07  1.1874E+09
  4.9273E+01  4.3174E-03  7.3597E-08  9.2206E+07  1.2033E+09
  4.9678E+01  4.2620E-03  7.4412E-08  9.2722E+07  1.2193E+09
  5.0086E+01  4.2074E-03  7.5236E-08  9.3241E+07  1.2355E+09
  5.0496E+01  4.1534E-03  7.6068E-08  9.3760E+07  1.2519E+09
  5.0910E+01  4.1002E-03  7.6908E-08  9.4282E+07  1.2686E+09
  5.1326E+01  4.0476E-03  7.7756E-08  9.4805E+07  1.2854E+09
  5.1746E+01  3.9956E-03  7.8613E-08  9.5330E+07  1.3024E+09
  5.2168E+01  3.9444E-03  7.9478E-08  9.5857E+07  1.3197E+09
  5.2594E+01  3.8937E-03  8.0352E-08  9.6386E+07  1.3372E+09
  5.3023E+01  3.8437E-03  8.1234E-08  9.6916E+07  1.3549E+09
  5.3454E+01  3.7944E-03  8.2125E-08  9.7448E+07  1.3728E+09
  5.3889E+01  3.7456E-03  8.3025E-08  9.7982E+07  1.3909E+09
  5.4327E+01  3.6975E-03  8.3933E-08  9.8518E+07  1.4092E+09
  5.4769E+01  3.6500E-03  8.4851E-08  9.9056E+07  1.4278E+09
  5.5213E+01  3.6031E-03  8.5777E-08  9.9595E+07  1.4466E+09
  5.5660E+01  3.5567E-03  8.6712E-08  1.0014E+08  1.4657E+09
  5.6111E+01  3.5110E-03  8.7657E-08  1.0068E+08  1.4849E+09
  5.6565E+01  3.4658E-03  8.8610E-08  1.0123E+08  1.5044E+09
  5.7022E+01  3.4212E-03  8.9573E-08  1.0177E+08  1.5242E+09
  5.7483E+01  3.3771E-03  9.0545E-08  1.0232E+08  1.5442E+09
  5.7947E+01  3.3336E-03  9.1526E-08  1.0287E+08  1.5644E+09
  5.8414E+01  3.2907E-03  9.2517E-08  1.0343E+08  1.5849E+09
  5.8885E+01  3.2483E-03  9.3518E-08  1.0398E+08  1.6056E+09
  5.9359E+01  3.2064E-03  9.4528E-08  1.0454E+08  1.6266E+09
  5.9836E+01  3.1650E-03  9.5547E-08  1.0510E+08  1.6478E+09
  6.0317E+01  3.1242E-03  9.6576E-08  1.0566E+08  1.6693E+09
  6.0801E+01  3.0838E-03  9.7616E-08  1.0623E+08  1.6911E+09
  6.1289E+01  3.0440E-03  9.8664E-08  1.0679E+08  1.7131E+09
  6.1780E+01  3.0047E-03  9.9723E-08  1.0736E+08  1.7354E+09
  6.2275E+01  2.9658E-03  1.0079E-07  1.0793E+08  1.7580E+09
  6.2773E+01  2.9275E-03  1.0187E-07  1.0850E+08  1.7808E+09
  6.3275E+01  2.8896E-03  1.0296E-07  1.0908E+08  1.8039E+09
  6.3781E+01  2.8522E-03  1.0406E-07  1.0965E+08  1.8273E+09
  6.4290E+01  2.8153E-03  1.0517E-07  1.1023E+08  1.8510E+09
  6.4803E+01  2.7788E-03  1.0629E-07  1.1081E+08  1.8749E+09
  6.5320E+01  2.7428E-03  1.0742E-07  1.1140E+08  1.8992E+09
  6.5840E+01  2.7072E-03  1.0856E-07  1.1198E+08  1.9237E+09
  6.6364E+01  2.6721E-03  1.0971E-07  1.1257E+08  1.9486E+09
  6.6892E+01  2.6374E-03  1.1088E-07  1.1316E+08  1.9737E+09
  6.7423E+01  2.6031E-03  1.1205E-07  1.1375E+08  1.9992E+09
  6.7959E+01  2.5693E-03  1.1323E-07  1.1435E+08  2.0249E+09
  6.8498E+01  2.5359E-03  1.1443E-07  1.1495E+08  2.0510E+09
  6.9041E+01  2.5029E-03  1.1563E-07  1.1555E+08  2.0773E+09
  6.9588E+01  2.4703E-03  1.1685E-07  1.1615E+08  2.1040E+09
  7.0139E+01  2.4381E-03  1.1808E-07  1.1676E+08  2.1310E+09
  7.0694E+01  2.4064E-03  1.1932E-07  1.1736E+08  2.1584E+09
  7.1253E+01  2.3750E-03  1.2057E-07  1.1797E+08  2.1860E+09
  7.1816E+01  2.3440E-03  1.2183E-07  1.1859E+08  2.2140E+09
  7.2384E+01  2.3134E-03  1.2310E-07  1.1920E+08  2.2423E+09
  7.2955E+01  2.2831E-03  1.2439E-07  1.1982E+08  2.2710E+09
  7.3530E+01  2.2533E-03  1.2569E-07  1.2044E+08  2.3000E+09
  7.4109E+01  2.2238E-03  1.2699E-07  1.2106E+08  2.3294E+09
  7.4693E+01  2.1947E-03  1.2831E-07  1.2169E+08  2.3591E+09
  7.5281E+01  2.1659E-03  1.2965E-07  1.2232E+08  2.3891E+09
  7.5873E+01  2.1375E-03  1.3099E-07  1.2295E+08  2.4195E+09
  7.6469E+01  2.1095E-03  1.3235E-07  1.2358E+08  2.4503E+09
  7.7070E+01  2.0818E-03  1.3371E-07  1.2422E+08  2.4815E+09
  7.7675E+01  2.0544E-03  1.3509E-07  1.2486E+08  2.5130E+09
  7.8284E+01  2.0274E-03  1.3649E-07  1.2550E+08  2.5448E+09
  7.8897E+01  2.0007E-03  1.3789E-07  1.2615E+08  2.5771E+09
  7.9516E+01  1.9744E-03  1.3931E-07  1.2680E+08  2.6097E+09
  8.0138E+01  1.9484E-03  1.4074E-07  1.2745E+08  2.6428E+09
  8.0765E+01  1.9227E-03  1.4218E-07  1.2810E+08  2.6762E+09
  8.1397E+01  1.8973E-03  1.4364E-07  1.2876E+08  2.7100E+09
  8.2033E+01  1.8722E-03  1.4510E-07  1.2942E+08  2.7442E+09
  8.2673E+01  1.8475E-03  1.4658E-07  1.3008E+08  2.7789E+09
  8.3318E+01  1.8230E-03  1.4808E-07  1.3075E+08  2.8139E+09
  8.3968E+01  1.7989E-03  1.4959E-07  1.3142E+08  2.8493E+09
  8.4623E+01  1.7750E-03  1.5111E-07  1.3209E+08  2.8852E+09
  8.5282E+01  1.7515E-03  1.5264E-07  1.3276E+08  2.9215E+09
  8.5946E+01  1.7282E-03  1.5418E-07  1.3344E+08  2.9582E+09
  8.6615E+01  1.7053E-03  1.5574E-07  1.3412E+08  2.9953E+09
  8.7289E+01  1.6826E-03  1.5732E-07  1.3481E+08  3.0329E+09
  8.7967E+01  1.6602E-03  1.5890E-07  1.3550E+08  3.0709E+09
  8.8651E+01  1.6381E-03  1.6050E-07  1.3619E+08  3.1093E+09
  8.9339E+01  1.6162E-03  1.6212E-07  1.3688E+08  3.1483E+09
  9.0032E+01  1.5947E-03  1.6375E-07  1.3758E+08  3.1876E+09
  9.0730E+01  1.5733E-03  1.6539E-07  1.3828E+08  3.2275E+09
  9.1434E+01  1.5523E-03  1.6704E-07  1.3899E+08  3.2678E+09
  9.2142E+01  1.5315E-03  1.6871E-07  1.3969E+08  3.3085E+09
  9.2855E+01  1.5110E-03  1.7040E-07  1.4041E+08  3.3498E+09
  9.3574E+01  1.4907E-03  1.7210E-07  1.4112E+08  3.3915E+09
  9.4298E+01  1.4707E-03  1.7381E-07  1.4184E+08  3.4337E+09
  9.5027E+01  1.4509E-03  1.7554E-07  1.4256E+08  3.4764E+09
  9.5761E+01  1.4314E-03  1.7728E-07  1.4329E+08  3.5197E+09
  9.6500E+01  1.4121E-03  1.7904E-07  1.4402E+08  3.5634E+09
  9.7245E+01  1.3931E-03  1.8081E-07  1.4475E+08  3.6076E+09
  9.7995E+01  1.3743E-03  1.8259E-07  1.4548E+08  3.6523E+09
  9.8751E+01  1.3557E-03  1.8439E-07  1.4622E+08  3.6976E+09
  9.9512E+01  1.3374E-03  1.8621E-07  1.4697E+08  3.7434E+09
  1.0028E+02  1.3193E-03  1.8804E-07  1.4771E+08  3.7897E+09
  1.0105E+02  1.3014E-03  1.8989E-07  1.4847E+08  3.8366E+09
  1.0183E+02  1.2837E-03  1.9175E-07  1.4922E+08  3.8840E+09
  1.0261E+02  1.2663E-03  1.9363E-07  1.4998E+08  3.9320E+09
  1.0340E+02  1.2491E-03  1.9552E-07  1.5074E+08  3.9805E+09
  1.0419E+02  1.2321E-03  1.9743E-07  1.5151E+08  4.0296E+09
  1.0499E+02  1.2153E-03  1.9935E-07  1.5228E+08  4.0792E+09
  1.0580E+02  1.1987E-03  2.0129E-07  1.5305E+08  4.1295E+09
  1.0661E+02  1.1823E-03  2.0325E-07  1.5383E+08  4.1803E+09
  1.0743E+02  1.1661E-03  2.0522E-07  1.5462E+08  4.2317E+09
  1.0825E+02  1.1502E-03  2.0721E-07  1.5540E+08  4.2837E+09
  1.0908E+02  1.1344E-03  2.0921E-07  1.5619E+08  4.3363E+09
  1.0992E+02  1.1188E-03  2.1123E-07  1.5699E+08  4.3896E+09
  1.1076E+02  1.1034E-03  2.1327E-07  1.5779E+08  4.4434E+09
  1.1161E+02  1.0882E-03  2.1533E-07  1.5859E+08  4.4979E+09
  1.1246E+02  1.0732E-03  2.1740E-07  1.5940E+08  4.5530E+09
  1.1332E+02  1.0584E-03  2.1948E-07  1.6021E+08  4.6087E+09
  1.1419E+02  1.0438E-03  2.2159E-07  1.6103E+08  4.6651E+09
  1.1506E+02  1.0294E-03  2.2371E-07  1.6185E+08  4.7222E+09
  1.1594E+02  1.0151E-03  2.2585E-07  1.6267E+08  4.7799E+09
  1.1682E+02  1.0010E-03  2.2801E-07  1.6350E+08  4.8383E+09
  1.1771E+02  9.8711E-04  2.3018E-07  1.6433E+08  4.8973E+09
  1.1861E+02  9.7338E-04  2.3237E-07  1.6517E+08  4.9571E+09
  1.1951E+02  9.5983E-04  2.3458E-07  1.6602E+08  5.0175E+09
  1.2042E+02  9.4644E-04  2.3681E-07  1.6686E+08  5.0787E+09
  1.2134E+02  9.3322E-04  2.3905E-07  1.6772E+08  5.1406E+09
  1.2227E+02  9.2017E-04  2.4131E-07  1.6857E+08  5.2031E+09
  1.2320E+02  9.0729E-04  2.4359E-07  1.6943E+08  5.2665E+09
  1.2413E+02  8.9456E-04  2.4589E-07  1.7030E+08  5.3305E+09
  1.2508E+02  8.8200E-04  2.4821E-07  1.7117E+08  5.3953E+09
  1.2603E+02  8.6960E-04  2.5054E-07  1.7205E+08  5.4609E+09
  1.2698E+02  8.5735E-04  2.5290E-07  1.7293E+08  5.5272E+09
  1.2795E+02  8.4526E-04  2.5527E-07  1.7382E+08  5.5943E+09
  1.2892E+02  8.3332E-04  2.5766E-07  1.7471E+08  5.6621E+09
  1.2990E+02  8.2153E-04  2.6008E-07  1.7560E+08  5.7308E+09
  1.3088E+02  8.0989E-04  2.6251E-07  1.7650E+08  5.8003E+09
  1.3188E+02  7.9840E-04  2.6496E-07  1.7741E+08  5.8706E+09
  1.3288E+02  7.8706E-04  2.6743E-07  1.7832E+08  5.9417E+09
  1.3388E+02  7.7586E-04  2.6992E-07  1.7924E+08  6.0136E+09
  1.3490E+02  7.6480E-04  2.7242E-07  1.8016E+08  6.0864E+09
  1.3592E+02  7.5389E-04  2.7495E-07  1.8108E+08  6.1600E+09
  1.3695E+02  7.4311E-04  2.7750E-07  1.8202E+08  6.2345E+09
  1.3798E+02  7.3247E-04  2.8007E-07  1.8295E+08  6.3099E+09
  1.3903E+02  7.2197E-04  2.8266E-07  1.8390E+08  6.3861E+09
  1.4008E+02  7.1160E-04  2.8527E-07  1.8485E+08  6.4632E+09
  1.4113E+02  7.0136E-04  2.8790E-07  1.8580E+08  6.5413E+09
  1.4220E+02  6.9126E-04  2.9055E-07  1.8676E+08  6.6203E+09
  1.4327E+02  6.8128E-04  2.9323E-07  1.8772E+08  6.7001E+09
  1.4436E+02  6.7143E-04  2.9592E-07  1.8869E+08  6.7810E+09
  1.4545E+02  6.6171E-04  2.9864E-07  1.8967E+08  6.8628E+09
  1.4654E+02  6.5212E-04  3.0137E-07  1.9065E+08  6.9455E+09
  1.4765E+02  6.4264E-04  3.0413E-07  1.9164E+08  7.0292E+09
  1.4876E+02  6.3329E-04  3.0691E-07  1.9263E+08  7.1140E+09
  1.4988E+02  6.2406E-04  3.0972E-07  1.9363E+08  7.1997E+09
  1.5101E+02  6.1495E-04  3.1254E-07  1.9464E+08  7.2864E+09
  1.5215E+02  6.0596E-04  3.1539E-07  1.9565E+08  7.3742E+09
  1.5329E+02  5.9709E-04  3.1826E-07  1.9667E+08  7.4630E+09
  1.5445E+02  5.8832E-04  3.2115E-07  1.9769E+08  7.5528E+09
  1.5561E+02  5.7968E-04  3.2407E-07  1.9872E+08  7.6437E+09
  1.5678E+02  5.7114E-04  3.2701E-07  1.9976E+08  7.7357E+09
  1.5796E+02  5.6272E-04  3.2997E-07  2.0080E+08  7.8289E+09
  1.5915E+02  5.5441E-04  3.3296E-07  2.0185E+08  7.9231E+09
  1.6034E+02  5.4620E-04  3.3597E-07  2.0290E+08  8.0184E+09
  1.6155E+02  5.3810E-04  3.3900E-07  2.0397E+08  8.1149E+09
  1.6276E+02  5.3011E-04  3.4206E-07  2.0503E+08  8.2125E+09
  1.6398E+02  5.2222E-04  3.4514E-07  2.0611E+08  8.3113E+09
  1.6521E+02  5.1444E-04  3.4825E-07  2.0719E+08  8.4113E+09
  1.6645E+02  5.0676E-04  3.5138E-07  2.0828E+08  8.5125E+09
  1.6770E+02  4.9918E-04  3.5454E-07  2.0937E+08  8.6149E+09
  1.6896E+02  4.9170E-04  3.5772E-07  2.1047E+08  8.7185E+09
  1.7022E+02  4.8432E-04  3.6093E-07  2.1158E+08  8.8233E+09
  1.7150E+02  4.7703E-04  3.6416E-07  2.1269E+08  8.9295E+09
  1.7278E+02  4.6984E-04  3.6742E-07  2.1382E+08  9.0369E+09
  1.7408E+02  4.6275E-04  3.7070E-07  2.1494E+08  9.1456E+09
  1.7538E+02  4.5575E-04  3.7401E-07  2.1608E+08  9.2556E+09
  1.7669E+02  4.4885E-04  3.7735E-07  2.1722E+08  9.3670E+09
  1.7802E+02  4.4204E-04  3.8072E-07  2.1837E+08  9.4797E+09
  1.7935E+02  4.3531E-04  3.8411E-07  2.1953E+08  9.5938E+09
  1.8069E+02  4.2868E-04  3.8753E-07  2.2069E+08  9.7093E+09
  1.8204E+02  4.2214E-04  3.9098E-07  2.2187E+08  9.8261E+09
  1.8340E+02  4.1568E-04  3.9445E-07  2.2304E+08  9.9444E+09
  1.8477E+02  4.0932E-04  3.9795E-07  2.2423E+08  1.0064E+10
  1.8615E+02  4.0303E-04  4.0148E-07  2.2543E+08  1.0185E+10
  1.8754E+02  3.9684E-04  4.0504E-07  2.2663E+08  1.0308E+10
  1.8894E+02  3.9072E-04  4.0863E-07  2.2784E+08  1.0432E+10
  1.9035E+02  3.8469E-04  4.1225E-07  2.2905E+08  1.0558E+10
  1.9177E+02  3.7874E-04  4.1590E-07  2.3028E+08  1.0685E+10
  1.9320E+02  3.7287E-04  4.1958E-07  2.3151E+08  1.0814E+10
  1.9465E+02  3.6708E-04  4.2328E-07  2.3275E+08  1.0944E+10
  1.9610E+02  3.6137E-04  4.2702E-07  2.3400E+08  1.1076E+10
  1.9756E+02  3.5574E-04  4.3079E-07  2.3526E+08  1.1210E+10
  1.9903E+02  3.5018E-04  4.3459E-07  2.3652E+08  1.1345E+10
  2.0051E+02  3.4470E-04  4.3842E-07  2.3780E+08  1.1482E+10
  2.0201E+02  3.3930E-04  4.4228E-07  2.3908E+08  1.1621E+10
  2.0351E+02  3.3397E-04  4.4617E-07  2.4037E+08  1.1761E+10
  2.0503E+02  3.2871E-04  4.5010E-07  2.4166E+08  1.1903E+10
  2.0655E+02  3.2353E-04  4.5405E-07  2.4297E+08  1.2047E+10
  2.0809E+02  3.1842E-04  4.5804E-07  2.4429E+08  1.2193E+10
  2.0964E+02  3.1337E-04  4.6207E-07  2.4561E+08  1.2341E+10
  2.1120E+02  3.0840E-04  4.6612E-07  2.4694E+08  1.2490E+10
  2.1277E+02  3.0350E-04  4.7022E-07  2.4828E+08  1.2641E+10
  2.1435E+02  2.9867E-04  4.7434E-07  2.4963E+08  1.2794E+10
  2.1595E+02  2.9390E-04  4.7850E-07  2.5099E+08  1.2950E+10
  2.1755E+02  2.8920E-04  4.8269E-07  2.5236E+08  1.3107E+10
  2.1917E+02  2.8457E-04  4.8692E-07  2.5374E+08  1.3266E+10
  2.2079E+02  2.8000E-04  4.9118E-07  2.5513E+08  1.3427E+10
  2.2243E+02  2.7549E-04  4.9548E-07  2.5652E+08  1.3590E+10
  2.2409E+02  2.7105E-04  4.9982E-07  2.5793E+08  1.3755E+10
  2.2575E+02  2.6668E-04  5.0419E-07  2.5934E+08  1.3922E+10
  2.2742E+02  2.6236E-04  5.0860E-07  2.6076E+08  1.4092E+10
  2.2911E+02  2.5811E-04  5.1305E-07  2.6220E+08  1.4263E+10
  2.3081E+02  2.5391E-04  5.1753E-07  2.6364E+08  1.4437E+10
  2.3252E+02  2.4978E-04  5.2205E-07  2.6509E+08  1.4613E+10
  2.3425E+02  2.4571E-04  5.2661E-07  2.6656E+08  1.4791E+10
  2.3598E+02  2.4169E-04  5.3121E-07  2.6803E+08  1.4971E+10
  2.3773E+02  2.3773E-04  5.3585E-07  2.6951E+08  1.5154E+10
  2.3949E+02  2.3383E-04  5.4052E-07  2.7101E+08  1.5339E+10
  2.4127E+02  2.2999E-04  5.4524E-07  2.7251E+08  1.5527E+10
  2.4306E+02  2.2620E-04  5.5000E-07  2.7402E+08  1.5717E+10
  2.4486E+02  2.2246E-04  5.5480E-07  2.7554E+08  1.5909E+10
  2.4667E+02  2.1878E-04  5.5964E-07  2.7708E+08  1.6104E+10
  2.4850E+02  2.1516E-04  5.6452E-07  2.7862E+08  1.6301E+10
  2.5033E+02  2.1159E-04  5.6944E-07  2.8018E+08  1.6501E+10
  2.5219E+02  2.0806E-04  5.7441E-07  2.8174E+08  1.6704E+10
  2.5405E+02  2.0459E-04  5.7942E-07  2.8332E+08  1.6909E+10
  2.5593E+02  2.0118E-04  5.8447E-07  2.8491E+08  1.7117E+10
  2.5782E+02  1.9781E-04  5.8956E-07  2.8651E+08  1.7328E+10
  2.5973E+02  1.9449E-04  5.9470E-07  2.8812E+08  1.7541E+10
  2.6165E+02  1.9122E-04  5.9989E-07  2.8974E+08  1.7757E+10
  2.6358E+02  1.8800E-04  6.0512E-07  2.9137E+08  1.7976E+10
  2.6553E+02  1.8483E-04  6.1039E-07  2.9301E+08  1.8198E+10
  2.6749E+02  1.8170E-04  6.1572E-07  2.9467E+08  1.8423E+10
  2.6947E+02  1.7862E-04  6.2108E-07  2.9633E+08  1.8651E+10
  2.7146E+02  1.7559E-04  6.2650E-07  2.9801E+08  1.8881E+10
  2.7347E+02  1.7260E-04  6.3196E-07  2.9970E+08  1.9115E+10
  2.7548E+02  1.6966E-04  6.3747E-07  3.0140E+08  1.9352E+10
  2.7752E+02  1.6677E-04  6.4303E-07  3.0312E+08  1.9592E+10
  2.7957E+02  1.6391E-04  6.4864E-07  3.0484E+08  1.9835E+10
  2.8163E+02  1.6110E-04  6.5430E-07  3.0658E+08  2.0082E+10
  2.8371E+02  1.5834E-04  6.6001E-07  3.0833E+08  2.0331E+10
  2.8580E+02  1.5561E-04  6.6577E-07  3.1009E+08  2.0584E+10
  2.8791E+02  1.5293E-04  6.7158E-07  3.1187E+08  2.0841E+10
  2.9003E+02  1.5029E-04  6.7744E-07  3.1366E+08  2.1101E+10
  2.9217E+02  1.4769E-04  6.8336E-07  3.1546E+08  2.1364E+10
  2.9432E+02  1.4512E-04  6.8933E-07  3.1727E+08  2.1631E+10
  2.9649E+02  1.4260E-04  6.9535E-07  3.1910E+08  2.1901E+10
  2.9868E+02  1.4012E-04  7.0142E-07  3.2094E+08  2.2175E+10
  3.0088E+02  1.3768E-04  7.0755E-07  3.2279E+08  2.2453E+10
  3.0309E+02  1.3527E-04  7.1374E-07  3.2465E+08  2.2734E+10
  3.0532E+02  1.3290E-04  7.1998E-07  3.2653E+08  2.3019E+10
  3.0757E+02  1.3057E-04  7.2627E-07  3.2843E+08  2.3309E+10
  3.0984E+02  1.2827E-04  7.3263E-07  3.3033E+08  2.3602E+10
  3.1212E+02  1.2601E-04  7.3904E-07  3.3225E+08  2.3899E+10
  3.1442E+02  1.2379E-04  7.4551E-07  3.3419E+08  2.4200E+10
  3.1673E+02  1.2160E-04  7.5204E-07  3.3613E+08  2.4505E+10
  3.1906E+02  1.1945E-04  7.5862E-07  3.3810E+08  2.4814E+10
  3.2141E+02  1.1733E-04  7.6527E-07  3.4007E+08  2.5128E+10
  3.2377E+02  1.1524E-04  7.7198E-07  3.4206E+08  2.5446E+10
  3.2615E+02  1.1319E-04  7.7875E-07  3.4407E+08  2.5768E+10
  3.2855E+02  1.1117E-04  7.8558E-07  3.4609E+08  2.6094E+10
  3.3097E+02  1.0919E-04  7.9248E-07  3.4812E+08  2.6425E+10
  3.3340E+02  1.0723E-04  7.9943E-07  3.5017E+08  2.6761E+10
  3.3585E+02  1.0531E-04  8.0645E-07  3.5224E+08  2.7101E+10
  3.3832E+02  1.0342E-04  8.1354E-07  3.5432E+08  2.7446E+10
  3.4080E+02  1.0155E-04  8.2069E-07  3.5641E+08  2.7795E+10
  3.4331E+02  9.9722E-05  8.2791E-07  3.5852E+08  2.8149E+10
  3.4583E+02  9.7921E-05  8.3519E-07  3.6065E+08  2.8508E+10
  3.4837E+02  9.6149E-05  8.4254E-07  3.6279E+08  2.8873E+10
  3.5093E+02  9.4405E-05  8.4996E-07  3.6495E+08  2.9242E+10
  3.5350E+02  9.2690E-05  8.5745E-07  3.6712E+08  2.9616E+10
  3.5610E+02  9.1004E-05  8.6501E-07  3.6931E+08  2.9996E+10
  3.5871E+02  8.9345E-05  8.7264E-07  3.7152E+08  3.0380E+10
  3.6135E+02  8.7714E-05  8.8034E-07  3.7374E+08  3.0771E+10
  3.6400E+02  8.6109E-05  8.8811E-07  3.7598E+08  3.1166E+10
  3.6667E+02  8.4532E-05  8.9595E-07  3.7823E+08  3.1567E+10
  3.6936E+02  8.2980E-05  9.0387E-07  3.8051E+08  3.1974E+10
  3.7207E+02  8.1455E-05  9.1186E-07  3.8280E+08  3.2386E+10
  3.7480E+02  7.9955E-05  9.1992E-07  3.8510E+08  3.2804E+10
  3.7755E+02  7.8481E-05  9.2807E-07  3.8743E+08  3.3228E+10
  3.8031E+02  7.7031E-05  9.3628E-07  3.8977E+08  3.3658E+10
  3.8310E+02  7.5606E-05  9.4458E-07  3.9213E+08  3.4094E+10
  3.8591E+02  7.4205E-05  9.5295E-07  3.9450E+08  3.4536E+10
  3.8874E+02  7.2827E-05  9.6140E-07  3.9690E+08  3.4984E+10
  3.9159E+02  7.1473E-05  9.6994E-07  3.9931E+08  3.5438E+10
  3.9446E+02  7.0142E-05  9.7855E-07  4.0174E+08  3.5899E+10
  3.9735E+02  6.8834E-05  9.8724E-07  4.0419E+08  3.6366E+10
  4.0026E+02  6.7548E-05  9.9602E-07  4.0666E+08  3.6840E+10
  4.0319E+02  6.6284E-05  1.0049E-06  4.0914E+08  3.7320E+10
  4.0614E+02  6.5042E-05  1.0138E-06  4.1165E+08  3.7807E+10
  4.0912E+02  6.3821E-05  1.0228E-06  4.1417E+08  3.8301E+10
  4.1211E+02  6.2621E-05  1.0320E-06  4.1672E+08  3.8803E+10
  4.1513E+02  6.1442E-05  1.0412E-06  4.1928E+08  3.9311E+10
  4.1817E+02  6.0284E-05  1.0504E-06  4.2186E+08  3.9827E+10
  4.2123E+02  5.9145E-05  1.0598E-06  4.2447E+08  4.0349E+10
  4.2431E+02  5.8027E-05  1.0693E-06  4.2709E+08  4.0879E+10
  4.2742E+02  5.6928E-05  1.0788E-06  4.2973E+08  4.1417E+10
  4.3054E+02  5.5849E-05  1.0885E-06  4.3239E+08  4.1962E+10
  4.3369E+02  5.4788E-05  1.0982E-06  4.3508E+08  4.2515E+10
  4.3687E+02  5.3746E-05  1.1081E-06  4.3778E+08  4.3076E+10
  4.4006E+02  5.2723E-05  1.1180E-06  4.4050E+08  4.3645E+10
  4.4328E+02  5.1717E-05  1.1280E-06  4.4325E+08  4.4222E+10
  4.4652E+02  5.0730E-05  1.1381E-06  4.4602E+08  4.4807E+10
  4.4979E+02  4.9760E-05  1.1483E-06  4.4880E+08  4.5400E+10
  4.5308E+02  4.8807E-05  1.1587E-06  4.5161E+08  4.6002E+10
  4.5639E+02  4.7871E-05  1.1691E-06  4.5444E+08  4.6613E+10
  4.5972E+02  4.6952E-05  1.1796E-06  4.5730E+08  4.7232E+10
  4.6308E+02  4.6049E-05  1.1902E-06  4.6017E+08  4.7860E+10
  4.6647E+02  4.5163E-05  1.2009E-06  4.6307E+08  4.8497E+10
  4.6988E+02  4.4292E-05  1.2117E-06  4.6599E+08  4.9143E+10
  4.7331E+02  4.3438E-05  1.2227E-06  4.6893E+08  4.9799E+10
  4.7677E+02  4.2598E-05  1.2337E-06  4.7190E+08  5.0464E+10
  4.8025E+02  4.1774E-05  1.2448E-06  4.7489E+08  5.1138E+10
  4.8376E+02  4.0965E-05  1.2561E-06  4.7790E+08  5.1822E+10
  4.8729E+02  4.0171E-05  1.2674E-06  4.8094E+08  5.2516E+10
  4.9085E+02  3.9391E-05  1.2789E-06  4.8400E+08  5.3220E+10
  4.9443E+02  3.8625E-05  1.2904E-06  4.8708E+08  5.3934E+10
  4.9804E+02  3.7874E-05  1.3021E-06  4.9019E+08  5.4658E+10
  5.0168E+02  3.7136E-05  1.3139E-06  4.9332E+08  5.5392E+10
  5.0534E+02  3.6412E-05  1.3258E-06  4.9648E+08  5.6137E+10
  5.0903E+02  3.5701E-05  1.3378E-06  4.9966E+08  5.6893E+10
  5.1275E+02  3.5003E-05  1.3500E-06  5.0287E+08  5.7660E+10
  5.1649E+02  3.4318E-05  1.3622E-06  5.0610E+08  5.8438E+10
  5.2026E+02  3.3646E-05  1.3746E-06  5.0936E+08  5.9227E+10
  5.2405E+02  3.2986E-05  1.3871E-06  5.1264E+08  6.0027E+10
  5.2788E+02  3.2339E-05  1.3997E-06  5.1595E+08  6.0839E+10
  5.3173E+02  3.1704E-05  1.4125E-06  5.1929E+08  6.1663E+10
  5.3560E+02  3.1080E-05  1.4253E-06  5.2265E+08  6.2499E+10
  5.3951E+02  3.0469E-05  1.4383E-06  5.2604E+08  6.3346E+10
  5.4345E+02  2.9868E-05  1.4515E-06  5.2946E+08  6.4206E+10
  5.4741E+02  2.9279E-05  1.4647E-06  5.3290E+08  6.5078E+10
  5.5140E+02  2.8702E-05  1.4781E-06  5.3637E+08  6.5963E+10
  5.5542E+02  2.8135E-05  1.4916E-06  5.3987E+08  6.6860E+10
  5.5947E+02  2.7578E-05  1.5052E-06  5.4339E+08  6.7770E+10
  5.6355E+02  2.7033E-05  1.5190E-06  5.4695E+08  6.8694E+10
  5.6765E+02  2.6497E-05  1.5329E-06  5.5053E+08  6.9631E+10
  5.7179E+02  2.5972E-05  1.5469E-06  5.5414E+08  7.0582E+10
  5.7596E+02  2.5457E-05  1.5611E-06  5.5779E+08  7.1546E+10
  5.8016E+02  2.4951E-05  1.5754E-06  5.6145E+08  7.2525E+10
  5.8438E+02  2.4455E-05  1.5898E-06  5.6515E+08  7.3517E+10
  5.8864E+02  2.3969E-05  1.6044E-06  5.6888E+08  7.4524E+10
  5.9293E+02  2.3492E-05  1.6191E-06  5.7264E+08  7.5545E+10
  5.9725E+02  2.3025E-05  1.6340E-06  5.7643E+08  7.6581E+10
  6.0160E+02  2.2566E-05  1.6490E-06  5.8025E+08  7.7632E+10
  6.0598E+02  2.2116E-05  1.6642E-06  5.8410E+08  7.8698E+10
  6.1039E+02  2.1675E-05  1.6795E-06  5.8799E+08  7.9779E+10
  6.1484E+02  2.1242E-05  1.6949E-06  5.9190E+08  8.0876E+10
  6.1931E+02  2.0818E-05  1.7105E-06  5.9584E+08  8.1989E+10
  6.2382E+02  2.0402E-05  1.7263E-06  5.9982E+08  8.3119E+10
  6.2836E+02  1.9994E-05  1.7422E-06  6.0383E+08  8.4265E+10
  6.3294E+02  1.9594E-05  1.7583E-06  6.0787E+08  8.5427E+10
  6.3755E+02  1.9201E-05  1.7745E-06  6.1195E+08  8.6606E+10
  6.4219E+02  1.8817E-05  1.7909E-06  6.1606E+08  8.7802E+10
  6.4686E+02  1.8440E-05  1.8074E-06  6.2020E+08  8.9015E+10
  6.5157E+02  1.8070E-05  1.8241E-06  6.2437E+08  9.0246E+10
  6.5631E+02  1.7708E-05  1.8409E-06  6.2858E+08  9.1494E+10
  6.6108E+02  1.7352E-05  1.8580E-06  6.3283E+08  9.2761E+10
  6.6589E+02  1.7004E-05  1.8751E-06  6.3710E+08  9.4045E+10
  6.7074E+02  1.6662E-05  1.8925E-06  6.4142E+08  9.5349E+10
  6.7562E+02  1.6328E-05  1.9100E-06  6.4577E+08  9.6671E+10
  6.8053E+02  1.5999E-05  1.9277E-06  6.5015E+08  9.8013E+10
  6.8548E+02  1.5678E-05  1.9455E-06  6.5457E+08  9.9374E+10
  6.9047E+02  1.5362E-05  1.9636E-06  6.5903E+08  1.0075E+11
  6.9549E+02  1.5053E-05  1.9818E-06  6.6352E+08  1.0215E+11
  7.0055E+02  1.4751E-05  2.0001E-06  6.6805E+08  1.0357E+11
  7.0564E+02  1.4454E-05  2.0187E-06  6.7262E+08  1.0502E+11
  7.1077E+02  1.4163E-05  2.0374E-06  6.7722E+08  1.0648E+11
  7.1594E+02  1.3878E-05  2.0563E-06  6.8187E+08  1.0796E+11
  7.2114E+02  1.3598E-05  2.0754E-06  6.8655E+08  1.0946E+11
  7.2639E+02  1.3324E-05  2.0947E-06  6.9127E+08  1.1099E+11
  7.3167E+02  1.3056E-05  2.1142E-06  6.9603E+08  1.1254E+11
  7.3698E+02  1.2793E-05  2.1338E-06  7.0083E+08  1.1411E+11
  7.4234E+02  1.2535E-05  2.1537E-06  7.0566E+08  1.1570E+11
  7.4773E+02  1.2282E-05  2.1737E-06  7.1054E+08  1.1731E+11
  7.5317E+02  1.2035E-05  2.1939E-06  7.1546E+08  1.1895E+11
  7.5864E+02  1.1792E-05  2.2143E-06  7.2042E+08  1.2061E+11
  7.6415E+02  1.1555E-05  2.2349E-06  7.2542E+08  1.2230E+11
  7.6970E+02  1.1322E-05  2.2557E-06  7.3047E+08  1.2401E+11
  7.7530E+02  1.1094E-05  2.2767E-06  7.3555E+08  1.2574E+11
  7.8093E+02  1.0870E-05  2.2979E-06  7.4068E+08  1.2750E+11
  7.8660E+02  1.0651E-05  2.3193E-06  7.4585E+08  1.2929E+11
  7.9231E+02  1.0437E-05  2.3409E-06  7.5106E+08  1.3110E+11
  7.9807E+02  1.0226E-05  2.3627E-06  7.5632E+08  1.3293E+11
  8.0387E+02  1.0020E-05  2.3847E-06  7.6162E+08  1.3479E+11
  8.0970E+02  9.8185E-06  2.4069E-06  7.6696E+08  1.3668E+11
  8.1558E+02  9.6208E-06  2.4294E-06  7.7235E+08  1.3860E+11
  8.2151E+02  9.4271E-06  2.4520E-06  7.7779E+08  1.4054E+11
  8.2747E+02  9.2374E-06  2.4749E-06  7.8327E+08  1.4251E+11
  8.3348E+02  9.0515E-06  2.4980E-06  7.8879E+08  1.4451E+11
  8.3953E+02  8.8694E-06  2.5212E-06  7.9436E+08  1.4653E+11
  8.4562E+02  8.6910E-06  2.5448E-06  7.9998E+08  1.4859E+11
  8.5176E+02  8.5162E-06  2.5685E-06  8.0565E+08  1.5067E+11
  8.5795E+02  8.3451E-06  2.5924E-06  8.1136E+08  1.5279E+11
  8.6417E+02  8.1774E-06  2.6166E-06  8.1713E+08  1.5493E+11
  8.7044E+02  8.0132E-06  2.6410E-06  8.2294E+08  1.5710E+11
  8.7676E+02  7.8524E-06  2.6656E-06  8.2880E+08  1.5931E+11
  8.8312E+02  7.6948E-06  2.6905E-06  8.3471E+08  1.6154E+11
  8.8953E+02  7.5404E-06  2.7156E-06  8.4067E+08  1.6381E+11
  8.9599E+02  7.3892E-06  2.7409E-06  8.4668E+08  1.6611E+11
  9.0249E+02  7.2411E-06  2.7665E-06  8.5274E+08  1.6844E+11
  9.0904E+02  7.0961E-06  2.7923E-06  8.5885E+08  1.7081E+11
  9.1563E+02  6.9540E-06  2.8183E-06  8.6502E+08  1.7321E+11
  9.2227E+02  6.8149E-06  2.8446E-06  8.7123E+08  1.7564E+11
  9.2896E+02  6.6786E-06  2.8711E-06  8.7750E+08  1.7810E+11
  9.3570E+02  6.5452E-06  2.8979E-06  8.8382E+08  1.8060E+11
  9.4249E+02  6.4144E-06  2.9249E-06  8.9020E+08  1.8313E+11
  9.4933E+02  6.2864E-06  2.9521E-06  8.9663E+08  1.8571E+11
  9.5621E+02  6.1610E-06  2.9797E-06  9.0312E+08  1.8831E+11
  9.6315E+02  6.0382E-06  3.0074E-06  9.0966E+08  1.9096E+11
  9.7013E+02  5.9179E-06  3.0354E-06  9.1625E+08  1.9364E+11
  9.7717E+02  5.8001E-06  3.0637E-06  9.2291E+08  1.9635E+11
  9.8425E+02  5.6848E-06  3.0922E-06  9.2961E+08  1.9910E+11
  9.9139E+02  5.5718E-06  3.1210E-06  9.3638E+08  2.0190E+11
  9.9858E+02  5.4611E-06  3.1501E-06  9.4321E+08  2.0473E+11
  1.0058E+03  5.3528E-06  3.1794E-06  9.5009E+08  2.0760E+11
  1.0131E+03  5.2466E-06  3.2090E-06  9.5703E+08  2.1051E+11
  1.0205E+03  5.1427E-06  3.2388E-06  9.6403E+08  2.1346E+11
  1.0278E+03  5.0409E-06  3.2689E-06  9.7109E+08  2.1645E+11
  1.0353E+03  4.9413E-06  3.2993E-06  9.7821E+08  2.1948E+11
  1.0428E+03  4.8436E-06  3.3300E-06  9.8540E+08  2.2255E+11
  1.0504E+03  4.7481E-06  3.3609E-06  9.9264E+08  2.2567E+11
  1.0580E+03  4.6544E-06  3.3921E-06  9.9995E+08  2.2882E+11
  1.0656E+03  4.5627E-06  3.4236E-06  1.0073E+09  2.3203E+11
  1.0734E+03  4.4729E-06  3.4553E-06  1.0148E+09  2.3527E+11
  1.0811E+03  4.3850E-06  3.4874E-06  1.0223E+09  2.3856E+11
  1.0890E+03  4.2989E-06  3.5197E-06  1.0298E+09  2.4190E+11
  1.0969E+03  4.2146E-06  3.5524E-06  1.0374E+09  2.4527E+11
  1.1048E+03  4.1320E-06  3.5853E-06  1.0451E+09  2.4870E+11
  1.1128E+03  4.0511E-06  3.6185E-06  1.0529E+09  2.5217E+11
  1.1209E+03  3.9719E-06  3.6520E-06  1.0607E+09  2.5569E+11
  1.1290E+03  3.8943E-06  3.6857E-06  1.0686E+09  2.5926E+11
  1.1372E+03  3.8184E-06  3.7198E-06  1.0766E+09  2.6287E+11
  1.1454E+03  3.7440E-06  3.7542E-06  1.0846E+09  2.6653E+11
  1.1537E+03  3.6712E-06  3.7889E-06  1.0927E+09  2.7024E+11
  1.1621E+03  3.5998E-06  3.8239E-06  1.1009E+09  2.7400E+11
  1.1705E+03  3.5299E-06  3.8592E-06  1.1091E+09  2.7782E+11
  1.1790E+03  3.4615E-06  3.8947E-06  1.1174E+09  2.8168E+11
  1.1875E+03  3.3945E-06  3.9306E-06  1.1258E+09  2.8560E+11
  1.1961E+03  3.3289E-06  3.9669E-06  1.1343E+09  2.8957E+11
  1.2048E+03  3.2646E-06  4.0034E-06  1.1428E+09  2.9358E+11
  1.2135E+03  3.2017E-06  4.0402E-06  1.1514E+09  2.9765E+11
  1.2223E+03  3.1400E-06  4.0774E-06  1.1601E+09  3.0178E+11
  1.2311E+03  3.0796E-06  4.1148E-06  1.1689E+09  3.0596E+11
  1.2400E+03  3.0205E-06  4.1526E-06  1.1777E+09  3.1020E+11
  1.2490E+03  2.9626E-06  4.1907E-06  1.1866E+09  3.1450E+11
  1.2581E+03  2.9059E-06  4.2291E-06  1.1956E+09  3.1884E+11
  1.2672E+03  2.8503E-06  4.2679E-06  1.2047E+09  3.2325E+11
  1.2763E+03  2.7959E-06  4.3070E-06  1.2138E+09  3.2771E+11
  1.2856E+03  2.7426E-06  4.3464E-06  1.2230E+09  3.3223E+11
  1.2949E+03  2.6904E-06  4.3861E-06  1.2323E+09  3.3681E+11
  1.3043E+03  2.6393E-06  4.4262E-06  1.2417E+09  3.4146E+11
  1.3137E+03  2.5893E-06  4.4666E-06  1.2512E+09  3.4616E+11
  1.3232E+03  2.5403E-06  4.5074E-06  1.2608E+09  3.5092E+11
  1.3328E+03  2.4922E-06  4.5484E-06  1.2704E+09  3.5574E+11
  1.3424E+03  2.4452E-06  4.5899E-06  1.2801E+09  3.6062E+11
  1.3522E+03  2.3991E-06  4.6316E-06  1.2899E+09  3.6558E+11
  1.3619E+03  2.3540E-06  4.6737E-06  1.2998E+09  3.7059E+11
  1.3718E+03  2.3098E-06  4.7162E-06  1.3098E+09  3.7566E+11
  1.3817E+03  2.2665E-06  4.7590E-06  1.3199E+09  3.8080E+11
  1.3917E+03  2.2240E-06  4.8021E-06  1.3300E+09  3.8601E+11
  1.4018E+03  2.1825E-06  4.8456E-06  1.3403E+09  3.9128E+11
  1.4119E+03  2.1418E-06  4.8895E-06  1.3506E+09  3.9663E+11
  1.4222E+03  2.1019E-06  4.9337E-06  1.3610E+09  4.0204E+11
  1.4324E+03  2.0629E-06  4.9782E-06  1.3716E+09  4.0751E+11
  1.4428E+03  2.0246E-06  5.0232E-06  1.3822E+09  4.1305E+11
  1.4532E+03  1.9871E-06  5.0685E-06  1.3929E+09  4.1867E+11
  1.4638E+03  1.9504E-06  5.1141E-06  1.4037E+09  4.2436E+11
  1.4743E+03  1.9144E-06  5.1601E-06  1.4146E+09  4.3012E+11
  1.4850E+03  1.8792E-06  5.2065E-06  1.4256E+09  4.3594E+11
  1.4958E+03  1.8446E-06  5.2532E-06  1.4367E+09  4.4184E+11
  1.5066E+03  1.8108E-06  5.3003E-06  1.4479E+09  4.4781E+11
  1.5175E+03  1.7776E-06  5.3478E-06  1.4591E+09  4.5387E+11
  1.5284E+03  1.7452E-06  5.3956E-06  1.4705E+09  4.6000E+11
  1.5395E+03  1.7134E-06  5.4439E-06  1.4820E+09  4.6620E+11
  1.5506E+03  1.6822E-06  5.4925E-06  1.4936E+09  4.7247E+11
  1.5618E+03  1.6516E-06  5.5414E-06  1.5053E+09  4.7882E+11
  1.5731E+03  1.6217E-06  5.5908E-06  1.5171E+09  4.8525E+11
  1.5845E+03  1.5924E-06  5.6405E-06  1.5290E+09  4.9177E+11
  1.5960E+03  1.5636E-06  5.6906E-06  1.5410E+09  4.9835E+11
  1.6075E+03  1.5355E-06  5.7411E-06  1.5531E+09  5.0502E+11
  1.6191E+03  1.5079E-06  5.7920E-06  1.5654E+09  5.1176E+11
  1.6309E+03  1.4808E-06  5.8433E-06  1.5777E+09  5.1860E+11
  1.6426E+03  1.4543E-06  5.8950E-06  1.5901E+09  5.2552E+11
  1.6545E+03  1.4283E-06  5.9470E-06  1.6027E+09  5.3252E+11
  1.6665E+03  1.4029E-06  5.9994E-06  1.6154E+09  5.3959E+11
  1.6785E+03  1.3779E-06  6.0523E-06  1.6281E+09  5.4675E+11
  1.6907E+03  1.3535E-06  6.1055E-06  1.6410E+09  5.5401E+11
  1.7029E+03  1.3295E-06  6.1591E-06  1.6540E+09  5.6135E+11
  1.7152E+03  1.3060E-06  6.2132E-06  1.6672E+09  5.6877E+11
  1.7276E+03  1.2830E-06  6.2676E-06  1.6804E+09  5.7628E+11
  1.7401E+03  1.2604E-06  6.3224E-06  1.6938E+09  5.8388E+11
  1.7527E+03  1.2383E-06  6.3776E-06  1.7072E+09  5.9157E+11
  1.7653E+03  1.2166E-06  6.4332E-06  1.7208E+09  5.9936E+11
  1.7781E+03  1.1954E-06  6.4893E-06  1.7346E+09  6.0722E+11
  1.7909E+03  1.1745E-06  6.5457E-06  1.7484E+09  6.1518E+11
  1.8039E+03  1.1541E-06  6.6026E-06  1.7624E+09  6.2323E+11
  1.8169E+03  1.1341E-06  6.6598E-06  1.7765E+09  6.3139E+11
  1.8301E+03  1.1144E-06  6.7175E-06  1.7907E+09  6.3964E+11
  1.8433E+03  1.0952E-06  6.7755E-06  1.8050E+09  6.4796E+11
  1.8566E+03  1.0763E-06  6.8340E-06  1.8195E+09  6.5639E+11
  1.8700E+03  1.0578E-06  6.8929E-06  1.8341E+09  6.6493E+11
  1.8835E+03  1.0397E-06  6.9523E-06  1.8489E+09  6.7356E+11
  1.8972E+03  1.0219E-06  7.0120E-06  1.8637E+09  6.8228E+11
  1.9109E+03  1.0044E-06  7.0721E-06  1.8788E+09  6.9109E+11
  1.9247E+03  9.8732E-07  7.1327E-06  1.8939E+09  7.0002E+11
  1.9386E+03  9.7055E-07  7.1937E-06  1.9092E+09  7.0906E+11
  1.9526E+03  9.5410E-07  7.2551E-06  1.9246E+09  7.1818E+11
  1.9667E+03  9.3796E-07  7.3169E-06  1.9401E+09  7.2739E+11
  1.9809E+03  9.2214E-07  7.3792E-06  1.9558E+09  7.3672E+11
  1.9952E+03  9.0661E-07  7.4419E-06  1.9717E+09  7.4617E+11
  2.0096E+03  8.9139E-07  7.5050E-06  1.9877E+09  7.5571E+11
  2.0242E+03  8.7647E-07  7.5685E-06  2.0038E+09  7.6533E+11
  2.0388E+03  8.6182E-07  7.6324E-06  2.0201E+09  7.7508E+11
  2.0535E+03  8.4745E-07  7.6968E-06  2.0365E+09  7.8495E+11
  2.0683E+03  8.3336E-07  7.7616E-06  2.0530E+09  7.9492E+11
  2.0833E+03  8.1954E-07  7.8269E-06  2.0698E+09  8.0497E+11
  2.0983E+03  8.0597E-07  7.8926E-06  2.0866E+09  8.1516E+11
  2.1135E+03  7.9266E-07  7.9587E-06  2.1036E+09  8.2546E+11
  2.1288E+03  7.7961E-07  8.0252E-06  2.1208E+09  8.3586E+11
  2.1441E+03  7.6681E-07  8.0922E-06  2.1382E+09  8.4636E+11
  2.1596E+03  7.5424E-07  8.1596E-06  2.1556E+09  8.5699E+11
  2.1752E+03  7.4190E-07  8.2274E-06  2.1733E+09  8.6775E+11
  2.1909E+03  7.2981E-07  8.2957E-06  2.1911E+09  8.7859E+11
  2.2068E+03  7.1794E-07  8.3644E-06  2.2091E+09  8.8954E+11
  2.2227E+03  7.0628E-07  8.4336E-06  2.2272E+09  9.0064E+11
  2.2388E+03  6.9485E-07  8.5032E-06  2.2455E+09  9.1185E+11
  2.2549E+03  6.8363E-07  8.5732E-06  2.2640E+09  9.2315E+11
  2.2712E+03  6.7262E-07  8.6437E-06  2.2826E+09  9.3457E+11
  2.2876E+03  6.6181E-07  8.7146E-06  2.3014E+09  9.4615E+11
  2.3041E+03  6.5120E-07  8.7859E-06  2.3204E+09  9.5782E+11
  2.3208E+03  6.4079E-07  8.8577E-06  2.3395E+09  9.6959E+11
  2.3375E+03  6.3057E-07  8.9300E-06  2.3588E+09  9.8151E+11
  2.3544E+03  6.2053E-07  9.0026E-06  2.3783E+09  9.9357E+11
  2.3714E+03  6.1068E-07  9.0758E-06  2.3980E+09  1.0057E+12
  2.3885E+03  6.0101E-07  9.1493E-06  2.4179E+09  1.0180E+12
  2.4058E+03  5.9151E-07  9.2233E-06  2.4379E+09  1.0304E+12
  2.4232E+03  5.8219E-07  9.2978E-06  2.4581E+09  1.0430E+12
  2.4407E+03  5.7305E-07  9.3727E-06  2.4785E+09  1.0556E+12
  2.4583E+03  5.6406E-07  9.4480E-06  2.4991E+09  1.0684E+12
  2.4760E+03  5.5523E-07  9.5238E-06  2.5199E+09  1.0813E+12
  2.4939E+03  5.4657E-07  9.6000E-06  2.5409E+09  1.0943E+12
  2.5119E+03  5.3806E-07  9.6767E-06  2.5620E+09  1.1075E+12
  2.5300E+03  5.2970E-07  9.7538E-06  2.5834E+09  1.1208E+12
  2.5483E+03  5.2149E-07  9.8314E-06  2.6049E+09  1.1342E+12
  2.5667E+03  5.1343E-07  9.9094E-06  2.6267E+09  1.1478E+12
  2.5852E+03  5.0551E-07  9.9878E-06  2.6486E+09  1.1615E+12
  2.6039E+03  4.9773E-07  1.0067E-05  2.6708E+09  1.1753E+12
  2.6227E+03  4.9010E-07  1.0146E-05  2.6931E+09  1.1892E+12
  2.6416E+03  4.8259E-07  1.0226E-05  2.7157E+09  1.2033E+12
  2.6607E+03  4.7521E-07  1.0306E-05  2.7385E+09  1.2176E+12
  2.6799E+03  4.6797E-07  1.0387E-05  2.7614E+09  1.2319E+12
  2.6993E+03  4.6086E-07  1.0468E-05  2.7846E+09  1.2464E+12
  2.7187E+03  4.5386E-07  1.0550E-05  2.8080E+09  1.2611E+12
  2.7384E+03  4.4699E-07  1.0632E-05  2.8316E+09  1.2758E+12
  2.7581E+03  4.4024E-07  1.0714E-05  2.8555E+09  1.2907E+12
  2.7780E+03  4.3361E-07  1.0797E-05  2.8795E+09  1.3058E+12
  2.7981E+03  4.2709E-07  1.0880E-05  2.9038E+09  1.3209E+12
  2.8183E+03  4.2068E-07  1.0964E-05  2.9283E+09  1.3362E+12
  2.8386E+03  4.1438E-07  1.1048E-05  2.9530E+09  1.3517E+12
  2.8591E+03  4.0819E-07  1.1133E-05  2.9780E+09  1.3673E+12
  2.8798E+03  4.0211E-07  1.1218E-05  3.0032E+09  1.3830E+12
