  5.000E-02  7.518E-02  1.003E+04 -7.130E+01  1.000E+04  2.631E-08  1.000E+00
  1.004E-01  1.257E-01  9.061E+02 -1.972E+02  1.000E+04  2.378E-09  1.000E+00
  1.511E-01  1.766E-01  2.527E+02 -3.188E+02  1.000E+04  6.631E-10  1.000E+00
  2.022E-01  2.279E-01  9.954E+01 -4.567E+02  1.000E+04  2.612E-10  1.000E+00
  2.536E-01  2.795E-01  4.870E+01 -5.922E+02  1.000E+04  1.278E-10  1.000E+00
  3.055E-01  3.316E-01  2.822E+01 -6.898E+02  1.000E+04  7.406E-11  1.000E+00
  3.577E-01  3.839E-01  1.933E+01 -7.169E+02  1.000E+04  5.072E-11  1.000E+00
  4.102E-01  4.367E-01  1.500E+01 -6.985E+02  3.635E+05  3.937E-11  1.000E+00
  4.632E-01  4.898E-01  1.220E+01 -6.660E+02  1.954E+06  3.348E-09  3.030E+04
  5.165E-01  5.434E-01  1.056E+01 -6.143E+02  4.245E+06  1.050E-08  1.972E+05
  5.702E-01  5.973E-01  9.595E+00 -5.602E+02  5.583E+06  1.325E-08  3.415E+05
  6.243E-01  6.516E-01  8.641E+00 -5.214E+02  6.653E+06  1.453E-08  4.938E+05
  6.788E-01  7.063E-01  7.806E+00 -4.897E+02  7.544E+06  1.506E-08  6.534E+05
  7.337E-01  7.614E-01  7.084E+00 -4.629E+02  8.307E+06  1.515E-08  8.210E+05
  7.890E-01  8.168E-01  6.459E+00 -4.397E+02  8.974E+06  1.499E-08  9.969E+05
  8.447E-01  8.727E-01  5.917E+00 -4.194E+02  9.566E+06  1.468E-08  1.181E+06
  9.008E-01  9.290E-01  5.442E+00 -4.014E+02  1.010E+07  1.428E-08  1.374E+06
  9.573E-01  9.857E-01  5.024E+00 -3.853E+02  1.058E+07  1.383E-08  1.576E+06
  1.014E+00  1.043E+00  4.655E+00 -3.708E+02  1.102E+07  1.336E-08  1.787E+06
  1.071E+00  1.100E+00  4.326E+00 -3.577E+02  1.142E+07  1.289E-08  2.007E+06
  1.129E+00  1.158E+00  4.033E+00 -3.457E+02  1.179E+07  1.241E-08  2.236E+06
  1.187E+00  1.217E+00  3.769E+00 -3.347E+02  1.214E+07  1.195E-08  2.474E+06
  1.246E+00  1.275E+00  3.532E+00 -3.245E+02  1.246E+07  1.150E-08  2.721E+06
  1.305E+00  1.335E+00  3.317E+00 -3.151E+02  1.276E+07  1.107E-08  2.977E+06
  1.364E+00  1.394E+00  3.121E+00 -3.064E+02  1.304E+07  1.065E-08  3.243E+06
  1.424E+00  1.454E+00  2.944E+00 -2.983E+02  1.330E+07  1.025E-08  3.517E+06
  1.484E+00  1.515E+00  2.781E+00 -2.907E+02  1.355E+07  9.868E-09  3.801E+06
  1.545E+00  1.576E+00  2.632E+00 -2.836E+02  1.379E+07  9.504E-09  4.095E+06
  1.606E+00  1.637E+00  2.495E+00 -2.769E+02  1.402E+07  9.158E-09  4.397E+06
  1.668E+00  1.699E+00  2.368E+00 -2.706E+02  1.423E+07  8.828E-09  4.709E+06
  1.730E+00  1.761E+00  2.251E+00 -2.646E+02  1.443E+07  8.514E-09  5.031E+06
  1.792E+00  1.824E+00  2.143E+00 -2.590E+02  1.463E+07  8.215E-09  5.362E+06
  1.855E+00  1.887E+00  2.043E+00 -2.536E+02  1.482E+07  7.931E-09  5.702E+06
  1.918E+00  1.950E+00  1.950E+00 -2.485E+02  1.499E+07  7.661E-09  6.052E+06
  1.982E+00  2.014E+00  1.863E+00 -2.437E+02  1.517E+07  7.403E-09  6.412E+06
  2.046E+00  2.079E+00  1.781E+00 -2.391E+02  1.533E+07  7.158E-09  6.782E+06
  2.111E+00  2.144E+00  1.705E+00 -2.346E+02  1.549E+07  6.925E-09  7.161E+06
  2.176E+00  2.209E+00  1.634E+00 -2.304E+02  1.564E+07  6.702E-09  7.551E+06
  2.242E+00  2.275E+00  1.568E+00 -2.264E+02  1.579E+07  6.490E-09  7.950E+06
  2.308E+00  2.342E+00  1.505E+00 -2.225E+02  1.593E+07  6.287E-09  8.359E+06
  2.375E+00  2.408E+00  1.446E+00 -2.187E+02  1.607E+07  6.094E-09  8.778E+06
  2.442E+00  2.476E+00  1.391E+00 -2.152E+02  1.621E+07  5.910E-09  9.208E+06
  2.510E+00  2.544E+00  1.338E+00 -2.117E+02  1.634E+07  5.734E-09  9.648E+06
  2.578E+00  2.612E+00  1.289E+00 -2.084E+02  1.646E+07  5.565E-09  1.010E+07
  2.646E+00  2.681E+00  1.242E+00 -2.051E+02  1.659E+07  5.404E-09  1.056E+07
  2.715E+00  2.750E+00  1.198E+00 -2.020E+02  1.671E+07  5.250E-09  1.103E+07
  2.785E+00  2.820E+00  1.156E+00 -1.990E+02  1.683E+07  5.102E-09  1.151E+07
  2.855E+00  2.890E+00  1.117E+00 -1.961E+02  1.694E+07  4.961E-09  1.200E+07
  2.925E+00  2.961E+00  1.079E+00 -1.933E+02  1.705E+07  4.825E-09  1.251E+07
  2.996E+00  3.032E+00  1.043E+00 -1.906E+02  1.716E+07  4.695E-09  1.302E+07
  3.068E+00  3.104E+00  1.009E+00 -1.879E+02  1.727E+07  4.570E-09  1.355E+07
  3.140E+00  3.176E+00  9.766E-01 -1.854E+02  1.738E+07  4.451E-09  1.408E+07
  3.213E+00  3.249E+00  9.458E-01 -1.829E+02  1.748E+07  4.336E-09  1.463E+07
  3.286E+00  3.323E+00  9.163E-01 -1.804E+02  1.758E+07  4.225E-09  1.519E+07
  3.359E+00  3.397E+00  8.882E-01 -1.781E+02  1.768E+07  4.119E-09  1.576E+07
  3.434E+00  3.471E+00  8.614E-01 -1.758E+02  1.778E+07  4.017E-09  1.634E+07
  3.508E+00  3.546E+00  8.358E-01 -1.735E+02  1.788E+07  3.919E-09  1.693E+07
  3.584E+00  3.622E+00  8.113E-01 -1.713E+02  1.797E+07  3.825E-09  1.754E+07
  3.659E+00  3.698E+00  7.878E-01 -1.692E+02  1.807E+07  3.734E-09  1.815E+07
  3.736E+00  3.774E+00  7.653E-01 -1.671E+02  1.816E+07  3.646E-09  1.878E+07
  3.813E+00  3.851E+00  7.438E-01 -1.651E+02  1.825E+07  3.562E-09  1.942E+07
  3.890E+00  3.929E+00  7.232E-01 -1.631E+02  1.834E+07  3.480E-09  2.008E+07
  3.968E+00  4.007E+00  7.034E-01 -1.612E+02  1.843E+07  3.402E-09  2.074E+07
  4.047E+00  4.086E+00  6.844E-01 -1.593E+02  1.852E+07  3.326E-09  2.142E+07
  4.126E+00  4.166E+00  6.661E-01 -1.574E+02  1.861E+07  3.253E-09  2.211E+07
  4.206E+00  4.246E+00  6.486E-01 -1.556E+02  1.870E+07  3.182E-09  2.282E+07
  4.286E+00  4.326E+00  6.317E-01 -1.539E+02  1.879E+07  3.114E-09  2.353E+07
  4.367E+00  4.407E+00  6.155E-01 -1.521E+02  1.888E+07  3.048E-09  2.426E+07
  4.448E+00  4.489E+00  5.999E-01 -1.504E+02  1.896E+07  2.984E-09  2.500E+07
  4.530E+00  4.571E+00  5.848E-01 -1.488E+02  1.905E+07  2.922E-09  2.576E+07
  4.613E+00  4.654E+00  5.704E-01 -1.471E+02  1.913E+07  2.863E-09  2.653E+07
  4.696E+00  4.738E+00  5.564E-01 -1.455E+02  1.922E+07  2.805E-09  2.731E+07
  4.780E+00  4.822E+00  5.429E-01 -1.440E+02  1.930E+07  2.749E-09  2.811E+07
  4.864E+00  4.907E+00  5.299E-01 -1.424E+02  1.939E+07  2.695E-09  2.892E+07
  4.949E+00  4.992E+00  5.174E-01 -1.409E+02  1.947E+07  2.642E-09  2.975E+07
  5.035E+00  5.078E+00  5.052E-01 -1.394E+02  1.955E+07  2.592E-09  3.059E+07
  5.121E+00  5.165E+00  4.935E-01 -1.379E+02  1.964E+07  2.542E-09  3.144E+07
  5.208E+00  5.252E+00  4.822E-01 -1.365E+02  1.972E+07  2.495E-09  3.231E+07
  5.295E+00  5.340E+00  4.713E-01 -1.351E+02  1.980E+07  2.448E-09  3.319E+07
  5.384E+00  5.428E+00  4.607E-01 -1.337E+02  1.988E+07  2.403E-09  3.409E+07
  5.472E+00  5.517E+00  4.505E-01 -1.324E+02  1.997E+07  2.360E-09  3.501E+07
  5.562E+00  5.607E+00  4.406E-01 -1.310E+02  2.005E+07  2.317E-09  3.594E+07
  5.652E+00  5.697E+00  4.310E-01 -1.297E+02  2.013E+07  2.276E-09  3.688E+07
  5.743E+00  5.788E+00  4.217E-01 -1.284E+02  2.021E+07  2.236E-09  3.784E+07
  5.834E+00  5.880E+00  4.127E-01 -1.271E+02  2.030E+07  2.197E-09  3.882E+07
  5.926E+00  5.972E+00  4.039E-01 -1.259E+02  2.038E+07  2.160E-09  3.981E+07
  6.019E+00  6.065E+00  3.955E-01 -1.246E+02  2.046E+07  2.123E-09  4.082E+07
  6.112E+00  6.159E+00  3.873E-01 -1.234E+02  2.054E+07  2.087E-09  4.184E+07
  6.206E+00  6.253E+00  3.793E-01 -1.222E+02  2.063E+07  2.053E-09  4.289E+07
  6.301E+00  6.348E+00  3.716E-01 -1.211E+02  2.071E+07  2.019E-09  4.394E+07
  6.396E+00  6.444E+00  3.641E-01 -1.199E+02  2.079E+07  1.986E-09  4.502E+07
  6.492E+00  6.540E+00  3.568E-01 -1.188E+02  2.088E+07  1.954E-09  4.611E+07
  6.589E+00  6.637E+00  3.497E-01 -1.176E+02  2.096E+07  1.923E-09  4.723E+07
  6.686E+00  6.735E+00  3.428E-01 -1.165E+02  2.104E+07  1.893E-09  4.835E+07
  6.784E+00  6.834E+00  3.361E-01 -1.154E+02  2.113E+07  1.863E-09  4.950E+07
  6.883E+00  6.933E+00  3.296E-01 -1.143E+02  2.121E+07  1.834E-09  5.067E+07
  6.983E+00  7.033E+00  3.233E-01 -1.133E+02  2.129E+07  1.806E-09  5.185E+07
  7.083E+00  7.133E+00  3.171E-01 -1.122E+02  2.138E+07  1.779E-09  5.305E+07
  7.184E+00  7.235E+00  3.112E-01 -1.112E+02  2.146E+07  1.752E-09  5.427E+07
  7.286E+00  7.337E+00  3.053E-01 -1.102E+02  2.155E+07  1.726E-09  5.551E+07
  7.388E+00  7.440E+00  2.997E-01 -1.092E+02  2.163E+07  1.701E-09  5.677E+07
  7.491E+00  7.543E+00  2.941E-01 -1.082E+02  2.172E+07  1.676E-09  5.805E+07
  7.595E+00  7.648E+00  2.887E-01 -1.072E+02  2.180E+07  1.652E-09  5.935E+07
  7.700E+00  7.753E+00  2.835E-01 -1.062E+02  2.189E+07  1.628E-09  6.067E+07
  7.805E+00  7.859E+00  2.784E-01 -1.053E+02  2.198E+07  1.605E-09  6.200E+07
  7.912E+00  7.965E+00  2.734E-01 -1.043E+02  2.206E+07  1.583E-09  6.336E+07
  8.019E+00  8.072E+00  2.686E-01 -1.034E+02  2.215E+07  1.561E-09  6.474E+07
  8.126E+00  8.181E+00  2.638E-01 -1.025E+02  2.224E+07  1.539E-09  6.615E+07
  8.235E+00  8.289E+00  2.592E-01 -1.016E+02  2.233E+07  1.518E-09  6.757E+07
  8.344E+00  8.399E+00  2.547E-01 -1.007E+02  2.241E+07  1.498E-09  6.901E+07
  8.454E+00  8.510E+00  2.503E-01 -9.982E+01  2.250E+07  1.478E-09  7.048E+07
  8.565E+00  8.621E+00  2.460E-01 -9.895E+01  2.259E+07  1.458E-09  7.197E+07
  8.677E+00  8.733E+00  2.418E-01 -9.809E+01  2.268E+07  1.439E-09  7.348E+07
  8.789E+00  8.846E+00  2.377E-01 -9.724E+01  2.277E+07  1.420E-09  7.502E+07
  8.902E+00  8.960E+00  2.337E-01 -9.640E+01  2.286E+07  1.402E-09  7.657E+07
  9.017E+00  9.074E+00  2.298E-01 -9.557E+01  2.295E+07  1.384E-09  7.815E+07
  9.131E+00  9.189E+00  2.260E-01 -9.475E+01  2.304E+07  1.366E-09  7.976E+07
  9.247E+00  9.306E+00  2.223E-01 -9.395E+01  2.313E+07  1.349E-09  8.139E+07
  9.364E+00  9.423E+00  2.187E-01 -9.315E+01  2.322E+07  1.332E-09  8.304E+07
  9.481E+00  9.540E+00  2.151E-01 -9.236E+01  2.331E+07  1.316E-09  8.471E+07
  9.600E+00  9.659E+00  2.116E-01 -9.158E+01  2.341E+07  1.300E-09  8.642E+07
  9.719E+00  9.779E+00  2.082E-01 -9.081E+01  2.350E+07  1.284E-09  8.814E+07
  9.839E+00  9.899E+00  2.049E-01 -9.005E+01  2.359E+07  1.268E-09  8.990E+07
  9.959E+00  1.002E+01  2.016E-01 -8.929E+01  2.369E+07  1.253E-09  9.167E+07
  1.008E+01  1.014E+01  1.985E-01 -8.855E+01  2.378E+07  1.238E-09  9.348E+07
  1.020E+01  1.027E+01  1.953E-01 -8.781E+01  2.388E+07  1.224E-09  9.531E+07
  1.033E+01  1.039E+01  1.923E-01 -8.709E+01  2.397E+07  1.209E-09  9.717E+07
  1.045E+01  1.051E+01  1.893E-01 -8.637E+01  2.407E+07  1.195E-09  9.905E+07
  1.058E+01  1.064E+01  1.864E-01 -8.566E+01  2.416E+07  1.182E-09  1.010E+08
  1.070E+01  1.077E+01  1.835E-01 -8.496E+01  2.426E+07  1.168E-09  1.029E+08
  1.083E+01  1.089E+01  1.807E-01 -8.426E+01  2.436E+07  1.155E-09  1.049E+08
  1.096E+01  1.102E+01  1.780E-01 -8.358E+01  2.445E+07  1.142E-09  1.069E+08
  1.109E+01  1.115E+01  1.753E-01 -8.290E+01  2.455E+07  1.129E-09  1.089E+08
  1.122E+01  1.128E+01  1.727E-01 -8.223E+01  2.465E+07  1.117E-09  1.110E+08
  1.135E+01  1.141E+01  1.701E-01 -8.157E+01  2.475E+07  1.104E-09  1.130E+08
  1.148E+01  1.155E+01  1.676E-01 -8.091E+01  2.485E+07  1.092E-09  1.152E+08
  1.161E+01  1.168E+01  1.651E-01 -8.026E+01  2.495E+07  1.081E-09  1.173E+08
  1.175E+01  1.181E+01  1.626E-01 -7.962E+01  2.505E+07  1.069E-09  1.195E+08
  1.188E+01  1.195E+01  1.603E-01 -7.899E+01  2.515E+07  1.058E-09  1.217E+08
  1.202E+01  1.208E+01  1.579E-01 -7.836E+01  2.525E+07  1.046E-09  1.239E+08
  1.215E+01  1.222E+01  1.556E-01 -7.774E+01  2.535E+07  1.035E-09  1.262E+08
  1.229E+01  1.236E+01  1.534E-01 -7.713E+01  2.546E+07  1.025E-09  1.285E+08
  1.243E+01  1.250E+01  1.512E-01 -7.652E+01  2.556E+07  1.014E-09  1.308E+08
  1.257E+01  1.264E+01  1.490E-01 -7.592E+01  2.566E+07  1.003E-09  1.332E+08
  1.271E+01  1.278E+01  1.469E-01 -7.532E+01  2.577E+07  9.931E-10  1.356E+08
  1.285E+01  1.292E+01  1.448E-01 -7.474E+01  2.587E+07  9.830E-10  1.381E+08
  1.299E+01  1.306E+01  1.428E-01 -7.415E+01  2.598E+07  9.731E-10  1.405E+08
  1.314E+01  1.321E+01  1.408E-01 -7.358E+01  2.608E+07  9.633E-10  1.430E+08
  1.328E+01  1.335E+01  1.388E-01 -7.301E+01  2.619E+07  9.537E-10  1.456E+08
  1.343E+01  1.350E+01  1.369E-01 -7.245E+01  2.630E+07  9.442E-10  1.482E+08
  1.357E+01  1.365E+01  1.350E-01 -7.189E+01  2.640E+07  9.349E-10  1.508E+08
  1.372E+01  1.379E+01  1.331E-01 -7.134E+01  2.651E+07  9.258E-10  1.534E+08
  1.387E+01  1.394E+01  1.313E-01 -7.079E+01  2.662E+07  9.167E-10  1.561E+08
  1.402E+01  1.409E+01  1.295E-01 -7.026E+01  2.673E+07  9.079E-10  1.589E+08
  1.417E+01  1.425E+01  1.277E-01 -6.972E+01  2.684E+07  8.991E-10  1.616E+08
  1.432E+01  1.440E+01  1.260E-01 -6.919E+01  2.695E+07  8.905E-10  1.644E+08
  1.447E+01  1.455E+01  1.242E-01 -6.867E+01  2.706E+07  8.821E-10  1.673E+08
  1.463E+01  1.471E+01  1.226E-01 -6.815E+01  2.717E+07  8.737E-10  1.702E+08
  1.478E+01  1.486E+01  1.209E-01 -6.764E+01  2.728E+07  8.655E-10  1.731E+08
  1.494E+01  1.502E+01  1.193E-01 -6.713E+01  2.739E+07  8.574E-10  1.761E+08
  1.510E+01  1.518E+01  1.177E-01 -6.663E+01  2.750E+07  8.495E-10  1.791E+08
  1.526E+01  1.534E+01  1.161E-01 -6.614E+01  2.762E+07  8.416E-10  1.821E+08
  1.542E+01  1.550E+01  1.146E-01 -6.564E+01  2.773E+07  8.339E-10  1.852E+08
  1.558E+01  1.566E+01  1.131E-01 -6.516E+01  2.785E+07  8.263E-10  1.883E+08
  1.574E+01  1.582E+01  1.116E-01 -6.468E+01  2.796E+07  8.188E-10  1.915E+08
  1.590E+01  1.599E+01  1.101E-01 -6.420E+01  2.808E+07  8.114E-10  1.948E+08
  1.607E+01  1.615E+01  1.087E-01 -6.373E+01  2.819E+07  8.041E-10  1.980E+08
  1.623E+01  1.632E+01  1.073E-01 -6.326E+01  2.831E+07  7.969E-10  2.013E+08
  1.640E+01  1.648E+01  1.059E-01 -6.280E+01  2.842E+07  7.898E-10  2.047E+08
  1.657E+01  1.665E+01  1.045E-01 -6.234E+01  2.854E+07  7.828E-10  2.081E+08
  1.674E+01  1.682E+01  1.032E-01 -6.189E+01  2.866E+07  7.759E-10  2.116E+08
  1.691E+01  1.699E+01  1.019E-01 -6.144E+01  2.878E+07  7.691E-10  2.151E+08
  1.708E+01  1.717E+01  1.005E-01 -6.100E+01  2.890E+07  7.624E-10  2.186E+08
  1.725E+01  1.734E+01  9.926E-02 -6.056E+01  2.902E+07  7.558E-10  2.222E+08
  1.743E+01  1.752E+01  9.800E-02 -6.012E+01  2.914E+07  7.492E-10  2.258E+08
  1.760E+01  1.769E+01  9.676E-02 -5.969E+01  2.926E+07  7.428E-10  2.295E+08
  1.778E+01  1.787E+01  9.553E-02 -5.926E+01  2.938E+07  7.364E-10  2.333E+08
  1.796E+01  1.805E+01  9.433E-02 -5.884E+01  2.950E+07  7.301E-10  2.371E+08
  1.814E+01  1.823E+01  9.314E-02 -5.842E+01  2.962E+07  7.239E-10  2.409E+08
  1.832E+01  1.841E+01  9.197E-02 -5.801E+01  2.975E+07  7.178E-10  2.448E+08
  1.850E+01  1.859E+01  9.082E-02 -5.760E+01  2.987E+07  7.118E-10  2.488E+08
  1.868E+01  1.877E+01  8.969E-02 -5.719E+01  2.999E+07  7.058E-10  2.528E+08
  1.887E+01  1.896E+01  8.857E-02 -5.679E+01  3.012E+07  6.999E-10  2.569E+08
  1.905E+01  1.915E+01  8.747E-02 -5.639E+01  3.024E+07  6.941E-10  2.610E+08
  1.924E+01  1.933E+01  8.639E-02 -5.600E+01  3.037E+07  6.884E-10  2.652E+08
  1.943E+01  1.952E+01  8.532E-02 -5.561E+01  3.049E+07  6.827E-10  2.694E+08
  1.962E+01  1.971E+01  8.427E-02 -5.522E+01  3.062E+07  6.771E-10  2.737E+08
  1.981E+01  1.991E+01  8.324E-02 -5.484E+01  3.075E+07  6.716E-10  2.781E+08
  2.000E+01  2.010E+01  8.222E-02 -5.446E+01  3.087E+07  6.661E-10  2.825E+08
  2.020E+01  2.029E+01  8.122E-02 -5.408E+01  3.100E+07  6.607E-10  2.869E+08
  2.039E+01  2.049E+01  8.023E-02 -5.371E+01  3.113E+07  6.553E-10  2.915E+08
  2.059E+01  2.069E+01  7.925E-02 -5.334E+01  3.126E+07  6.501E-10  2.960E+08
  2.079E+01  2.089E+01  7.829E-02 -5.297E+01  3.139E+07  6.448E-10  3.007E+08
  2.099E+01  2.109E+01  7.734E-02 -5.261E+01  3.152E+07  6.397E-10  3.054E+08
  2.119E+01  2.129E+01  7.641E-02 -5.225E+01  3.165E+07  6.346E-10  3.102E+08
  2.139E+01  2.149E+01  7.549E-02 -5.190E+01  3.178E+07  6.295E-10  3.150E+08
  2.159E+01  2.170E+01  7.458E-02 -5.155E+01  3.191E+07  6.246E-10  3.199E+08
  2.180E+01  2.190E+01  7.369E-02 -5.120E+01  3.205E+07  6.196E-10  3.249E+08
  2.201E+01  2.211E+01  7.281E-02 -5.085E+01  3.218E+07  6.148E-10  3.300E+08
  2.222E+01  2.232E+01  7.194E-02 -5.051E+01  3.231E+07  6.100E-10  3.351E+08
  2.243E+01  2.253E+01  7.108E-02 -5.017E+01  3.245E+07  6.052E-10  3.402E+08
  2.264E+01  2.274E+01  7.024E-02 -4.983E+01  3.258E+07  6.005E-10  3.455E+08
  2.285E+01  2.296E+01  6.940E-02 -4.950E+01  3.272E+07  5.958E-10  3.508E+08
  2.306E+01  2.317E+01  6.858E-02 -4.917E+01  3.285E+07  5.912E-10  3.562E+08
  2.328E+01  2.339E+01  6.777E-02 -4.884E+01  3.299E+07  5.866E-10  3.616E+08
  2.350E+01  2.361E+01  6.697E-02 -4.852E+01  3.313E+07  5.821E-10  3.672E+08
  2.372E+01  2.383E+01  6.619E-02 -4.820E+01  3.326E+07  5.777E-10  3.728E+08
  2.394E+01  2.405E+01  6.541E-02 -4.788E+01  3.340E+07  5.732E-10  3.785E+08
  2.416E+01  2.427E+01  6.464E-02 -4.757E+01  3.354E+07  5.689E-10  3.842E+08
  2.438E+01  2.450E+01  6.389E-02 -4.725E+01  3.368E+07  5.645E-10  3.900E+08
  2.461E+01  2.472E+01  6.314E-02 -4.694E+01  3.382E+07  5.602E-10  3.960E+08
  2.484E+01  2.495E+01  6.240E-02 -4.664E+01  3.396E+07  5.560E-10  4.019E+08
  2.507E+01  2.518E+01  6.168E-02 -4.633E+01  3.410E+07  5.518E-10  4.080E+08
  2.530E+01  2.541E+01  6.096E-02 -4.603E+01  3.424E+07  5.476E-10  4.142E+08
  2.553E+01  2.565E+01  6.026E-02 -4.573E+01  3.438E+07  5.435E-10  4.204E+08
  2.576E+01  2.588E+01  5.956E-02 -4.543E+01  3.452E+07  5.395E-10  4.267E+08
  2.600E+01  2.612E+01  5.887E-02 -4.514E+01  3.466E+07  5.354E-10  4.331E+08
  2.623E+01  2.635E+01  5.819E-02 -4.485E+01  3.480E+07  5.314E-10  4.396E+08
  2.647E+01  2.659E+01  5.752E-02 -4.456E+01  3.495E+07  5.275E-10  4.461E+08
  2.671E+01  2.684E+01  5.686E-02 -4.427E+01  3.509E+07  5.235E-10  4.528E+08
  2.696E+01  2.708E+01  5.621E-02 -4.399E+01  3.524E+07  5.197E-10  4.595E+08
  2.720E+01  2.732E+01  5.556E-02 -4.371E+01  3.538E+07  5.158E-10  4.664E+08
  2.745E+01  2.757E+01  5.493E-02 -4.343E+01  3.552E+07  5.120E-10  4.733E+08
  2.769E+01  2.782E+01  5.430E-02 -4.315E+01  3.567E+07  5.082E-10  4.803E+08
  2.794E+01  2.807E+01  5.368E-02 -4.288E+01  3.582E+07  5.045E-10  4.874E+08
  2.819E+01  2.832E+01  5.307E-02 -4.261E+01  3.596E+07  5.008E-10  4.946E+08
  2.845E+01  2.857E+01  5.247E-02 -4.234E+01  3.611E+07  4.971E-10  5.019E+08
  2.870E+01  2.883E+01  5.187E-02 -4.207E+01  3.626E+07  4.935E-10  5.092E+08
  2.896E+01  2.909E+01  5.128E-02 -4.181E+01  3.641E+07  4.899E-10  5.167E+08
  2.922E+01  2.935E+01  5.070E-02 -4.154E+01  3.655E+07  4.863E-10  5.243E+08
  2.948E+01  2.961E+01  5.013E-02 -4.128E+01  3.670E+07  4.828E-10  5.320E+08
  2.974E+01  2.987E+01  4.956E-02 -4.103E+01  3.685E+07  4.793E-10  5.397E+08
  3.000E+01  3.014E+01  4.900E-02 -4.077E+01  3.700E+07  4.758E-10  5.475E+08
  3.027E+01  3.040E+01  4.845E-02 -4.052E+01  3.715E+07  4.723E-10  5.552E+08
  3.054E+01  3.067E+01  4.791E-02 -4.026E+01  3.730E+07  4.689E-10  5.629E+08
  3.081E+01  3.094E+01  4.737E-02 -4.001E+01  3.745E+07  4.655E-10  5.708E+08
  3.108E+01  3.122E+01  4.684E-02 -3.977E+01  3.761E+07  4.622E-10  5.788E+08
  3.135E+01  3.149E+01  4.631E-02 -3.952E+01  3.776E+07  4.588E-10  5.869E+08
  3.163E+01  3.177E+01  4.579E-02 -3.928E+01  3.791E+07  4.555E-10  5.951E+08
  3.191E+01  3.205E+01  4.528E-02 -3.904E+01  3.807E+07  4.523E-10  6.034E+08
  3.219E+01  3.233E+01  4.477E-02 -3.880E+01  3.822E+07  4.490E-10  6.118E+08
  3.247E+01  3.261E+01  4.427E-02 -3.856E+01  3.838E+07  4.458E-10  6.203E+08
  3.275E+01  3.290E+01  4.378E-02 -3.833E+01  3.853E+07  4.426E-10  6.289E+08
  3.304E+01  3.318E+01  4.329E-02 -3.810E+01  3.869E+07  4.395E-10  6.377E+08
  3.333E+01  3.347E+01  4.281E-02 -3.787E+01  3.884E+07  4.363E-10  6.465E+08
  3.362E+01  3.376E+01  4.233E-02 -3.764E+01  3.900E+07  4.332E-10  6.555E+08
  3.391E+01  3.406E+01  4.186E-02 -3.741E+01  3.916E+07  4.301E-10  6.646E+08
  3.420E+01  3.435E+01  4.139E-02 -3.719E+01  3.932E+07  4.270E-10  6.738E+08
  3.450E+01  3.465E+01  4.093E-02 -3.697E+01  3.948E+07  4.240E-10  6.831E+08
  3.480E+01  3.495E+01  4.048E-02 -3.674E+01  3.964E+07  4.210E-10  6.925E+08
  3.510E+01  3.525E+01  4.003E-02 -3.653E+01  3.980E+07  4.180E-10  7.021E+08
  3.540E+01  3.555E+01  3.959E-02 -3.631E+01  3.996E+07  4.150E-10  7.118E+08
  3.571E+01  3.586E+01  3.915E-02 -3.609E+01  4.012E+07  4.121E-10  7.216E+08
  3.601E+01  3.617E+01  3.872E-02 -3.588E+01  4.028E+07  4.092E-10  7.315E+08
  3.632E+01  3.648E+01  3.829E-02 -3.567E+01  4.044E+07  4.063E-10  7.416E+08
  3.663E+01  3.679E+01  3.786E-02 -3.546E+01  4.060E+07  4.034E-10  7.518E+08
  3.695E+01  3.710E+01  3.745E-02 -3.525E+01  4.077E+07  4.005E-10  7.621E+08
  3.726E+01  3.742E+01  3.703E-02 -3.505E+01  4.093E+07  3.977E-10  7.725E+08
  3.758E+01  3.774E+01  3.663E-02 -3.484E+01  4.109E+07  3.949E-10  7.831E+08
  3.790E+01  3.806E+01  3.622E-02 -3.464E+01  4.126E+07  3.921E-10  7.939E+08
  3.822E+01  3.839E+01  3.582E-02 -3.444E+01  4.142E+07  3.894E-10  8.047E+08
  3.855E+01  3.871E+01  3.543E-02 -3.424E+01  4.159E+07  3.866E-10  8.157E+08
  3.888E+01  3.904E+01  3.504E-02 -3.405E+01  4.175E+07  3.839E-10  8.269E+08
  3.921E+01  3.937E+01  3.466E-02 -3.385E+01  4.192E+07  3.812E-10  8.382E+08
  3.954E+01  3.971E+01  3.428E-02 -3.366E+01  4.208E+07  3.785E-10  8.496E+08
  3.987E+01  4.004E+01  3.390E-02 -3.346E+01  4.225E+07  3.758E-10  8.612E+08
  4.021E+01  4.038E+01  3.353E-02 -3.327E+01  4.242E+07  3.732E-10  8.729E+08
  4.055E+01  4.072E+01  3.316E-02 -3.309E+01  4.259E+07  3.706E-10  8.847E+08
  4.089E+01  4.106E+01  3.280E-02 -3.290E+01  4.276E+07  3.680E-10  8.968E+08
  4.124E+01  4.141E+01  3.244E-02 -3.271E+01  4.292E+07  3.654E-10  9.089E+08
  4.158E+01  4.176E+01  3.208E-02 -3.253E+01  4.309E+07  3.628E-10  9.213E+08
  4.193E+01  4.211E+01  3.173E-02 -3.235E+01  4.326E+07  3.602E-10  9.338E+08
  4.229E+01  4.246E+01  3.139E-02 -3.217E+01  4.343E+07  3.577E-10  9.464E+08
  4.264E+01  4.282E+01  3.105E-02 -3.199E+01  4.360E+07  3.552E-10  9.592E+08
  4.300E+01  4.318E+01  3.071E-02 -3.181E+01  4.377E+07  3.527E-10  9.722E+08
  4.336E+01  4.354E+01  3.037E-02 -3.164E+01  4.394E+07  3.502E-10  9.853E+08
  4.372E+01  4.390E+01  3.004E-02 -3.146E+01  4.412E+07  3.478E-10  9.986E+08
  4.408E+01  4.427E+01  2.971E-02 -3.129E+01  4.429E+07  3.453E-10  1.012E+09
  4.445E+01  4.464E+01  2.939E-02 -3.112E+01  4.446E+07  3.429E-10  1.026E+09
  4.482E+01  4.501E+01  2.907E-02 -3.095E+01  4.463E+07  3.405E-10  1.039E+09
  4.519E+01  4.538E+01  2.876E-02 -3.078E+01  4.481E+07  3.381E-10  1.053E+09
  4.557E+01  4.576E+01  2.844E-02 -3.061E+01  4.498E+07  3.357E-10  1.068E+09
  4.595E+01  4.614E+01  2.814E-02 -3.045E+01  4.515E+07  3.333E-10  1.082E+09
  4.633E+01  4.652E+01  2.783E-02 -3.028E+01  4.533E+07  3.310E-10  1.096E+09
  4.671E+01  4.690E+01  2.753E-02 -3.012E+01  4.550E+07  3.287E-10  1.111E+09
  4.710E+01  4.729E+01  2.723E-02 -2.996E+01  4.568E+07  3.264E-10  1.126E+09
  4.749E+01  4.768E+01  2.694E-02 -2.980E+01  4.585E+07  3.241E-10  1.141E+09
  4.788E+01  4.808E+01  2.664E-02 -2.964E+01  4.603E+07  3.218E-10  1.156E+09
  4.827E+01  4.847E+01  2.636E-02 -2.949E+01  4.620E+07  3.195E-10  1.172E+09
  4.867E+01  4.887E+01  2.607E-02 -2.933E+01  4.638E+07  3.173E-10  1.187E+09
  4.907E+01  4.927E+01  2.579E-02 -2.918E+01  4.655E+07  3.150E-10  1.203E+09
  4.947E+01  4.968E+01  2.551E-02 -2.903E+01  4.673E+07  3.128E-10  1.219E+09
  4.988E+01  5.009E+01  2.524E-02 -2.887E+01  4.691E+07  3.106E-10  1.236E+09
  5.029E+01  5.050E+01  2.496E-02 -2.872E+01  4.708E+07  3.084E-10  1.252E+09
  5.070E+01  5.091E+01  2.469E-02 -2.857E+01  4.726E+07  3.062E-10  1.269E+09
  5.112E+01  5.133E+01  2.443E-02 -2.843E+01  4.744E+07  3.041E-10  1.285E+09
  5.154E+01  5.175E+01  2.417E-02 -2.828E+01  4.761E+07  3.019E-10  1.302E+09
  5.196E+01  5.217E+01  2.391E-02 -2.814E+01  4.779E+07  2.998E-10  1.320E+09
  5.238E+01  5.259E+01  2.365E-02 -2.799E+01  4.797E+07  2.977E-10  1.337E+09
  5.281E+01  5.302E+01  2.339E-02 -2.785E+01  4.815E+07  2.956E-10  1.355E+09
  5.324E+01  5.345E+01  2.314E-02 -2.771E+01  4.833E+07  2.935E-10  1.373E+09
  5.367E+01  5.389E+01  2.289E-02 -2.757E+01  4.851E+07  2.914E-10  1.391E+09
  5.411E+01  5.433E+01  2.265E-02 -2.743E+01  4.869E+07  2.893E-10  1.409E+09
  5.455E+01  5.477E+01  2.240E-02 -2.729E+01  4.886E+07  2.873E-10  1.428E+09
  5.499E+01  5.521E+01  2.216E-02 -2.715E+01  4.904E+07  2.852E-10  1.447E+09
  5.544E+01  5.566E+01  2.193E-02 -2.702E+01  4.922E+07  2.832E-10  1.466E+09
  5.588E+01  5.611E+01  2.169E-02 -2.688E+01  4.940E+07  2.812E-10  1.485E+09
  5.634E+01  5.657E+01  2.146E-02 -2.675E+01  4.958E+07  2.792E-10  1.504E+09
  5.679E+01  5.702E+01  2.123E-02 -2.661E+01  4.976E+07  2.772E-10  1.524E+09
  5.725E+01  5.748E+01  2.100E-02 -2.648E+01  4.994E+07  2.752E-10  1.544E+09
  5.771E+01  5.795E+01  2.078E-02 -2.635E+01  5.012E+07  2.732E-10  1.564E+09
  5.818E+01  5.841E+01  2.055E-02 -2.622E+01  5.030E+07  2.713E-10  1.585E+09
  5.865E+01  5.888E+01  2.033E-02 -2.609E+01  5.048E+07  2.693E-10  1.606E+09
  5.912E+01  5.936E+01  2.012E-02 -2.596E+01  5.066E+07  2.674E-10  1.627E+09
  5.960E+01  5.984E+01  1.990E-02 -2.583E+01  5.084E+07  2.655E-10  1.648E+09
  6.008E+01  6.032E+01  1.969E-02 -2.571E+01  5.103E+07  2.636E-10  1.669E+09
  6.056E+01  6.080E+01  1.948E-02 -2.558E+01  5.121E+07  2.617E-10  1.691E+09
  6.104E+01  6.129E+01  1.927E-02 -2.546E+01  5.139E+07  2.598E-10  1.713E+09
  6.153E+01  6.178E+01  1.906E-02 -2.533E+01  5.157E+07  2.580E-10  1.735E+09
  6.203E+01  6.227E+01  1.886E-02 -2.521E+01  5.175E+07  2.561E-10  1.758E+09
  6.252E+01  6.277E+01  1.866E-02 -2.508E+01  5.193E+07  2.542E-10  1.781E+09
  6.302E+01  6.328E+01  1.846E-02 -2.496E+01  5.211E+07  2.524E-10  1.804E+09
  6.353E+01  6.378E+01  1.826E-02 -2.484E+01  5.229E+07  2.506E-10  1.827E+09
  6.403E+01  6.429E+01  1.807E-02 -2.472E+01  5.247E+07  2.488E-10  1.851E+09
  6.455E+01  6.480E+01  1.788E-02 -2.460E+01  5.266E+07  2.470E-10  1.875E+09
  6.506E+01  6.532E+01  1.768E-02 -2.448E+01  5.284E+07  2.452E-10  1.899E+09
  6.558E+01  6.584E+01  1.750E-02 -2.436E+01  5.302E+07  2.434E-10  1.924E+09
  6.610E+01  6.636E+01  1.731E-02 -2.424E+01  5.320E+07  2.416E-10  1.949E+09
  6.663E+01  6.689E+01  1.713E-02 -2.413E+01  5.338E+07  2.399E-10  1.974E+09
  6.716E+01  6.742E+01  1.694E-02 -2.401E+01  5.356E+07  2.381E-10  1.999E+09
  6.769E+01  6.796E+01  1.676E-02 -2.389E+01  5.374E+07  2.364E-10  2.025E+09
  6.823E+01  6.850E+01  1.658E-02 -2.378E+01  5.392E+07  2.347E-10  2.051E+09
  6.877E+01  6.904E+01  1.641E-02 -2.366E+01  5.411E+07  2.329E-10  2.077E+09
  6.931E+01  6.959E+01  1.623E-02 -2.355E+01  5.429E+07  2.312E-10  2.104E+09
  6.986E+01  7.014E+01  1.606E-02 -2.344E+01  5.447E+07  2.295E-10  2.131E+09
  7.042E+01  7.069E+01  1.589E-02 -2.332E+01  5.465E+07  2.279E-10  2.158E+09
  7.097E+01  7.125E+01  1.572E-02 -2.321E+01  5.483E+07  2.262E-10  2.186E+09
  7.153E+01  7.182E+01  1.555E-02 -2.310E+01  5.501E+07  2.245E-10  2.214E+09
  7.210E+01  7.238E+01  1.539E-02 -2.299E+01  5.519E+07  2.229E-10  2.242E+09
  7.267E+01  7.295E+01  1.523E-02 -2.288E+01  5.537E+07  2.212E-10  2.271E+09
  7.324E+01  7.353E+01  1.506E-02 -2.277E+01  5.555E+07  2.196E-10  2.300E+09
  7.382E+01  7.411E+01  1.490E-02 -2.266E+01  5.573E+07  2.180E-10  2.329E+09
  7.440E+01  7.469E+01  1.475E-02 -2.255E+01  5.591E+07  2.163E-10  2.359E+09
  7.499E+01  7.528E+01  1.459E-02 -2.245E+01  5.609E+07  2.147E-10  2.389E+09
  7.558E+01  7.587E+01  1.443E-02 -2.234E+01  5.627E+07  2.131E-10  2.420E+09
  7.617E+01  7.647E+01  1.428E-02 -2.224E+01  5.645E+07  2.115E-10  2.450E+09
  7.677E+01  7.707E+01  1.413E-02 -2.213E+01  5.663E+07  2.100E-10  2.481E+09
  7.737E+01  7.767E+01  1.398E-02 -2.203E+01  5.681E+07  2.084E-10  2.513E+09
  7.798E+01  7.828E+01  1.383E-02 -2.193E+01  5.699E+07  2.068E-10  2.545E+09
  7.859E+01  7.890E+01  1.368E-02 -2.182E+01  5.717E+07  2.053E-10  2.577E+09
  7.921E+01  7.952E+01  1.354E-02 -2.172E+01  5.735E+07  2.037E-10  2.610E+09
  7.983E+01  8.014E+01  1.340E-02 -2.162E+01  5.753E+07  2.022E-10  2.643E+09
  8.045E+01  8.077E+01  1.325E-02 -2.152E+01  5.770E+07  2.007E-10  2.676E+09
  8.108E+01  8.140E+01  1.311E-02 -2.142E+01  5.788E+07  1.992E-10  2.710E+09
  8.171E+01  8.203E+01  1.297E-02 -2.133E+01  5.806E+07  1.977E-10  2.744E+09
  8.235E+01  8.267E+01  1.284E-02 -2.123E+01  5.824E+07  1.962E-10  2.779E+09
  8.299E+01  8.332E+01  1.270E-02 -2.113E+01  5.841E+07  1.947E-10  2.814E+09
  8.364E+01  8.397E+01  1.257E-02 -2.104E+01  5.859E+07  1.932E-10  2.849E+09
  8.429E+01  8.462E+01  1.243E-02 -2.095E+01  5.877E+07  1.917E-10  2.885E+09
  8.495E+01  8.528E+01  1.230E-02 -2.085E+01  5.894E+07  1.903E-10  2.921E+09
  8.561E+01  8.595E+01  1.217E-02 -2.076E+01  5.912E+07  1.888E-10  2.958E+09
  8.628E+01  8.662E+01  1.204E-02 -2.067E+01  5.930E+07  1.874E-10  2.995E+09
  8.695E+01  8.729E+01  1.192E-02 -2.058E+01  5.947E+07  1.859E-10  3.033E+09
  8.763E+01  8.797E+01  1.179E-02 -2.049E+01  5.965E+07  1.845E-10  3.071E+09
  8.831E+01  8.865E+01  1.166E-02 -2.040E+01  5.982E+07  1.831E-10  3.109E+09
  8.899E+01  8.934E+01  1.154E-02 -2.031E+01  5.999E+07  1.817E-10  3.148E+09
  8.968E+01  9.003E+01  1.142E-02 -2.023E+01  6.017E+07  1.803E-10  3.188E+09
  9.038E+01  9.073E+01  1.130E-02 -2.014E+01  6.034E+07  1.789E-10  3.227E+09
  9.108E+01  9.143E+01  1.118E-02 -2.005E+01  6.052E+07  1.775E-10  3.268E+09
  9.179E+01  9.214E+01  1.106E-02 -1.997E+01  6.069E+07  1.761E-10  3.309E+09
  9.250E+01  9.286E+01  1.094E-02 -1.989E+01  6.086E+07  1.748E-10  3.350E+09
  9.321E+01  9.357E+01  1.083E-02 -1.980E+01  6.103E+07  1.734E-10  3.392E+09
  9.393E+01  9.430E+01  1.071E-02 -1.972E+01  6.120E+07  1.720E-10  3.434E+09
  9.466E+01  9.503E+01  1.060E-02 -1.964E+01  6.138E+07  1.707E-10  3.476E+09
  9.539E+01  9.576E+01  1.049E-02 -1.956E+01  6.155E+07  1.694E-10  3.520E+09
  9.613E+01  9.650E+01  1.038E-02 -1.948E+01  6.172E+07  1.680E-10  3.563E+09
  9.687E+01  9.725E+01  1.027E-02 -1.939E+01  6.189E+07  1.667E-10  3.608E+09
  9.762E+01  9.800E+01  1.016E-02 -1.932E+01  6.206E+07  1.654E-10  3.652E+09
  9.837E+01  9.875E+01  1.005E-02 -1.924E+01  6.222E+07  1.641E-10  3.698E+09
  9.913E+01  9.951E+01  9.943E-03 -1.916E+01  6.239E+07  1.628E-10  3.743E+09
  9.989E+01  1.003E+02  9.838E-03 -1.908E+01  6.256E+07  1.615E-10  3.790E+09
  1.007E+02  1.011E+02  9.733E-03 -1.900E+01  6.273E+07  1.602E-10  3.837E+09
  1.014E+02  1.018E+02  9.630E-03 -1.892E+01  6.290E+07  1.589E-10  3.884E+09
  1.022E+02  1.026E+02  9.528E-03 -1.884E+01  6.306E+07  1.577E-10  3.932E+09
  1.030E+02  1.034E+02  9.427E-03 -1.877E+01  6.323E+07  1.564E-10  3.980E+09
  1.038E+02  1.042E+02  9.327E-03 -1.869E+01  6.339E+07  1.552E-10  4.030E+09
  1.046E+02  1.050E+02  9.229E-03 -1.861E+01  6.356E+07  1.539E-10  4.079E+09
  1.054E+02  1.058E+02  9.131E-03 -1.854E+01  6.372E+07  1.527E-10  4.129E+09
  1.062E+02  1.066E+02  9.034E-03 -1.846E+01  6.389E+07  1.514E-10  4.180E+09
  1.070E+02  1.074E+02  8.938E-03 -1.838E+01  6.405E+07  1.502E-10  4.232E+09
  1.078E+02  1.083E+02  8.843E-03 -1.831E+01  6.421E+07  1.490E-10  4.284E+09
  1.087E+02  1.091E+02  8.750E-03 -1.823E+01  6.437E+07  1.478E-10  4.336E+09
  1.095E+02  1.099E+02  8.657E-03 -1.816E+01  6.453E+07  1.466E-10  4.390E+09
  1.103E+02  1.108E+02  8.565E-03 -1.808E+01  6.469E+07  1.454E-10  4.443E+09
  1.112E+02  1.116E+02  8.474E-03 -1.801E+01  6.485E+07  1.442E-10  4.498E+09
  1.120E+02  1.125E+02  8.384E-03 -1.793E+01  6.501E+07  1.430E-10  4.553E+09
  1.129E+02  1.133E+02  8.295E-03 -1.786E+01  6.517E+07  1.419E-10  4.609E+09
  1.138E+02  1.142E+02  8.207E-03 -1.778E+01  6.533E+07  1.407E-10  4.665E+09
  1.146E+02  1.151E+02  8.120E-03 -1.771E+01  6.549E+07  1.395E-10  4.722E+09
  1.155E+02  1.159E+02  8.033E-03 -1.763E+01  6.565E+07  1.384E-10  4.780E+09
  1.164E+02  1.168E+02  7.948E-03 -1.756E+01  6.580E+07  1.372E-10  4.838E+09
  1.173E+02  1.177E+02  7.864E-03 -1.749E+01  6.596E+07  1.361E-10  4.897E+09
  1.182E+02  1.186E+02  7.780E-03 -1.742E+01  6.611E+07  1.350E-10  4.957E+09
  1.191E+02  1.195E+02  7.697E-03 -1.734E+01  6.627E+07  1.338E-10  5.018E+09
  1.200E+02  1.204E+02  7.615E-03 -1.727E+01  6.642E+07  1.327E-10  5.079E+09
  1.209E+02  1.213E+02  7.534E-03 -1.720E+01  6.657E+07  1.316E-10  5.141E+09
  1.218E+02  1.223E+02  7.454E-03 -1.713E+01  6.673E+07  1.305E-10  5.203E+09
  1.227E+02  1.232E+02  7.375E-03 -1.706E+01  6.688E+07  1.294E-10  5.266E+09
  1.237E+02  1.241E+02  7.296E-03 -1.699E+01  6.703E+07  1.283E-10  5.331E+09
  1.246E+02  1.251E+02  7.218E-03 -1.693E+01  6.718E+07  1.272E-10  5.395E+09
  1.255E+02  1.260E+02  7.141E-03 -1.686E+01  6.733E+07  1.262E-10  5.461E+09
  1.265E+02  1.270E+02  7.065E-03 -1.679E+01  6.748E+07  1.251E-10  5.527E+09
  1.275E+02  1.279E+02  6.990E-03 -1.673E+01  6.762E+07  1.240E-10  5.594E+09
  1.284E+02  1.289E+02  6.915E-03 -1.666E+01  6.777E+07  1.230E-10  5.662E+09
  1.294E+02  1.299E+02  6.841E-03 -1.660E+01  6.792E+07  1.219E-10  5.731E+09
  1.304E+02  1.309E+02  6.768E-03 -1.653E+01  6.806E+07  1.209E-10  5.800E+09
  1.314E+02  1.319E+02  6.696E-03 -1.647E+01  6.821E+07  1.198E-10  5.871E+09
  1.324E+02  1.329E+02  6.624E-03 -1.641E+01  6.835E+07  1.188E-10  5.942E+09
  1.334E+02  1.339E+02  6.553E-03 -1.635E+01  6.849E+07  1.178E-10  6.014E+09
  1.344E+02  1.349E+02  6.483E-03 -1.629E+01  6.864E+07  1.168E-10  6.086E+09
  1.354E+02  1.359E+02  6.414E-03 -1.623E+01  6.878E+07  1.158E-10  6.160E+09
  1.364E+02  1.369E+02  6.345E-03 -1.617E+01  6.892E+07  1.147E-10  6.234E+09
  1.375E+02  1.380E+02  6.277E-03 -1.611E+01  6.906E+07  1.137E-10  6.310E+09
  1.385E+02  1.390E+02  6.210E-03 -1.605E+01  6.920E+07  1.128E-10  6.386E+09
  1.395E+02  1.401E+02  6.143E-03 -1.600E+01  6.934E+07  1.118E-10  6.463E+09
  1.406E+02  1.411E+02  6.077E-03 -1.594E+01  6.948E+07  1.108E-10  6.541E+09
  1.417E+02  1.422E+02  6.012E-03 -1.588E+01  6.961E+07  1.098E-10  6.620E+09
  1.427E+02  1.433E+02  5.947E-03 -1.583E+01  6.975E+07  1.088E-10  6.700E+09
  1.438E+02  1.444E+02  5.883E-03 -1.577E+01  6.989E+07  1.079E-10  6.781E+09
  1.449E+02  1.454E+02  5.820E-03 -1.571E+01  7.002E+07  1.069E-10  6.863E+09
  1.460E+02  1.465E+02  5.757E-03 -1.566E+01  7.015E+07  1.060E-10  6.946E+09
  1.471E+02  1.476E+02  5.695E-03 -1.560E+01  7.029E+07  1.050E-10  7.029E+09
  1.482E+02  1.488E+02  5.634E-03 -1.555E+01  7.042E+07  1.041E-10  7.114E+09
  1.493E+02  1.499E+02  5.573E-03 -1.549E+01  7.055E+07  1.032E-10  7.200E+09
  1.504E+02  1.510E+02  5.513E-03 -1.543E+01  7.068E+07  1.022E-10  7.286E+09
  1.516E+02  1.521E+02  5.454E-03 -1.538E+01  7.081E+07  1.013E-10  7.374E+09
  1.527E+02  1.533E+02  5.395E-03 -1.532E+01  7.094E+07  1.004E-10  7.463E+09
  1.539E+02  1.544E+02  5.336E-03 -1.526E+01  7.107E+07  9.951E-11  7.553E+09
  1.550E+02  1.556E+02  5.279E-03 -1.521E+01  7.119E+07  9.861E-11  7.644E+09
  1.562E+02  1.568E+02  5.222E-03 -1.515E+01  7.132E+07  9.772E-11  7.736E+09
  1.574E+02  1.580E+02  5.165E-03 -1.509E+01  7.145E+07  9.683E-11  7.829E+09
  1.586E+02  1.591E+02  5.109E-03 -1.503E+01  7.157E+07  9.594E-11  7.923E+09
  1.597E+02  1.603E+02  5.053E-03 -1.498E+01  7.169E+07  9.507E-11  8.018E+09
  1.609E+02  1.615E+02  4.999E-03 -1.492E+01  7.182E+07  9.420E-11  8.115E+09
  1.622E+02  1.628E+02  4.944E-03 -1.486E+01  7.194E+07  9.333E-11  8.212E+09
  1.634E+02  1.640E+02  4.891E-03 -1.481E+01  7.206E+07  9.247E-11  8.311E+09
  1.646E+02  1.652E+02  4.837E-03 -1.475E+01  7.218E+07  9.162E-11  8.411E+09
  1.658E+02  1.665E+02  4.785E-03 -1.470E+01  7.230E+07  9.077E-11  8.512E+09
  1.671E+02  1.677E+02  4.732E-03 -1.464E+01  7.242E+07  8.993E-11  8.615E+09
  1.683E+02  1.690E+02  4.681E-03 -1.459E+01  7.253E+07  8.909E-11  8.718E+09
  1.696E+02  1.702E+02  4.630E-03 -1.453E+01  7.265E+07  8.826E-11  8.823E+09
  1.709E+02  1.715E+02  4.579E-03 -1.448E+01  7.277E+07  8.743E-11  8.929E+09
  1.721E+02  1.728E+02  4.529E-03 -1.443E+01  7.288E+07  8.661E-11  9.037E+09
  1.734E+02  1.741E+02  4.479E-03 -1.438E+01  7.299E+07  8.580E-11  9.146E+09
  1.747E+02  1.754E+02  4.430E-03 -1.433E+01  7.311E+07  8.499E-11  9.256E+09
  1.760E+02  1.767E+02  4.382E-03 -1.428E+01  7.322E+07  8.419E-11  9.367E+09
  1.774E+02  1.780E+02  4.334E-03 -1.423E+01  7.333E+07  8.339E-11  9.480E+09
  1.787E+02  1.793E+02  4.286E-03 -1.418E+01  7.344E+07  8.260E-11  9.594E+09
  1.800E+02  1.807E+02  4.239E-03 -1.413E+01  7.355E+07  8.181E-11  9.709E+09
  1.814E+02  1.820E+02  4.192E-03 -1.409E+01  7.366E+07  8.103E-11  9.826E+09
  1.827E+02  1.834E+02  4.146E-03 -1.404E+01  7.377E+07  8.025E-11  9.944E+09
  1.841E+02  1.848E+02  4.100E-03 -1.399E+01  7.388E+07  7.948E-11  1.006E+10
  1.855E+02  1.862E+02  4.055E-03 -1.395E+01  7.398E+07  7.872E-11  1.019E+10
  1.868E+02  1.875E+02  4.010E-03 -1.390E+01  7.409E+07  7.796E-11  1.031E+10
  1.882E+02  1.889E+02  3.966E-03 -1.386E+01  7.419E+07  7.721E-11  1.043E+10
  1.896E+02  1.904E+02  3.922E-03 -1.381E+01  7.429E+07  7.646E-11  1.056E+10
  1.911E+02  1.918E+02  3.879E-03 -1.377E+01  7.440E+07  7.572E-11  1.069E+10
  1.925E+02  1.932E+02  3.836E-03 -1.373E+01  7.450E+07  7.498E-11  1.081E+10
  1.939E+02  1.946E+02  3.793E-03 -1.368E+01  7.460E+07  7.425E-11  1.094E+10
  1.954E+02  1.961E+02  3.751E-03 -1.364E+01  7.470E+07  7.352E-11  1.108E+10
  1.968E+02  1.976E+02  3.709E-03 -1.359E+01  7.480E+07  7.280E-11  1.121E+10
  1.983E+02  1.990E+02  3.668E-03 -1.354E+01  7.490E+07  7.208E-11  1.135E+10
  1.998E+02  2.005E+02  3.627E-03 -1.350E+01  7.500E+07  7.137E-11  1.148E+10
  2.013E+02  2.020E+02  3.586E-03 -1.345E+01  7.509E+07  7.067E-11  1.162E+10
  2.028E+02  2.035E+02  3.546E-03 -1.340E+01  7.519E+07  6.997E-11  1.176E+10
  2.043E+02  2.050E+02  3.507E-03 -1.336E+01  7.528E+07  6.927E-11  1.190E+10
  2.058E+02  2.066E+02  3.467E-03 -1.331E+01  7.538E+07  6.858E-11  1.205E+10
  2.073E+02  2.081E+02  3.429E-03 -1.326E+01  7.547E+07  6.790E-11  1.219E+10
  2.089E+02  2.096E+02  3.390E-03 -1.321E+01  7.556E+07  6.721E-11  1.234E+10
  2.104E+02  2.112E+02  3.352E-03 -1.317E+01  7.565E+07  6.654E-11  1.249E+10
  2.120E+02  2.128E+02  3.314E-03 -1.312E+01  7.574E+07  6.587E-11  1.264E+10
  2.136E+02  2.144E+02  3.277E-03 -1.307E+01  7.583E+07  6.520E-11  1.279E+10
  2.151E+02  2.159E+02  3.240E-03 -1.303E+01  7.592E+07  6.454E-11  1.295E+10
  2.167E+02  2.176E+02  3.203E-03 -1.298E+01  7.601E+07  6.389E-11  1.311E+10
  2.184E+02  2.192E+02  3.167E-03 -1.294E+01  7.610E+07  6.324E-11  1.327E+10
  2.200E+02  2.208E+02  3.131E-03 -1.289E+01  7.618E+07  6.259E-11  1.343E+10
  2.216E+02  2.224E+02  3.096E-03 -1.285E+01  7.627E+07  6.195E-11  1.359E+10
  2.233E+02  2.241E+02  3.061E-03 -1.281E+01  7.635E+07  6.132E-11  1.375E+10
  2.249E+02  2.257E+02  3.026E-03 -1.277E+01  7.643E+07  6.069E-11  1.392E+10
  2.266E+02  2.274E+02  2.992E-03 -1.273E+01  7.652E+07  6.006E-11  1.409E+10
  2.283E+02  2.291E+02  2.957E-03 -1.269E+01  7.660E+07  5.944E-11  1.426E+10
  2.300E+02  2.308E+02  2.924E-03 -1.265E+01  7.668E+07  5.883E-11  1.444E+10
  2.317E+02  2.325E+02  2.890E-03 -1.261E+01  7.676E+07  5.822E-11  1.461E+10
  2.334E+02  2.342E+02  2.857E-03 -1.257E+01  7.684E+07  5.761E-11  1.479E+10
  2.351E+02  2.360E+02  2.825E-03 -1.253E+01  7.692E+07  5.701E-11  1.497E+10
  2.369E+02  2.377E+02  2.792E-03 -1.249E+01  7.700E+07  5.642E-11  1.515E+10
  2.386E+02  2.395E+02  2.760E-03 -1.246E+01  7.707E+07  5.582E-11  1.534E+10
  2.404E+02  2.413E+02  2.729E-03 -1.242E+01  7.715E+07  5.524E-11  1.553E+10
  2.422E+02  2.431E+02  2.697E-03 -1.238E+01  7.723E+07  5.466E-11  1.572E+10
  2.440E+02  2.449E+02  2.666E-03 -1.234E+01  7.730E+07  5.408E-11  1.591E+10
  2.458E+02  2.467E+02  2.635E-03 -1.230E+01  7.737E+07  5.351E-11  1.610E+10
  2.476E+02  2.485E+02  2.605E-03 -1.226E+01  7.745E+07  5.294E-11  1.630E+10
  2.494E+02  2.503E+02  2.575E-03 -1.222E+01  7.752E+07  5.238E-11  1.650E+10
  2.513E+02  2.522E+02  2.545E-03 -1.218E+01  7.759E+07  5.182E-11  1.670E+10
  2.531E+02  2.541E+02  2.516E-03 -1.214E+01  7.766E+07  5.126E-11  1.691E+10
  2.550E+02  2.559E+02  2.486E-03 -1.210E+01  7.773E+07  5.071E-11  1.712E+10
  2.569E+02  2.578E+02  2.457E-03 -1.206E+01  7.780E+07  5.017E-11  1.733E+10
  2.588E+02  2.597E+02  2.429E-03 -1.201E+01  7.787E+07  4.963E-11  1.754E+10
  2.607E+02  2.617E+02  2.401E-03 -1.197E+01  7.793E+07  4.909E-11  1.776E+10
  2.626E+02  2.636E+02  2.373E-03 -1.193E+01  7.800E+07  4.856E-11  1.798E+10
  2.646E+02  2.655E+02  2.345E-03 -1.189E+01  7.807E+07  4.803E-11  1.820E+10
  2.665E+02  2.675E+02  2.317E-03 -1.185E+01  7.813E+07  4.751E-11  1.842E+10
  2.685E+02  2.695E+02  2.290E-03 -1.181E+01  7.820E+07  4.699E-11  1.865E+10
  2.705E+02  2.715E+02  2.263E-03 -1.177E+01  7.826E+07  4.648E-11  1.888E+10
  2.725E+02  2.735E+02  2.237E-03 -1.174E+01  7.832E+07  4.597E-11  1.912E+10
  2.745E+02  2.755E+02  2.210E-03 -1.170E+01  7.838E+07  4.546E-11  1.935E+10
  2.765E+02  2.775E+02  2.184E-03 -1.166E+01  7.845E+07  4.496E-11  1.959E+10
  2.785E+02  2.796E+02  2.159E-03 -1.163E+01  7.851E+07  4.447E-11  1.984E+10
  2.806E+02  2.816E+02  2.133E-03 -1.159E+01  7.857E+07  4.397E-11  2.008E+10
  2.827E+02  2.837E+02  2.108E-03 -1.156E+01  7.863E+07  4.349E-11  2.033E+10
  2.847E+02  2.858E+02  2.083E-03 -1.152E+01  7.868E+07  4.300E-11  2.058E+10
  2.868E+02  2.879E+02  2.058E-03 -1.149E+01  7.874E+07  4.252E-11  2.084E+10
  2.890E+02  2.900E+02  2.034E-03 -1.145E+01  7.880E+07  4.205E-11  2.110E+10
  2.911E+02  2.922E+02  2.010E-03 -1.142E+01  7.885E+07  4.158E-11  2.136E+10
  2.932E+02  2.943E+02  1.986E-03 -1.138E+01  7.891E+07  4.111E-11  2.163E+10
  2.954E+02  2.965E+02  1.962E-03 -1.135E+01  7.897E+07  4.065E-11  2.190E+10
  2.976E+02  2.987E+02  1.938E-03 -1.131E+01  7.902E+07  4.019E-11  2.217E+10
  2.998E+02  3.009E+02  1.915E-03 -1.128E+01  7.907E+07  3.974E-11  2.245E+10
  3.020E+02  3.031E+02  1.892E-03 -1.124E+01  7.913E+07  3.929E-11  2.273E+10
  3.042E+02  3.053E+02  1.870E-03 -1.120E+01  7.918E+07  3.884E-11  2.302E+10
  3.064E+02  3.076E+02  1.847E-03 -1.117E+01  7.923E+07  3.840E-11  2.331E+10
  3.087E+02  3.098E+02  1.825E-03 -1.113E+01  7.928E+07  3.796E-11  2.360E+10
  3.110E+02  3.121E+02  1.803E-03 -1.109E+01  7.933E+07  3.753E-11  2.390E+10
  3.133E+02  3.144E+02  1.781E-03 -1.106E+01  7.938E+07  3.710E-11  2.420E+10
  3.156E+02  3.167E+02  1.760E-03 -1.102E+01  7.943E+07  3.667E-11  2.451E+10
  3.179E+02  3.191E+02  1.738E-03 -1.098E+01  7.947E+07  3.625E-11  2.481E+10
  3.202E+02  3.214E+02  1.717E-03 -1.095E+01  7.952E+07  3.583E-11  2.513E+10
  3.226E+02  3.238E+02  1.696E-03 -1.091E+01  7.957E+07  3.542E-11  2.545E+10
  3.250E+02  3.262E+02  1.676E-03 -1.088E+01  7.961E+07  3.501E-11  2.577E+10
  3.273E+02  3.286E+02  1.655E-03 -1.084E+01  7.966E+07  3.460E-11  2.609E+10
  3.298E+02  3.310E+02  1.635E-03 -1.081E+01  7.970E+07  3.420E-11  2.643E+10
  3.322E+02  3.334E+02  1.615E-03 -1.078E+01  7.975E+07  3.380E-11  2.676E+10
  3.346E+02  3.358E+02  1.595E-03 -1.074E+01  7.979E+07  3.340E-11  2.710E+10
  3.371E+02  3.383E+02  1.576E-03 -1.071E+01  7.983E+07  3.301E-11  2.745E+10
  3.396E+02  3.408E+02  1.557E-03 -1.068E+01  7.988E+07  3.263E-11  2.780E+10
  3.421E+02  3.433E+02  1.538E-03 -1.065E+01  7.992E+07  3.224E-11  2.815E+10
  3.446E+02  3.458E+02  1.519E-03 -1.061E+01  7.996E+07  3.186E-11  2.851E+10
  3.471E+02  3.484E+02  1.500E-03 -1.058E+01  8.000E+07  3.149E-11  2.887E+10
  3.496E+02  3.509E+02  1.481E-03 -1.055E+01  8.004E+07  3.111E-11  2.924E+10
  3.522E+02  3.535E+02  1.463E-03 -1.052E+01  8.008E+07  3.074E-11  2.962E+10
  3.548E+02  3.561E+02  1.445E-03 -1.048E+01  8.012E+07  3.038E-11  3.000E+10
  3.574E+02  3.587E+02  1.427E-03 -1.045E+01  8.016E+07  3.002E-11  3.038E+10
  3.600E+02  3.613E+02  1.409E-03 -1.042E+01  8.019E+07  2.966E-11  3.077E+10
  3.627E+02  3.640E+02  1.392E-03 -1.038E+01  8.023E+07  2.930E-11  3.117E+10
  3.653E+02  3.667E+02  1.375E-03 -1.035E+01  8.027E+07  2.895E-11  3.157E+10
  3.680E+02  3.694E+02  1.358E-03 -1.031E+01  8.030E+07  2.860E-11  3.197E+10
  3.707E+02  3.721E+02  1.341E-03 -1.028E+01  8.034E+07  2.826E-11  3.239E+10
  3.734E+02  3.748E+02  1.324E-03 -1.024E+01  8.037E+07  2.792E-11  3.280E+10
  3.762E+02  3.775E+02  1.307E-03 -1.021E+01  8.040E+07  2.758E-11  3.323E+10
  3.789E+02  3.803E+02  1.291E-03 -1.017E+01  8.044E+07  2.725E-11  3.366E+10
  3.817E+02  3.831E+02  1.275E-03 -1.014E+01  8.047E+07  2.692E-11  3.409E+10
  3.845E+02  3.859E+02  1.259E-03 -1.011E+01  8.050E+07  2.659E-11  3.454E+10
  3.873E+02  3.887E+02  1.243E-03 -1.008E+01  8.054E+07  2.627E-11  3.498E+10
  3.902E+02  3.916E+02  1.227E-03 -1.005E+01  8.057E+07  2.595E-11  3.544E+10
  3.930E+02  3.945E+02  1.212E-03 -1.002E+01  8.060E+07  2.563E-11  3.590E+10
  3.959E+02  3.973E+02  1.196E-03 -9.990E+00  8.063E+07  2.531E-11  3.637E+10
  3.988E+02  4.003E+02  1.181E-03 -9.962E+00  8.066E+07  2.500E-11  3.684E+10
  4.017E+02  4.032E+02  1.166E-03 -9.934E+00  8.069E+07  2.470E-11  3.732E+10
  4.047E+02  4.061E+02  1.152E-03 -9.905E+00  8.072E+07  2.439E-11  3.781E+10
  4.076E+02  4.091E+02  1.137E-03 -9.874E+00  8.074E+07  2.409E-11  3.830E+10
  4.106E+02  4.121E+02  1.123E-03 -9.843E+00  8.077E+07  2.379E-11  3.880E+10
  4.136E+02  4.151E+02  1.108E-03 -9.809E+00  8.080E+07  2.350E-11  3.931E+10
  4.166E+02  4.182E+02  1.094E-03 -9.775E+00  8.082E+07  2.320E-11  3.983E+10
  4.197E+02  4.212E+02  1.080E-03 -9.739E+00  8.085E+07  2.292E-11  4.035E+10
  4.228E+02  4.243E+02  1.066E-03 -9.702E+00  8.088E+07  2.263E-11  4.088E+10
  4.259E+02  4.274E+02  1.053E-03 -9.666E+00  8.090E+07  2.235E-11  4.142E+10
  4.290E+02  4.305E+02  1.039E-03 -9.631E+00  8.093E+07  2.207E-11  4.196E+10
  4.321E+02  4.337E+02  1.026E-03 -9.598E+00  8.095E+07  2.179E-11  4.252E+10
  4.353E+02  4.369E+02  1.013E-03 -9.567E+00  8.097E+07  2.152E-11  4.308E+10
  4.385E+02  4.401E+02  9.997E-04 -9.538E+00  8.100E+07  2.125E-11  4.364E+10
  4.417E+02  4.433E+02  9.868E-04 -9.511E+00  8.102E+07  2.098E-11  4.422E+10
  4.449E+02  4.465E+02  9.741E-04 -9.486E+00  8.104E+07  2.072E-11  4.481E+10
  4.481E+02  4.498E+02  9.615E-04 -9.462E+00  8.107E+07  2.045E-11  4.540E+10
  4.514E+02  4.531E+02  9.491E-04 -9.437E+00  8.109E+07  2.019E-11  4.600E+10
  4.547E+02  4.564E+02  9.368E-04 -9.411E+00  8.111E+07  1.994E-11  4.661E+10
  4.581E+02  4.597E+02  9.247E-04 -9.383E+00  8.113E+07  1.969E-11  4.723E+10
  4.614E+02  4.631E+02  9.127E-04 -9.352E+00  8.115E+07  1.943E-11  4.786E+10
  4.648E+02  4.665E+02  9.008E-04 -9.318E+00  8.117E+07  1.919E-11  4.850E+10
  4.682E+02  4.699E+02  8.891E-04 -9.282E+00  8.119E+07  1.894E-11  4.914E+10
  4.716E+02  4.733E+02  8.775E-04 -9.244E+00  8.121E+07  1.870E-11  4.980E+10
  4.750E+02  4.768E+02  8.661E-04 -9.207E+00  8.123E+07  1.846E-11  5.046E+10
  4.785E+02  4.803E+02  8.548E-04 -9.171E+00  8.125E+07  1.822E-11  5.114E+10
  4.820E+02  4.838E+02  8.436E-04 -9.138E+00  8.126E+07  1.799E-11  5.182E+10
  4.855E+02  4.873E+02  8.326E-04 -9.108E+00  8.128E+07  1.776E-11  5.252E+10
  4.891E+02  4.909E+02  8.217E-04 -9.082E+00  8.130E+07  1.753E-11  5.322E+10
  4.926E+02  4.944E+02  8.109E-04 -9.058E+00  8.131E+07  1.730E-11  5.393E+10
  4.962E+02  4.980E+02  8.003E-04 -9.036E+00  8.133E+07  1.708E-11  5.466E+10
  4.999E+02  5.017E+02  7.897E-04 -9.013E+00  8.135E+07  1.686E-11  5.539E+10
  5.035E+02  5.053E+02  7.793E-04 -8.990E+00  8.136E+07  1.664E-11  5.614E+10
  5.072E+02  5.090E+02  7.691E-04 -8.963E+00  8.138E+07  1.642E-11  5.689E+10
  5.109E+02  5.127E+02  7.589E-04 -8.933E+00  8.139E+07  1.621E-11  5.766E+10
  5.146E+02  5.165E+02  7.489E-04 -8.900E+00  8.141E+07  1.600E-11  5.844E+10
  5.184E+02  5.203E+02  7.390E-04 -8.864E+00  8.142E+07  1.579E-11  5.923E+10
  5.221E+02  5.241E+02  7.292E-04 -8.827E+00  8.144E+07  1.558E-11  6.003E+10
  5.260E+02  5.279E+02  7.196E-04 -8.791E+00  8.145E+07  1.538E-11  6.084E+10
  5.298E+02  5.317E+02  7.100E-04 -8.756E+00  8.146E+07  1.518E-11  6.166E+10
  5.337E+02  5.356E+02  7.006E-04 -8.725E+00  8.147E+07  1.498E-11  6.250E+10
  5.376E+02  5.395E+02  6.913E-04 -8.698E+00  8.149E+07  1.478E-11  6.335E+10
  5.415E+02  5.434E+02  6.821E-04 -8.674E+00  8.150E+07  1.459E-11  6.421E+10
  5.454E+02  5.474E+02  6.730E-04 -8.651E+00  8.151E+07  1.439E-11  6.508E+10
  5.494E+02  5.514E+02  6.641E-04 -8.629E+00  8.152E+07  1.421E-11  6.596E+10
  5.534E+02  5.554E+02  6.552E-04 -8.606E+00  8.154E+07  1.402E-11  6.686E+10
  5.574E+02  5.595E+02  6.464E-04 -8.580E+00  8.155E+07  1.383E-11  6.777E+10
  5.615E+02  5.635E+02  6.378E-04 -8.551E+00  8.156E+07  1.365E-11  6.869E+10
  5.656E+02  5.677E+02  6.293E-04 -8.519E+00  8.157E+07  1.347E-11  6.963E+10
  5.697E+02  5.718E+02  6.208E-04 -8.485E+00  8.158E+07  1.329E-11  7.058E+10
  5.739E+02  5.760E+02  6.125E-04 -8.451E+00  8.159E+07  1.311E-11  7.155E+10
  5.780E+02  5.802E+02  6.043E-04 -8.417E+00  8.160E+07  1.294E-11  7.252E+10
  5.823E+02  5.844E+02  5.962E-04 -8.385E+00  8.160E+07  1.277E-11  7.352E+10
  5.865E+02  5.886E+02  5.882E-04 -8.356E+00  8.161E+07  1.260E-11  7.452E+10
  5.908E+02  5.929E+02  5.802E-04 -8.329E+00  8.162E+07  1.243E-11  7.555E+10
  5.951E+02  5.972E+02  5.724E-04 -8.303E+00  8.163E+07  1.226E-11  7.658E+10
  5.994E+02  6.016E+02  5.647E-04 -8.279E+00  8.164E+07  1.210E-11  7.763E+10
  6.038E+02  6.060E+02  5.571E-04 -8.255E+00  8.165E+07  1.194E-11  7.870E+10
  6.082E+02  6.104E+02  5.496E-04 -8.230E+00  8.166E+07  1.178E-11  7.978E+10
  6.126E+02  6.148E+02  5.422E-04 -8.204E+00  8.166E+07  1.162E-11  8.088E+10
  6.171E+02  6.193E+02  5.348E-04 -8.177E+00  8.167E+07  1.146E-11  8.199E+10
  6.216E+02  6.238E+02  5.276E-04 -8.148E+00  8.168E+07  1.131E-11  8.312E+10
  6.261E+02  6.284E+02  5.204E-04 -8.117E+00  8.168E+07  1.115E-11  8.426E+10
  6.306E+02  6.329E+02  5.134E-04 -8.084E+00  8.169E+07  1.100E-11  8.543E+10
  6.352E+02  6.375E+02  5.064E-04 -8.051E+00  8.169E+07  1.086E-11  8.661E+10
  6.399E+02  6.422E+02  4.995E-04 -8.019E+00  8.170E+07  1.071E-11  8.780E+10
  6.445E+02  6.469E+02  4.927E-04 -7.988E+00  8.171E+07  1.056E-11  8.902E+10
  6.492E+02  6.516E+02  4.860E-04 -7.961E+00  8.171E+07  1.042E-11  9.025E+10
  6.539E+02  6.563E+02  4.794E-04 -7.937E+00  8.172E+07  1.028E-11  9.149E+10
  6.587E+02  6.611E+02  4.729E-04 -7.916E+00  8.172E+07  1.014E-11  9.276E+10
  6.635E+02  6.659E+02  4.665E-04 -7.896E+00  8.173E+07  1.000E-11  9.404E+10
  6.683E+02  6.707E+02  4.601E-04 -7.874E+00  8.173E+07  9.868E-12  9.535E+10
  6.732E+02  6.756E+02  4.538E-04 -7.848E+00  8.174E+07  9.733E-12  9.667E+10
  6.781E+02  6.805E+02  4.476E-04 -7.817E+00  8.174E+07  9.601E-12  9.801E+10
  6.830E+02  6.855E+02  4.415E-04 -7.782E+00  8.174E+07  9.470E-12  9.937E+10
  6.880E+02  6.905E+02  4.355E-04 -7.745E+00  8.175E+07  9.341E-12  1.008E+11
  6.930E+02  6.955E+02  4.295E-04 -7.710E+00  8.175E+07  9.214E-12  1.022E+11
  6.980E+02  7.005E+02  4.236E-04 -7.679E+00  8.175E+07  9.088E-12  1.036E+11
  7.031E+02  7.056E+02  4.178E-04 -7.655E+00  8.176E+07  8.964E-12  1.050E+11
  7.082E+02  7.108E+02  4.121E-04 -7.637E+00  8.176E+07  8.841E-12  1.065E+11
  7.133E+02  7.159E+02  4.065E-04 -7.621E+00  8.176E+07  8.720E-12  1.080E+11
  7.185E+02  7.211E+02  4.009E-04 -7.602E+00  8.177E+07  8.601E-12  1.095E+11
  7.238E+02  7.264E+02  3.954E-04 -7.578E+00  8.177E+07  8.483E-12  1.110E+11
  7.290E+02  7.317E+02  3.899E-04 -7.546E+00  8.177E+07  8.367E-12  1.125E+11
  7.343E+02  7.370E+02  3.846E-04 -7.509E+00  8.177E+07  8.252E-12  1.141E+11
  7.397E+02  7.423E+02  3.793E-04 -7.472E+00  8.177E+07  8.139E-12  1.157E+11
  7.450E+02  7.477E+02  3.741E-04 -7.437E+00  8.178E+07  8.027E-12  1.173E+11
  7.504E+02  7.532E+02  3.689E-04 -7.409E+00  8.178E+07  7.917E-12  1.190E+11
  7.559E+02  7.586E+02  3.639E-04 -7.388E+00  8.178E+07  7.808E-12  1.206E+11
  7.614E+02  7.642E+02  3.588E-04 -7.370E+00  8.178E+07  7.700E-12  1.223E+11
  7.669E+02  7.697E+02  3.539E-04 -7.352E+00  8.178E+07  7.595E-12  1.240E+11
  7.725E+02  7.753E+02  3.490E-04 -7.331E+00  8.178E+07  7.490E-12  1.257E+11
  7.781E+02  7.809E+02  3.442E-04 -7.304E+00  8.178E+07  7.387E-12  1.275E+11
  7.838E+02  7.866E+02  3.395E-04 -7.272E+00  8.178E+07  7.285E-12  1.293E+11
  7.894E+02  7.923E+02  3.348E-04 -7.239E+00  8.179E+07  7.184E-12  1.311E+11
  7.952E+02  7.981E+02  3.302E-04 -7.206E+00  8.179E+07  7.085E-12  1.329E+11
  8.010E+02  8.039E+02  3.256E-04 -7.175E+00  8.179E+07  6.987E-12  1.348E+11
  8.068E+02  8.097E+02  3.211E-04 -7.148E+00  8.179E+07  6.891E-12  1.367E+11
  8.126E+02  8.156E+02  3.167E-04 -7.124E+00  8.179E+07  6.796E-12  1.386E+11
  8.185E+02  8.215E+02  3.123E-04 -7.104E+00  8.179E+07  6.702E-12  1.405E+11
  8.245E+02  8.275E+02  3.080E-04 -7.085E+00  8.179E+07  6.609E-12  1.425E+11
  8.305E+02  8.335E+02  3.037E-04 -7.066E+00  8.179E+07  6.518E-12  1.445E+11
  8.365E+02  8.395E+02  2.995E-04 -7.041E+00  8.179E+07  6.428E-12  1.465E+11
  8.426E+02  8.456E+02  2.954E-04 -7.010E+00  8.178E+07  6.339E-12  1.486E+11
  8.487E+02  8.518E+02  2.913E-04 -6.973E+00  8.178E+07  6.251E-12  1.507E+11
  8.548E+02  8.579E+02  2.872E-04 -6.936E+00  8.178E+07  6.164E-12  1.528E+11
  8.610E+02  8.642E+02  2.833E-04 -6.905E+00  8.178E+07  6.079E-12  1.549E+11
  8.673E+02  8.704E+02  2.793E-04 -6.884E+00  8.178E+07  5.995E-12  1.571E+11
  8.736E+02  8.768E+02  2.755E-04 -6.870E+00  8.178E+07  5.912E-12  1.593E+11
  8.799E+02  8.831E+02  2.717E-04 -6.857E+00  8.178E+07  5.830E-12  1.615E+11
  8.863E+02  8.895E+02  2.679E-04 -6.838E+00  8.178E+07  5.749E-12  1.638E+11
  8.927E+02  8.960E+02  2.642E-04 -6.807E+00  8.178E+07  5.669E-12  1.661E+11
  8.992E+02  9.025E+02  2.605E-04 -6.769E+00  8.177E+07  5.590E-12  1.684E+11
  9.058E+02  9.090E+02  2.569E-04 -6.730E+00  8.177E+07  5.513E-12  1.708E+11
  9.123E+02  9.156E+02  2.534E-04 -6.699E+00  8.177E+07  5.436E-12  1.732E+11
  9.189E+02  9.223E+02  2.498E-04 -6.678E+00  8.177E+07  5.361E-12  1.756E+11
  9.256E+02  9.290E+02  2.464E-04 -6.663E+00  8.177E+07  5.286E-12  1.781E+11
  9.323E+02  9.357E+02  2.430E-04 -6.648E+00  8.177E+07  5.213E-12  1.806E+11
  9.391E+02  9.425E+02  2.396E-04 -6.628E+00  8.177E+07  5.141E-12  1.831E+11
  9.459E+02  9.493E+02  2.363E-04 -6.600E+00  8.176E+07  5.069E-12  1.857E+11
  9.528E+02  9.562E+02  2.330E-04 -6.568E+00  8.176E+07  4.999E-12  1.883E+11
  9.597E+02  9.631E+02  2.298E-04 -6.533E+00  8.176E+07  4.930E-12  1.910E+11
  9.666E+02  9.701E+02  2.266E-04 -6.500E+00  8.175E+07  4.861E-12  1.936E+11
  9.736E+02  9.772E+02  2.235E-04 -6.473E+00  8.175E+07  4.794E-12  1.964E+11
  9.807E+02  9.843E+02  2.204E-04 -6.455E+00  8.175E+07  4.727E-12  1.991E+11
  9.878E+02  9.914E+02  2.173E-04 -6.443E+00  8.175E+07  4.662E-12  2.019E+11
  9.950E+02  9.986E+02  2.143E-04 -6.429E+00  8.175E+07  4.597E-12  2.047E+11
  1.002E+03  1.006E+03  2.113E-04 -6.404E+00  8.174E+07  4.533E-12  2.076E+11
  1.009E+03  1.013E+03  2.084E-04 -6.367E+00  8.174E+07  4.470E-12  2.105E+11
  1.017E+03  1.020E+03  2.055E-04 -6.326E+00  8.174E+07  4.408E-12  2.135E+11
  1.024E+03  1.028E+03  2.027E-04 -6.293E+00  8.173E+07  4.347E-12  2.164E+11
  1.032E+03  1.035E+03  1.999E-04 -6.275E+00  8.173E+07  4.287E-12  2.195E+11
  1.039E+03  1.043E+03  1.971E-04 -6.266E+00  8.173E+07  4.227E-12  2.226E+11
  1.047E+03  1.050E+03  1.944E-04 -6.253E+00  8.173E+07  4.169E-12  2.257E+11
  1.054E+03  1.058E+03  1.917E-04 -6.229E+00  8.172E+07  4.111E-12  2.288E+11
  1.062E+03  1.066E+03  1.891E-04 -6.196E+00  8.172E+07  4.054E-12  2.320E+11
  1.069E+03  1.073E+03  1.864E-04 -6.159E+00  8.172E+07  3.998E-12  2.353E+11
  1.077E+03  1.081E+03  1.839E-04 -6.126E+00  8.171E+07  3.942E-12  2.386E+11
  1.085E+03  1.089E+03  1.813E-04 -6.101E+00  8.171E+07  3.888E-12  2.419E+11
  1.093E+03  1.097E+03  1.788E-04 -6.086E+00  8.171E+07  3.834E-12  2.453E+11
  1.101E+03  1.105E+03  1.764E-04 -6.076E+00  8.171E+07  3.781E-12  2.487E+11
  1.109E+03  1.113E+03  1.739E-04 -6.061E+00  8.170E+07  3.729E-12  2.522E+11
  1.117E+03  1.121E+03  1.715E-04 -6.031E+00  8.170E+07  3.677E-12  2.557E+11
  1.125E+03  1.129E+03  1.692E-04 -5.989E+00  8.169E+07  3.626E-12  2.593E+11
  1.133E+03  1.137E+03  1.668E-04 -5.950E+00  8.169E+07  3.576E-12  2.629E+11
  1.141E+03  1.145E+03  1.645E-04 -5.929E+00  8.169E+07  3.527E-12  2.665E+11
  1.150E+03  1.154E+03  1.623E-04 -5.921E+00  8.168E+07  3.478E-12  2.702E+11
  1.158E+03  1.162E+03  1.600E-04 -5.912E+00  8.168E+07  3.430E-12  2.740E+11
  1.166E+03  1.170E+03  1.578E-04 -5.890E+00  8.168E+07  3.383E-12  2.778E+11
  1.175E+03  1.179E+03  1.557E-04 -5.855E+00  8.167E+07  3.336E-12  2.817E+11
  1.183E+03  1.188E+03  1.535E-04 -5.818E+00  8.167E+07  3.290E-12  2.856E+11
  1.192E+03  1.196E+03  1.514E-04 -5.785E+00  8.167E+07  3.245E-12  2.896E+11
  1.200E+03  1.205E+03  1.494E-04 -5.765E+00  8.166E+07  3.200E-12  2.936E+11
  1.209E+03  1.213E+03  1.473E-04 -5.758E+00  8.166E+07  3.156E-12  2.977E+11
  1.218E+03  1.222E+03  1.453E-04 -5.750E+00  8.166E+07  3.113E-12  3.018E+11
  1.227E+03  1.231E+03  1.433E-04 -5.724E+00  8.165E+07  3.070E-12  3.060E+11
  1.236E+03  1.240E+03  1.413E-04 -5.681E+00  8.165E+07  3.028E-12  3.102E+11
  1.245E+03  1.249E+03  1.394E-04 -5.641E+00  8.164E+07  2.987E-12  3.145E+11
  1.254E+03  1.258E+03  1.375E-04 -5.621E+00  8.164E+07  2.946E-12  3.188E+11
  1.263E+03  1.267E+03  1.356E-04 -5.613E+00  8.164E+07  2.905E-12  3.232E+11
  1.272E+03  1.276E+03  1.338E-04 -5.604E+00  8.163E+07  2.866E-12  3.277E+11
  1.281E+03  1.286E+03  1.319E-04 -5.584E+00  8.163E+07  2.826E-12  3.322E+11
  1.290E+03  1.295E+03  1.301E-04 -5.548E+00  8.163E+07  2.788E-12  3.368E+11
  1.300E+03  1.304E+03  1.284E-04 -5.504E+00  8.162E+07  2.749E-12  3.415E+11
  1.309E+03  1.314E+03  1.266E-04 -5.476E+00  8.162E+07  2.712E-12  3.462E+11
  1.318E+03  1.323E+03  1.249E-04 -5.472E+00  8.162E+07  2.675E-12  3.509E+11
  1.328E+03  1.333E+03  1.232E-04 -5.469E+00  8.161E+07  2.639E-12  3.557E+11
  1.338E+03  1.342E+03  1.215E-04 -5.445E+00  8.161E+07  2.603E-12  3.606E+11
  1.347E+03  1.352E+03  1.199E-04 -5.407E+00  8.160E+07  2.567E-12  3.656E+11
  1.357E+03  1.362E+03  1.183E-04 -5.366E+00  8.160E+07  2.532E-12  3.706E+11
  1.367E+03  1.372E+03  1.167E-04 -5.340E+00  8.160E+07  2.498E-12  3.757E+11
  1.377E+03  1.382E+03  1.151E-04 -5.337E+00  8.159E+07  2.464E-12  3.808E+11
  1.387E+03  1.392E+03  1.135E-04 -5.335E+00  8.159E+07  2.431E-12  3.860E+11
  1.397E+03  1.402E+03  1.120E-04 -5.308E+00  8.158E+07  2.398E-12  3.913E+11
  1.407E+03  1.412E+03  1.105E-04 -5.264E+00  8.158E+07  2.365E-12  3.966E+11
  1.417E+03  1.422E+03  1.090E-04 -5.227E+00  8.158E+07  2.333E-12  4.020E+11
  1.427E+03  1.432E+03  1.075E-04 -5.209E+00  8.157E+07  2.302E-12  4.075E+11
  1.438E+03  1.443E+03  1.061E-04 -5.212E+00  8.157E+07  2.271E-12  4.131E+11
  1.448E+03  1.453E+03  1.047E-04 -5.203E+00  8.157E+07  2.240E-12  4.187E+11
  1.458E+03  1.464E+03  1.033E-04 -5.165E+00  8.156E+07  2.210E-12  4.244E+11
  1.469E+03  1.474E+03  1.019E-04 -5.121E+00  8.156E+07  2.180E-12  4.301E+11
  1.480E+03  1.485E+03  1.005E-04 -5.091E+00  8.155E+07  2.151E-12  4.359E+11
  1.490E+03  1.496E+03  9.916E-05 -5.090E+00  8.155E+07  2.122E-12  4.418E+11
  1.501E+03  1.507E+03  9.783E-05 -5.090E+00  8.155E+07  2.093E-12  4.478E+11
  1.512E+03  1.517E+03  9.652E-05 -5.064E+00  8.154E+07  2.065E-12  4.539E+11
  1.523E+03  1.528E+03  9.523E-05 -5.016E+00  8.154E+07  2.038E-12  4.600E+11
  1.534E+03  1.539E+03  9.397E-05 -4.980E+00  8.153E+07  2.010E-12  4.662E+11
  1.545E+03  1.551E+03  9.272E-05 -4.973E+00  8.153E+07  1.984E-12  4.725E+11
  1.556E+03  1.562E+03  9.148E-05 -4.978E+00  8.153E+07  1.957E-12  4.788E+11
  1.567E+03  1.573E+03  9.027E-05 -4.959E+00  8.152E+07  1.931E-12  4.852E+11
  1.579E+03  1.585E+03  8.907E-05 -4.912E+00  8.152E+07  1.905E-12  4.918E+11
  1.590E+03  1.596E+03  8.789E-05 -4.871E+00  8.152E+07  1.880E-12  4.984E+11
  1.602E+03  1.608E+03  8.673E-05 -4.863E+00  8.151E+07  1.855E-12  5.050E+11
  1.613E+03  1.619E+03  8.558E-05 -4.870E+00  8.151E+07  1.830E-12  5.118E+11
  1.625E+03  1.631E+03  8.445E-05 -4.852E+00  8.151E+07  1.806E-12  5.186E+11
  1.637E+03  1.643E+03  8.334E-05 -4.804E+00  8.150E+07  1.782E-12  5.255E+11
  1.649E+03  1.655E+03  8.224E-05 -4.763E+00  8.150E+07  1.759E-12  5.325E+11
  1.660E+03  1.666E+03  8.116E-05 -4.758E+00  8.149E+07  1.736E-12  5.396E+11
  1.672E+03  1.679E+03  8.010E-05 -4.767E+00  8.149E+07  1.713E-12  5.468E+11
  1.685E+03  1.691E+03  7.904E-05 -4.745E+00  8.149E+07  1.690E-12  5.540E+11
  1.697E+03  1.703E+03  7.801E-05 -4.692E+00  8.148E+07  1.668E-12  5.614E+11
  1.709E+03  1.715E+03  7.699E-05 -4.657E+00  8.148E+07  1.646E-12  5.688E+11
  1.721E+03  1.728E+03  7.598E-05 -4.661E+00  8.148E+07  1.624E-12  5.763E+11
  1.734E+03  1.740E+03  7.499E-05 -4.667E+00  8.147E+07  1.603E-12  5.839E+11
  1.746E+03  1.753E+03  7.401E-05 -4.633E+00  8.147E+07  1.582E-12  5.916E+11
  1.759E+03  1.765E+03  7.305E-05 -4.579E+00  8.146E+07  1.562E-12  5.994E+11
  1.772E+03  1.778E+03  7.210E-05 -4.558E+00  8.146E+07  1.541E-12  6.072E+11
  1.784E+03  1.791E+03  7.117E-05 -4.571E+00  8.146E+07  1.521E-12  6.152E+11
  1.797E+03  1.804E+03  7.025E-05 -4.565E+00  8.146E+07  1.501E-12  6.232E+11
  1.810E+03  1.817E+03  6.934E-05 -4.514E+00  8.145E+07  1.482E-12  6.314E+11
  1.823E+03  1.830E+03  6.844E-05 -4.469E+00  8.145E+07  1.463E-12  6.396E+11
  1.837E+03  1.843E+03  6.756E-05 -4.472E+00  8.145E+07  1.444E-12  6.480E+11
  1.850E+03  1.857E+03  6.669E-05 -4.484E+00  8.144E+07  1.425E-12  6.564E+11
  1.863E+03  1.870E+03  6.583E-05 -4.450E+00  8.144E+07  1.407E-12  6.649E+11
  1.877E+03  1.884E+03  6.499E-05 -4.392E+00  8.143E+07  1.389E-12  6.736E+11
  1.890E+03  1.897E+03  6.416E-05 -4.377E+00  8.143E+07  1.371E-12  6.823E+11
  1.904E+03  1.911E+03  6.334E-05 -4.397E+00  8.143E+07  1.353E-12  6.911E+11
  1.918E+03  1.925E+03  6.253E-05 -4.381E+00  8.142E+07  1.336E-12  7.000E+11
  1.932E+03  1.939E+03  6.173E-05 -4.321E+00  8.142E+07  1.319E-12  7.091E+11
  1.946E+03  1.953E+03  6.094E-05 -4.290E+00  8.142E+07  1.302E-12  7.182E+11
  1.960E+03  1.967E+03  6.017E-05 -4.309E+00  8.142E+07  1.285E-12  7.274E+11
  1.974E+03  1.981E+03  5.941E-05 -4.307E+00  8.141E+07  1.269E-12  7.367E+11
  1.988E+03  1.995E+03  5.865E-05 -4.249E+00  8.141E+07  1.253E-12  7.462E+11
  2.002E+03  2.010E+03  5.791E-05 -4.208E+00  8.140E+07  1.237E-12  7.557E+11
  2.017E+03  2.024E+03  5.718E-05 -4.226E+00  8.140E+07  1.221E-12  7.653E+11
  2.031E+03  2.039E+03  5.646E-05 -4.232E+00  8.140E+07  1.206E-12  7.751E+11
  2.046E+03  2.054E+03  5.575E-05 -4.174E+00  8.139E+07  1.191E-12  7.850E+11
  2.061E+03  2.068E+03  5.505E-05 -4.129E+00  8.139E+07  1.176E-12  7.949E+11
  2.076E+03  2.083E+03  5.436E-05 -4.149E+00  8.139E+07  1.161E-12  8.050E+11
  2.091E+03  2.098E+03  5.368E-05 -4.156E+00  8.139E+07  1.146E-12  8.152E+11
  2.106E+03  2.113E+03  5.301E-05 -4.096E+00  8.138E+07  1.132E-12  8.255E+11
  2.121E+03  2.129E+03  5.235E-05 -4.052E+00  8.138E+07  1.118E-12  8.359E+11
  2.136E+03  2.144E+03  5.170E-05 -4.078E+00  8.138E+07  1.104E-12  8.464E+11
  2.152E+03  2.160E+03  5.106E-05 -4.080E+00  8.137E+07  1.090E-12  8.570E+11
  2.167E+03  2.175E+03  5.042E-05 -4.013E+00  8.137E+07  1.077E-12  8.677E+11
  2.183E+03  2.191E+03  4.980E-05 -3.979E+00  8.137E+07  1.063E-12  8.786E+11
  2.199E+03  2.207E+03  4.918E-05 -4.013E+00  8.137E+07  1.050E-12  8.895E+11
  2.215E+03  2.223E+03  4.858E-05 -4.000E+00  8.136E+07  1.037E-12  9.006E+11
  2.231E+03  2.239E+03  4.798E-05 -3.926E+00  8.136E+07  1.024E-12  9.118E+11
  2.247E+03  2.255E+03  4.739E-05 -3.915E+00  8.136E+07  1.012E-12  9.231E+11
  2.263E+03  2.271E+03  4.681E-05 -3.952E+00  8.135E+07  9.993E-13  9.346E+11
  2.279E+03  2.288E+03  4.624E-05 -3.911E+00  8.135E+07  9.870E-13  9.461E+11
  2.296E+03  2.304E+03  4.567E-05 -3.843E+00  8.135E+07  9.749E-13  9.578E+11
  2.312E+03  2.321E+03  4.512E-05 -3.864E+00  8.135E+07  9.630E-13  9.696E+11
  2.329E+03  2.338E+03  4.457E-05 -3.884E+00  8.134E+07  9.513E-13  9.815E+11
  2.346E+03  2.354E+03  4.403E-05 -3.812E+00  8.134E+07  9.396E-13  9.936E+11
  2.363E+03  2.371E+03  4.349E-05 -3.776E+00  8.134E+07  9.283E-13  1.006E+12
  2.380E+03  2.389E+03  4.297E-05 -3.821E+00  8.134E+07  9.171E-13  1.018E+12
  2.397E+03  2.406E+03  4.245E-05 -3.794E+00  8.133E+07  9.059E-13  1.030E+12
  2.414E+03  2.423E+03  4.194E-05 -3.716E+00  8.133E+07  8.950E-13  1.043E+12
  2.432E+03  2.441E+03  4.144E-05 -3.737E+00  8.133E+07  8.843E-13  1.056E+12
  2.449E+03  2.458E+03  4.094E-05 -3.763E+00  8.132E+07  8.736E-13  1.068E+12
  2.467E+03  2.476E+03  4.045E-05 -3.683E+00  8.132E+07  8.631E-13  1.081E+12
  2.485E+03  2.494E+03  3.997E-05 -3.656E+00  8.132E+07  8.528E-13  1.094E+12
  2.503E+03  2.512E+03  3.949E-05 -3.708E+00  8.132E+07  8.427E-13  1.107E+12
  2.521E+03  2.530E+03  3.902E-05 -3.659E+00  8.131E+07  8.325E-13  1.121E+12
  2.539E+03  2.548E+03  3.856E-05 -3.590E+00  8.131E+07  8.227E-13  1.134E+12
  2.557E+03  2.567E+03  3.810E-05 -3.639E+00  8.131E+07  8.130E-13  1.148E+12
  2.576E+03  2.585E+03  3.765E-05 -3.632E+00  8.131E+07  8.033E-13  1.161E+12
  2.595E+03  2.604E+03  3.721E-05 -3.540E+00  8.130E+07  7.938E-13  1.175E+12
  2.613E+03  2.623E+03  3.677E-05 -3.567E+00  8.130E+07  7.845E-13  1.189E+12
  2.632E+03  2.642E+03  3.634E-05 -3.595E+00  8.130E+07  7.753E-13  1.203E+12
  2.651E+03  2.661E+03  3.591E-05 -3.499E+00  8.129E+07  7.661E-13  1.218E+12
  2.670E+03  2.680E+03  3.550E-05 -3.499E+00  8.130E+07  7.572E-13  1.232E+12
  2.690E+03  2.699E+03  3.508E-05 -3.551E+00  8.129E+07  7.484E-13  1.246E+12
  2.709E+03  2.719E+03  3.467E-05 -3.461E+00  8.129E+07  7.396E-13  1.261E+12
  2.729E+03  2.738E+03  3.427E-05 -3.438E+00  8.129E+07  7.311E-13  1.276E+12
  2.748E+03  2.758E+03  3.388E-05 -3.503E+00  8.129E+07  7.226E-13  1.291E+12
  2.768E+03  2.778E+03  3.349E-05 -3.420E+00  8.128E+07  7.142E-13  1.306E+12
  2.788E+03  2.798E+03  3.310E-05 -3.382E+00  8.128E+07  7.060E-13  1.321E+12
  2.808E+03  2.818E+03  3.272E-05 -3.455E+00  8.128E+07  6.979E-13  1.336E+12
  2.828E+03  2.839E+03  3.234E-05 -3.374E+00  8.127E+07  6.898E-13  1.352E+12
  2.849E+03  2.859E+03  3.198E-05 -3.332E+00  8.127E+07  6.819E-13  1.367E+12
  2.869E+03  2.880E+03  3.161E-05 -3.410E+00  8.127E+07  6.742E-13  1.383E+12
  2.890E+03  2.901E+03  3.125E-05 -3.323E+00  8.127E+07  6.664E-13  1.399E+12
  2.911E+03  2.921E+03  3.090E-05 -3.288E+00  8.127E+07  6.589E-13  1.415E+12
  2.932E+03  2.943E+03  3.055E-05 -3.368E+00  8.127E+07  6.514E-13  1.431E+12
  2.953E+03  2.964E+03  3.020E-05 -3.265E+00  8.126E+07  6.440E-13  1.448E+12
  2.974E+03  2.985E+03  2.986E-05 -3.252E+00  8.126E+07  6.368E-13  1.464E+12
  2.996E+03  3.007E+03  2.953E-05 -3.324E+00  8.126E+07  6.296E-13  1.481E+12
  3.018E+03  3.028E+03  2.920E-05 -3.203E+00  8.126E+07  6.225E-13  1.497E+12
  3.039E+03  3.050E+03  2.887E-05 -3.227E+00  8.126E+07  6.156E-13  1.514E+12
  3.061E+03  3.072E+03  2.855E-05 -3.272E+00  8.125E+07  6.087E-13  1.531E+12
  3.083E+03  3.094E+03  2.823E-05 -3.141E+00  8.125E+07  6.019E-13  1.549E+12
  3.106E+03  3.117E+03  2.792E-05 -3.214E+00  8.125E+07  5.952E-13  1.566E+12
  3.128E+03  3.139E+03  2.761E-05 -3.203E+00  8.125E+07  5.886E-13  1.583E+12
  3.151E+03  3.162E+03  2.730E-05 -3.094E+00  8.125E+07  5.821E-13  1.601E+12
  3.173E+03  3.185E+03  2.700E-05 -3.204E+00  8.125E+07  5.757E-13  1.619E+12
  3.196E+03  3.208E+03  2.671E-05 -3.115E+00  8.124E+07  5.693E-13  1.637E+12
  3.219E+03  3.231E+03  2.642E-05 -3.078E+00  8.124E+07  5.631E-13  1.655E+12
  3.242E+03  3.254E+03  2.613E-05 -3.172E+00  8.124E+07  5.569E-13  1.673E+12
  3.266E+03  3.278E+03  2.584E-05 -3.024E+00  8.123E+07  5.508E-13  1.691E+12
  3.289E+03  3.301E+03  2.556E-05 -3.095E+00  8.124E+07  5.449E-13  1.710E+12
  3.313E+03  3.325E+03  2.528E-05 -3.091E+00  8.123E+07  5.389E-13  1.729E+12
  3.337E+03  3.349E+03  2.501E-05 -2.975E+00  8.123E+07  5.331E-13  1.748E+12
  3.361E+03  3.373E+03  2.474E-05 -3.108E+00  8.123E+07  5.274E-13  1.767E+12
  3.385E+03  3.398E+03  2.447E-05 -2.971E+00  8.122E+07  5.216E-13  1.786E+12
  3.410E+03  3.422E+03  2.421E-05 -3.002E+00  8.123E+07  5.161E-13  1.805E+12
  3.434E+03  3.447E+03  2.395E-05 -3.043E+00  8.122E+07  5.105E-13  1.825E+12
  3.459E+03  3.472E+03  2.370E-05 -2.896E+00  8.122E+07  5.051E-13  1.844E+12
  3.484E+03  3.497E+03  2.345E-05 -3.045E+00  8.122E+07  4.997E-13  1.864E+12
  3.509E+03  3.522E+03  2.320E-05 -2.900E+00  8.122E+07  4.943E-13  1.884E+12
  3.535E+03  3.547E+03  2.295E-05 -2.942E+00  8.122E+07  4.892E-13  1.904E+12
  3.560E+03  3.573E+03  2.271E-05 -2.969E+00  8.121E+07  4.840E-13  1.924E+12
  3.586E+03  3.599E+03  2.247E-05 -2.832E+00  8.122E+07  4.789E-13  1.945E+12
  3.612E+03  3.625E+03  2.224E-05 -2.993E+00  8.121E+07  4.739E-13  1.965E+12
  3.638E+03  3.651E+03  2.200E-05 -2.804E+00  8.121E+07  4.689E-13  1.986E+12
  3.664E+03  3.677E+03  2.178E-05 -2.927E+00  8.121E+07  4.641E-13  2.007E+12
  3.690E+03  3.704E+03  2.155E-05 -2.852E+00  8.120E+07  4.591E-13  2.028E+12
  3.717E+03  3.730E+03  2.133E-05 -2.814E+00  8.121E+07  4.545E-13  2.049E+12
  3.744E+03  3.757E+03  2.110E-05 -2.910E+00  8.120E+07  4.497E-13  2.071E+12
  3.771E+03  3.784E+03  2.089E-05 -2.727E+00  8.120E+07  4.451E-13  2.092E+12
  3.798E+03  3.812E+03  2.067E-05 -2.920E+00  8.120E+07  4.405E-13  2.114E+12
  3.825E+03  3.839E+03  2.046E-05 -2.701E+00  8.120E+07  4.359E-13  2.136E+12
  3.853E+03  3.867E+03  2.025E-05 -2.870E+00  8.120E+07  4.316E-13  2.158E+12
  3.881E+03  3.895E+03  2.004E-05 -2.727E+00  8.119E+07  4.270E-13  2.180E+12
  3.909E+03  3.923E+03  1.984E-05 -2.783E+00  8.120E+07  4.228E-13  2.202E+12
  3.937E+03  3.951E+03  1.964E-05 -2.773E+00  8.119E+07  4.184E-13  2.225E+12
  3.965E+03  3.980E+03  1.944E-05 -2.693E+00  8.120E+07  4.143E-13  2.247E+12
  3.994E+03  4.008E+03  1.925E-05 -2.812E+00  8.119E+07  4.100E-13  2.270E+12
  4.023E+03  4.037E+03  1.905E-05 -2.620E+00  8.119E+07  4.060E-13  2.293E+12
  4.052E+03  4.066E+03  1.886E-05 -2.829E+00  8.119E+07  4.019E-13  2.316E+12
  4.081E+03  4.096E+03  1.868E-05 -2.570E+00  8.119E+07  3.979E-13  2.340E+12
  4.110E+03  4.125E+03  1.849E-05 -2.824E+00  8.119E+07  3.939E-13  2.363E+12
  4.140E+03  4.155E+03  1.831E-05 -2.541E+00  8.119E+07  3.900E-13  2.387E+12
  4.170E+03  4.185E+03  1.813E-05 -2.805E+00  8.119E+07  3.861E-13  2.411E+12
  4.200E+03  4.215E+03  1.795E-05 -2.522E+00  8.118E+07  3.823E-13  2.435E+12
  4.230E+03  4.246E+03  1.777E-05 -2.780E+00  8.119E+07  3.786E-13  2.459E+12
  4.261E+03  4.276E+03  1.760E-05 -2.506E+00  8.118E+07  3.748E-13  2.483E+12
  4.292E+03  4.307E+03  1.743E-05 -2.758E+00  8.118E+07  3.712E-13  2.507E+12
  4.323E+03  4.338E+03  1.725E-05 -2.486E+00  8.118E+07  3.675E-13  2.532E+12
  4.354E+03  4.369E+03  1.709E-05 -2.742E+00  8.118E+07  3.640E-13  2.557E+12
  4.385E+03  4.401E+03  1.692E-05 -2.459E+00  8.117E+07  3.604E-13  2.582E+12
  4.417E+03  4.433E+03  1.676E-05 -2.736E+00  8.118E+07  3.570E-13  2.607E+12
  4.449E+03  4.465E+03  1.660E-05 -2.423E+00  8.117E+07  3.535E-13  2.632E+12
  4.481E+03  4.497E+03  1.644E-05 -2.738E+00  8.118E+07  3.502E-13  2.658E+12
  4.513E+03  4.529E+03  1.628E-05 -2.382E+00  8.117E+07  3.468E-13  2.683E+12
  4.546E+03  4.562E+03  1.613E-05 -2.743E+00  8.117E+07  3.435E-13  2.709E+12
  4.578E+03  4.595E+03  1.597E-05 -2.347E+00  8.117E+07  3.402E-13  2.735E+12
  4.611E+03  4.628E+03  1.582E-05 -2.734E+00  8.117E+07  3.370E-13  2.761E+12
  4.645E+03  4.661E+03  1.567E-05 -2.337E+00  8.117E+07  3.339E-13  2.787E+12
  4.678E+03  4.695E+03  1.552E-05 -2.690E+00  8.116E+07  3.306E-13  2.814E+12
  4.712E+03  4.729E+03  1.538E-05 -2.376E+00  8.117E+07  3.276E-13  2.840E+12
  4.746E+03  4.763E+03  1.523E-05 -2.586E+00  8.115E+07  3.244E-13  2.867E+12
  4.780E+03  4.797E+03  1.510E-05 -2.483E+00  8.117E+07  3.216E-13  2.894E+12
  4.814E+03  4.832E+03  1.495E-05 -2.420E+00  8.115E+07  3.184E-13  2.921E+12
  4.849E+03  4.867E+03  1.482E-05 -2.633E+00  8.117E+07  3.156E-13  2.948E+12
  4.884E+03  4.902E+03  1.468E-05 -2.251E+00  8.116E+07  3.126E-13  2.976E+12
  4.919E+03  4.937E+03  1.454E-05 -2.732E+00  8.116E+07  3.097E-13  3.003E+12
  4.955E+03  4.973E+03  1.441E-05 -2.202E+00  8.116E+07  3.070E-13  3.031E+12
  4.991E+03  5.009E+03  1.428E-05 -2.646E+00  8.115E+07  3.040E-13  3.059E+12
  5.027E+03  5.045E+03  1.415E-05 -2.378E+00  8.117E+07  3.014E-13  3.087E+12
  5.063E+03  5.081E+03  1.402E-05 -2.351E+00  8.114E+07  2.985E-13  3.116E+12
  5.099E+03  5.118E+03  1.390E-05 -2.675E+00  8.116E+07  2.959E-13  3.144E+12
  5.136E+03  5.155E+03  1.377E-05 -2.103E+00  8.116E+07  2.933E-13  3.172E+12
  5.173E+03  5.192E+03  1.364E-05 -2.719E+00  8.114E+07  2.905E-13  3.201E+12
  5.210E+03  5.229E+03  1.353E-05 -2.281E+00  8.116E+07  2.881E-13  3.229E+12
  5.248E+03  5.267E+03  1.340E-05 -2.307E+00  8.114E+07  2.853E-13  3.259E+12
  5.286E+03  5.305E+03  1.329E-05 -2.732E+00  8.115E+07  2.829E-13  3.288E+12
  5.324E+03  5.343E+03  1.317E-05 -2.013E+00  8.116E+07  2.804E-13  3.317E+12
  5.362E+03  5.382E+03  1.305E-05 -2.629E+00  8.113E+07  2.777E-13  3.348E+12
  5.401E+03  5.420E+03  1.294E-05 -2.492E+00  8.116E+07  2.756E-13  3.376E+12
  5.440E+03  5.459E+03  1.282E-05 -1.990E+00  8.114E+07  2.730E-13  3.406E+12
  5.479E+03  5.499E+03  1.271E-05 -2.822E+00  8.113E+07  2.705E-13  3.437E+12
  5.519E+03  5.538E+03  1.260E-05 -2.262E+00  8.116E+07  2.684E-13  3.466E+12
  5.558E+03  5.578E+03  1.249E-05 -2.038E+00  8.113E+07  2.659E-13  3.497E+12
  5.598E+03  5.619E+03  1.238E-05 -2.918E+00  8.113E+07  2.635E-13  3.528E+12
  5.639E+03  5.659E+03  1.228E-05 -2.152E+00  8.116E+07  2.616E-13  3.557E+12
  5.679E+03  5.700E+03  1.217E-05 -1.990E+00  8.113E+07  2.591E-13  3.589E+12
  5.720E+03  5.741E+03  1.206E-05 -2.997E+00  8.112E+07  2.568E-13  3.620E+12
  5.762E+03  5.782E+03  1.197E-05 -2.236E+00  8.116E+07  2.549E-13  3.650E+12
  5.803E+03  5.824E+03  1.186E-05 -1.760E+00  8.114E+07  2.526E-13  3.682E+12
  5.845E+03  5.866E+03  1.175E-05 -2.972E+00  8.110E+07  2.502E-13  3.715E+12
  5.887E+03  5.908E+03  1.167E-05 -2.674E+00  8.115E+07  2.484E-13  3.744E+12
  5.930E+03  5.951E+03  1.157E-05 -1.502E+00  8.116E+07  2.464E-13  3.776E+12
  5.972E+03  5.994E+03  1.146E-05 -2.434E+00  8.110E+07  2.439E-13  3.810E+12
  6.015E+03  6.037E+03  1.137E-05 -3.389E+00  8.111E+07  2.419E-13  3.842E+12
  6.059E+03  6.081E+03  1.129E-05 -2.067E+00  8.117E+07  2.404E-13  3.871E+12
  6.102E+03  6.124E+03  1.119E-05 -1.282E+00  8.115E+07  2.382E-13  3.904E+12
  6.146E+03  6.168E+03  1.108E-05 -2.853E+00  8.108E+07  2.357E-13  3.940E+12
  6.191E+03  6.213E+03  1.099E-05 -3.849E+00  8.109E+07  2.339E-13  3.972E+12
  6.235E+03  6.258E+03  1.092E-05 -2.318E+00  8.117E+07  2.325E-13  4.001E+12
  6.280E+03  6.303E+03  1.083E-05 -8.925E-01  8.117E+07  2.307E-13  4.034E+12
  6.325E+03  6.348E+03  1.073E-05 -2.062E+00  8.109E+07  2.282E-13  4.071E+12
  6.371E+03  6.394E+03  1.063E-05 -4.348E+00  8.102E+07  2.259E-13  4.107E+12
  6.417E+03  6.440E+03  1.055E-05 -4.791E+00  8.105E+07  2.243E-13  4.139E+12
  6.463E+03  6.487E+03  1.048E-05 -3.037E+00  8.113E+07  2.231E-13  4.169E+12
  6.510E+03  6.533E+03  1.040E-05 -1.449E+00  8.116E+07  2.214E-13  4.201E+12
  6.557E+03  6.580E+03  1.030E-05 -2.050E+00  8.109E+07  2.192E-13  4.238E+12
  6.604E+03  6.628E+03  1.019E-05 -4.740E+00  8.096E+07  2.166E-13  4.278E+12
  6.652E+03  6.676E+03  1.009E-05 -8.067E+00  8.083E+07  2.140E-13  4.318E+12
  6.700E+03  6.724E+03  9.998E-06 -1.061E+01  8.075E+07  2.118E-13  4.356E+12
  6.748E+03  6.772E+03  9.915E-06 -1.173E+01  8.073E+07  2.100E-13  4.392E+12
  6.796E+03  6.821E+03  9.841E-06 -1.161E+01  8.075E+07  2.085E-13  4.425E+12
  6.845E+03  6.870E+03  9.772E-06 -1.073E+01  8.079E+07  2.072E-13  4.458E+12
  6.895E+03  6.920E+03  9.705E-06 -9.538E+00  8.083E+07  2.058E-13  4.490E+12
  6.944E+03  6.970E+03  9.638E-06 -8.323E+00  8.088E+07  2.045E-13  4.523E+12
  6.995E+03  7.020E+03  9.570E-06 -7.226E+00  8.091E+07  2.032E-13  4.556E+12
  7.045E+03  7.070E+03  9.503E-06 -6.291E+00  8.095E+07  2.018E-13  4.590E+12
  7.096E+03  7.121E+03  9.434E-06 -5.515E+00  8.097E+07  2.005E-13  4.624E+12
  7.147E+03  7.173E+03  9.366E-06 -4.875E+00  8.099E+07  1.991E-13  4.658E+12
  7.198E+03  7.224E+03  9.298E-06 -4.347E+00  8.101E+07  1.977E-13  4.693E+12
  7.250E+03  7.276E+03  9.231E-06 -3.909E+00  8.103E+07  1.963E-13  4.728E+12
  7.302E+03  7.329E+03  9.163E-06 -3.543E+00  8.104E+07  1.949E-13  4.763E+12
  7.355E+03  7.382E+03  9.096E-06 -3.234E+00  8.105E+07  1.935E-13  4.799E+12
  7.408E+03  7.435E+03  9.030E-06 -2.973E+00  8.106E+07  1.921E-13  4.834E+12
  7.462E+03  7.488E+03  8.964E-06 -2.750E+00  8.107E+07  1.907E-13  4.870E+12
  7.515E+03  7.542E+03  8.898E-06 -2.559E+00  8.107E+07  1.893E-13  4.906E+12
  7.569E+03  7.597E+03  8.833E-06 -2.393E+00  8.108E+07  1.879E-13  4.943E+12
  7.624E+03  7.651E+03  8.769E-06 -2.249E+00  8.109E+07  1.866E-13  4.979E+12
  7.679E+03  7.707E+03  8.705E-06 -2.123E+00  8.109E+07  1.852E-13  5.016E+12
  7.734E+03  7.762E+03  8.642E-06 -2.012E+00  8.109E+07  1.839E-13  5.052E+12
  7.790E+03  7.818E+03  8.580E-06 -1.914E+00  8.110E+07  1.826E-13  5.089E+12
  7.846E+03  7.874E+03  8.518E-06 -1.827E+00  8.110E+07  1.813E-13  5.126E+12
  7.903E+03  7.931E+03  8.457E-06 -1.749E+00  8.111E+07  1.800E-13  5.163E+12
  7.960E+03  7.988E+03  8.397E-06 -1.680E+00  8.111E+07  1.787E-13  5.201E+12
  8.017E+03  8.046E+03  8.337E-06 -1.618E+00  8.111E+07  1.774E-13  5.238E+12
  8.075E+03  8.104E+03  8.277E-06 -1.562E+00  8.111E+07  1.762E-13  5.276E+12
  8.133E+03  8.162E+03  8.219E-06 -1.511E+00  8.112E+07  1.749E-13  5.313E+12
  8.192E+03  8.221E+03  8.161E-06 -1.466E+00  8.112E+07  1.737E-13  5.351E+12
  8.251E+03  8.280E+03  8.104E-06 -1.426E+00  8.112E+07  1.725E-13  5.389E+12
  8.310E+03  8.340E+03  8.047E-06 -1.389E+00  8.112E+07  1.713E-13  5.427E+12
  8.370E+03  8.400E+03  7.991E-06 -1.356E+00  8.113E+07  1.701E-13  5.466E+12
  8.430E+03  8.461E+03  7.935E-06 -1.327E+00  8.113E+07  1.689E-13  5.504E+12
  8.491E+03  8.522E+03  7.880E-06 -1.301E+00  8.113E+07  1.678E-13  5.542E+12
  8.552E+03  8.583E+03  7.826E-06 -1.278E+00  8.113E+07  1.666E-13  5.581E+12
  8.614E+03  8.645E+03  7.772E-06 -1.257E+00  8.113E+07  1.655E-13  5.620E+12
  8.676E+03  8.707E+03  7.719E-06 -1.239E+00  8.114E+07  1.643E-13  5.658E+12
  8.738E+03  8.770E+03  7.666E-06 -1.224E+00  8.114E+07  1.632E-13  5.697E+12
  8.801E+03  8.833E+03  7.614E-06 -1.212E+00  8.114E+07  1.621E-13  5.736E+12
  8.865E+03  8.897E+03  7.563E-06 -1.201E+00  8.114E+07  1.610E-13  5.775E+12
  8.929E+03  8.961E+03  7.514E-06 -1.194E+00  8.112E+07  1.599E-13  5.812E+12
  8.993E+03  9.025E+03  7.514E-06 -1.194E+00  8.112E+07  1.599E-13  5.812E+12
