  5.000E-02  7.518E-02  9.777E+03 -7.089E+01  1.000E+04  2.565E-08  1.000E+00
  1.004E-01  1.257E-01  8.795E+02 -1.969E+02  1.000E+04  2.308E-09  1.000E+00
  1.511E-01  1.766E-01  2.454E+02 -3.183E+02  1.000E+04  6.439E-10  1.000E+00
  2.022E-01  2.279E-01  9.674E+01 -4.556E+02  1.000E+04  2.539E-10  1.000E+00
  2.536E-01  2.795E-01  4.739E+01 -5.899E+02  1.000E+04  1.243E-10  1.000E+00
  3.055E-01  3.316E-01  2.750E+01 -6.858E+02  1.000E+04  7.217E-11  1.000E+00
  3.577E-01  3.839E-01  1.888E+01 -7.111E+02  1.000E+04  4.955E-11  1.000E+00
  4.102E-01  4.367E-01  1.467E+01 -6.908E+02  5.848E+05  3.850E-11  1.000E+00
  4.632E-01  4.898E-01  1.202E+01 -6.536E+02  2.458E+06  5.351E-09  5.760E+04
  5.165E-01  5.434E-01  1.051E+01 -6.004E+02  4.448E+06  1.107E-08  2.151E+05
  5.702E-01  5.973E-01  9.468E+00 -5.507E+02  5.752E+06  1.352E-08  3.623E+05
  6.243E-01  6.516E-01  8.516E+00 -5.130E+02  6.796E+06  1.466E-08  5.166E+05
  6.788E-01  7.063E-01  7.689E+00 -4.820E+02  7.668E+06  1.509E-08  6.784E+05
  7.337E-01  7.614E-01  6.977E+00 -4.557E+02  8.418E+06  1.513E-08  8.484E+05
  7.890E-01  8.168E-01  6.361E+00 -4.329E+02  9.074E+06  1.493E-08  1.027E+06
  8.447E-01  8.727E-01  5.826E+00 -4.130E+02  9.657E+06  1.460E-08  1.214E+06
  9.008E-01  9.290E-01  5.358E+00 -3.953E+02  1.018E+07  1.418E-08  1.410E+06
  9.573E-01  9.857E-01  4.947E+00 -3.794E+02  1.066E+07  1.372E-08  1.615E+06
  1.014E+00  1.043E+00  4.583E+00 -3.652E+02  1.109E+07  1.325E-08  1.829E+06
  1.071E+00  1.100E+00  4.260E+00 -3.522E+02  1.149E+07  1.277E-08  2.053E+06
  1.129E+00  1.158E+00  3.971E+00 -3.404E+02  1.185E+07  1.229E-08  2.285E+06
  1.187E+00  1.217E+00  3.711E+00 -3.295E+02  1.220E+07  1.183E-08  2.527E+06
  1.246E+00  1.275E+00  3.477E+00 -3.195E+02  1.251E+07  1.138E-08  2.778E+06
  1.305E+00  1.335E+00  3.266E+00 -3.103E+02  1.281E+07  1.094E-08  3.038E+06
  1.364E+00  1.394E+00  3.074E+00 -3.017E+02  1.309E+07  1.053E-08  3.308E+06
  1.424E+00  1.454E+00  2.898E+00 -2.937E+02  1.335E+07  1.013E-08  3.587E+06
  1.484E+00  1.515E+00  2.738E+00 -2.862E+02  1.360E+07  9.751E-09  3.876E+06
  1.545E+00  1.576E+00  2.591E+00 -2.792E+02  1.384E+07  9.390E-09  4.174E+06
  1.606E+00  1.637E+00  2.456E+00 -2.726E+02  1.406E+07  9.046E-09  4.481E+06
  1.668E+00  1.699E+00  2.332E+00 -2.664E+02  1.427E+07  8.719E-09  4.798E+06
  1.730E+00  1.761E+00  2.217E+00 -2.605E+02  1.448E+07  8.408E-09  5.125E+06
  1.792E+00  1.824E+00  2.111E+00 -2.550E+02  1.467E+07  8.113E-09  5.461E+06
  1.855E+00  1.887E+00  2.012E+00 -2.497E+02  1.485E+07  7.831E-09  5.807E+06
  1.918E+00  1.950E+00  1.920E+00 -2.447E+02  1.503E+07  7.563E-09  6.163E+06
  1.982E+00  2.014E+00  1.834E+00 -2.399E+02  1.520E+07  7.309E-09  6.529E+06
  2.046E+00  2.079E+00  1.754E+00 -2.353E+02  1.537E+07  7.066E-09  6.904E+06
  2.111E+00  2.144E+00  1.680E+00 -2.310E+02  1.552E+07  6.835E-09  7.290E+06
  2.176E+00  2.209E+00  1.610E+00 -2.268E+02  1.568E+07  6.615E-09  7.685E+06
  2.242E+00  2.275E+00  1.544E+00 -2.228E+02  1.582E+07  6.405E-09  8.091E+06
  2.308E+00  2.342E+00  1.482E+00 -2.190E+02  1.597E+07  6.205E-09  8.507E+06
  2.375E+00  2.408E+00  1.424E+00 -2.153E+02  1.610E+07  6.014E-09  8.933E+06
  2.442E+00  2.476E+00  1.370E+00 -2.118E+02  1.624E+07  5.832E-09  9.369E+06
  2.510E+00  2.544E+00  1.318E+00 -2.084E+02  1.637E+07  5.658E-09  9.816E+06
  2.578E+00  2.612E+00  1.269E+00 -2.051E+02  1.650E+07  5.491E-09  1.027E+07
  2.646E+00  2.681E+00  1.223E+00 -2.019E+02  1.662E+07  5.332E-09  1.074E+07
  2.715E+00  2.750E+00  1.180E+00 -1.989E+02  1.674E+07  5.180E-09  1.122E+07
  2.785E+00  2.820E+00  1.139E+00 -1.959E+02  1.686E+07  5.034E-09  1.171E+07
  2.855E+00  2.890E+00  1.100E+00 -1.931E+02  1.697E+07  4.894E-09  1.221E+07
  2.925E+00  2.961E+00  1.063E+00 -1.903E+02  1.708E+07  4.760E-09  1.272E+07
  2.996E+00  3.032E+00  1.027E+00 -1.876E+02  1.719E+07  4.632E-09  1.324E+07
  3.068E+00  3.104E+00  9.938E-01 -1.850E+02  1.730E+07  4.509E-09  1.378E+07
  3.140E+00  3.176E+00  9.619E-01 -1.825E+02  1.740E+07  4.391E-09  1.432E+07
  3.213E+00  3.249E+00  9.315E-01 -1.800E+02  1.751E+07  4.277E-09  1.488E+07
  3.286E+00  3.323E+00  9.025E-01 -1.776E+02  1.761E+07  4.168E-09  1.545E+07
  3.359E+00  3.397E+00  8.748E-01 -1.753E+02  1.771E+07  4.064E-09  1.602E+07
  3.434E+00  3.471E+00  8.484E-01 -1.730E+02  1.781E+07  3.963E-09  1.662E+07
  3.508E+00  3.546E+00  8.232E-01 -1.708E+02  1.790E+07  3.866E-09  1.722E+07
  3.584E+00  3.622E+00  7.990E-01 -1.687E+02  1.800E+07  3.773E-09  1.783E+07
  3.659E+00  3.698E+00  7.759E-01 -1.666E+02  1.810E+07  3.683E-09  1.846E+07
  3.736E+00  3.774E+00  7.538E-01 -1.645E+02  1.819E+07  3.597E-09  1.910E+07
  3.813E+00  3.851E+00  7.326E-01 -1.625E+02  1.828E+07  3.513E-09  1.975E+07
  3.890E+00  3.929E+00  7.123E-01 -1.606E+02  1.837E+07  3.433E-09  2.041E+07
  3.968E+00  4.007E+00  6.928E-01 -1.587E+02  1.846E+07  3.355E-09  2.109E+07
  4.047E+00  4.086E+00  6.741E-01 -1.568E+02  1.855E+07  3.281E-09  2.178E+07
  4.126E+00  4.166E+00  6.561E-01 -1.550E+02  1.864E+07  3.208E-09  2.248E+07
  4.206E+00  4.246E+00  6.388E-01 -1.532E+02  1.873E+07  3.139E-09  2.320E+07
  4.286E+00  4.326E+00  6.222E-01 -1.515E+02  1.882E+07  3.071E-09  2.393E+07
  4.367E+00  4.407E+00  6.062E-01 -1.498E+02  1.890E+07  3.006E-09  2.467E+07
  4.448E+00  4.489E+00  5.909E-01 -1.481E+02  1.899E+07  2.943E-09  2.542E+07
  4.530E+00  4.571E+00  5.761E-01 -1.464E+02  1.907E+07  2.883E-09  2.619E+07
  4.613E+00  4.654E+00  5.618E-01 -1.448E+02  1.916E+07  2.824E-09  2.697E+07
  4.696E+00  4.738E+00  5.480E-01 -1.433E+02  1.924E+07  2.767E-09  2.777E+07
  4.780E+00  4.822E+00  5.347E-01 -1.417E+02  1.933E+07  2.712E-09  2.858E+07
  4.864E+00  4.907E+00  5.219E-01 -1.402E+02  1.941E+07  2.658E-09  2.940E+07
  4.949E+00  4.992E+00  5.096E-01 -1.387E+02  1.950E+07  2.606E-09  3.024E+07
  5.035E+00  5.078E+00  4.977E-01 -1.372E+02  1.958E+07  2.556E-09  3.110E+07
  5.121E+00  5.165E+00  4.861E-01 -1.358E+02  1.966E+07  2.508E-09  3.196E+07
  5.208E+00  5.252E+00  4.750E-01 -1.344E+02  1.975E+07  2.461E-09  3.285E+07
  5.295E+00  5.340E+00  4.642E-01 -1.330E+02  1.983E+07  2.415E-09  3.375E+07
  5.384E+00  5.428E+00  4.538E-01 -1.316E+02  1.991E+07  2.371E-09  3.466E+07
  5.472E+00  5.517E+00  4.437E-01 -1.303E+02  1.999E+07  2.328E-09  3.559E+07
  5.562E+00  5.607E+00  4.340E-01 -1.290E+02  2.008E+07  2.286E-09  3.653E+07
  5.652E+00  5.697E+00  4.245E-01 -1.277E+02  2.016E+07  2.245E-09  3.749E+07
  5.743E+00  5.788E+00  4.153E-01 -1.264E+02  2.024E+07  2.206E-09  3.847E+07
  5.834E+00  5.880E+00  4.065E-01 -1.252E+02  2.033E+07  2.168E-09  3.946E+07
  5.926E+00  5.972E+00  3.979E-01 -1.239E+02  2.041E+07  2.130E-09  4.047E+07
  6.019E+00  6.065E+00  3.895E-01 -1.227E+02  2.049E+07  2.094E-09  4.150E+07
  6.112E+00  6.159E+00  3.815E-01 -1.215E+02  2.057E+07  2.059E-09  4.254E+07
  6.206E+00  6.253E+00  3.736E-01 -1.203E+02  2.066E+07  2.025E-09  4.360E+07
  6.301E+00  6.348E+00  3.660E-01 -1.192E+02  2.074E+07  1.991E-09  4.467E+07
  6.396E+00  6.444E+00  3.586E-01 -1.180E+02  2.082E+07  1.959E-09  4.577E+07
  6.492E+00  6.540E+00  3.514E-01 -1.169E+02  2.091E+07  1.928E-09  4.688E+07
  6.589E+00  6.637E+00  3.445E-01 -1.158E+02  2.099E+07  1.897E-09  4.801E+07
  6.686E+00  6.735E+00  3.377E-01 -1.147E+02  2.107E+07  1.867E-09  4.915E+07
  6.784E+00  6.834E+00  3.311E-01 -1.136E+02  2.116E+07  1.838E-09  5.032E+07
  6.883E+00  6.933E+00  3.247E-01 -1.126E+02  2.124E+07  1.809E-09  5.150E+07
  6.983E+00  7.033E+00  3.184E-01 -1.115E+02  2.132E+07  1.782E-09  5.271E+07
  7.083E+00  7.133E+00  3.124E-01 -1.105E+02  2.141E+07  1.755E-09  5.393E+07
  7.184E+00  7.235E+00  3.065E-01 -1.095E+02  2.149E+07  1.728E-09  5.517E+07
  7.286E+00  7.337E+00  3.008E-01 -1.085E+02  2.158E+07  1.703E-09  5.643E+07
  7.388E+00  7.440E+00  2.952E-01 -1.075E+02  2.166E+07  1.678E-09  5.771E+07
  7.491E+00  7.543E+00  2.897E-01 -1.065E+02  2.175E+07  1.653E-09  5.901E+07
  7.595E+00  7.648E+00  2.844E-01 -1.055E+02  2.184E+07  1.629E-09  6.033E+07
  7.700E+00  7.753E+00  2.793E-01 -1.046E+02  2.192E+07  1.606E-09  6.167E+07
  7.805E+00  7.859E+00  2.742E-01 -1.037E+02  2.201E+07  1.584E-09  6.303E+07
  7.912E+00  7.965E+00  2.693E-01 -1.027E+02  2.210E+07  1.561E-09  6.442E+07
  8.019E+00  8.072E+00  2.645E-01 -1.018E+02  2.218E+07  1.540E-09  6.582E+07
  8.126E+00  8.181E+00  2.599E-01 -1.009E+02  2.227E+07  1.518E-09  6.724E+07
  8.235E+00  8.289E+00  2.553E-01 -1.000E+02  2.236E+07  1.498E-09  6.869E+07
  8.344E+00  8.399E+00  2.509E-01 -9.914E+01  2.245E+07  1.478E-09  7.016E+07
  8.454E+00  8.510E+00  2.466E-01 -9.828E+01  2.254E+07  1.458E-09  7.165E+07
  8.565E+00  8.621E+00  2.423E-01 -9.742E+01  2.262E+07  1.439E-09  7.316E+07
  8.677E+00  8.733E+00  2.382E-01 -9.657E+01  2.271E+07  1.420E-09  7.470E+07
  8.789E+00  8.846E+00  2.342E-01 -9.574E+01  2.280E+07  1.401E-09  7.626E+07
  8.902E+00  8.960E+00  2.302E-01 -9.491E+01  2.289E+07  1.383E-09  7.784E+07
  9.017E+00  9.074E+00  2.264E-01 -9.409E+01  2.298E+07  1.365E-09  7.945E+07
  9.131E+00  9.189E+00  2.226E-01 -9.329E+01  2.308E+07  1.348E-09  8.108E+07
  9.247E+00  9.306E+00  2.190E-01 -9.249E+01  2.317E+07  1.331E-09  8.274E+07
  9.364E+00  9.423E+00  2.154E-01 -9.171E+01  2.326E+07  1.314E-09  8.442E+07
  9.481E+00  9.540E+00  2.119E-01 -9.093E+01  2.335E+07  1.298E-09  8.612E+07
  9.600E+00  9.659E+00  2.085E-01 -9.016E+01  2.344E+07  1.282E-09  8.785E+07
  9.719E+00  9.779E+00  2.051E-01 -8.940E+01  2.354E+07  1.267E-09  8.961E+07
  9.839E+00  9.899E+00  2.018E-01 -8.865E+01  2.363E+07  1.251E-09  9.139E+07
  9.959E+00  1.002E+01  1.986E-01 -8.791E+01  2.373E+07  1.236E-09  9.320E+07
  1.008E+01  1.014E+01  1.955E-01 -8.718E+01  2.382E+07  1.222E-09  9.504E+07
  1.020E+01  1.027E+01  1.924E-01 -8.645E+01  2.392E+07  1.207E-09  9.690E+07
  1.033E+01  1.039E+01  1.894E-01 -8.574E+01  2.401E+07  1.193E-09  9.879E+07
  1.045E+01  1.051E+01  1.865E-01 -8.503E+01  2.411E+07  1.180E-09  1.007E+08
  1.058E+01  1.064E+01  1.836E-01 -8.433E+01  2.420E+07  1.166E-09  1.027E+08
  1.070E+01  1.077E+01  1.808E-01 -8.364E+01  2.430E+07  1.153E-09  1.046E+08
  1.083E+01  1.089E+01  1.780E-01 -8.295E+01  2.440E+07  1.140E-09  1.066E+08
  1.096E+01  1.102E+01  1.753E-01 -8.228E+01  2.450E+07  1.127E-09  1.087E+08
  1.109E+01  1.115E+01  1.727E-01 -8.161E+01  2.459E+07  1.114E-09  1.107E+08
  1.122E+01  1.128E+01  1.701E-01 -8.095E+01  2.469E+07  1.102E-09  1.128E+08
  1.135E+01  1.141E+01  1.675E-01 -8.029E+01  2.479E+07  1.090E-09  1.149E+08
  1.148E+01  1.155E+01  1.650E-01 -7.965E+01  2.489E+07  1.078E-09  1.171E+08
  1.161E+01  1.168E+01  1.626E-01 -7.901E+01  2.499E+07  1.066E-09  1.193E+08
  1.175E+01  1.181E+01  1.602E-01 -7.837E+01  2.509E+07  1.055E-09  1.215E+08
  1.188E+01  1.195E+01  1.579E-01 -7.775E+01  2.520E+07  1.044E-09  1.237E+08
  1.202E+01  1.208E+01  1.556E-01 -7.713E+01  2.530E+07  1.033E-09  1.260E+08
  1.215E+01  1.222E+01  1.533E-01 -7.651E+01  2.540E+07  1.022E-09  1.283E+08
  1.229E+01  1.236E+01  1.511E-01 -7.591E+01  2.550E+07  1.011E-09  1.307E+08
  1.243E+01  1.250E+01  1.489E-01 -7.531E+01  2.561E+07  1.001E-09  1.330E+08
  1.257E+01  1.264E+01  1.468E-01 -7.472E+01  2.571E+07  9.902E-10  1.355E+08
  1.271E+01  1.278E+01  1.447E-01 -7.413E+01  2.582E+07  9.801E-10  1.379E+08
  1.285E+01  1.292E+01  1.426E-01 -7.355E+01  2.592E+07  9.701E-10  1.404E+08
  1.299E+01  1.306E+01  1.406E-01 -7.298E+01  2.603E+07  9.603E-10  1.429E+08
  1.314E+01  1.321E+01  1.386E-01 -7.241E+01  2.613E+07  9.507E-10  1.455E+08
  1.328E+01  1.335E+01  1.367E-01 -7.185E+01  2.624E+07  9.412E-10  1.480E+08
  1.343E+01  1.350E+01  1.348E-01 -7.129E+01  2.635E+07  9.319E-10  1.507E+08
  1.357E+01  1.365E+01  1.329E-01 -7.074E+01  2.645E+07  9.227E-10  1.533E+08
  1.372E+01  1.379E+01  1.311E-01 -7.019E+01  2.656E+07  9.137E-10  1.560E+08
  1.387E+01  1.394E+01  1.293E-01 -6.966E+01  2.667E+07  9.048E-10  1.588E+08
  1.402E+01  1.409E+01  1.275E-01 -6.912E+01  2.678E+07  8.960E-10  1.616E+08
  1.417E+01  1.425E+01  1.258E-01 -6.859E+01  2.689E+07  8.874E-10  1.644E+08
  1.432E+01  1.440E+01  1.241E-01 -6.807E+01  2.700E+07  8.790E-10  1.672E+08
  1.447E+01  1.455E+01  1.224E-01 -6.755E+01  2.711E+07  8.706E-10  1.701E+08
  1.463E+01  1.471E+01  1.207E-01 -6.704E+01  2.722E+07  8.624E-10  1.731E+08
  1.478E+01  1.486E+01  1.191E-01 -6.654E+01  2.734E+07  8.543E-10  1.760E+08
  1.494E+01  1.502E+01  1.175E-01 -6.604E+01  2.745E+07  8.463E-10  1.791E+08
  1.510E+01  1.518E+01  1.159E-01 -6.554E+01  2.756E+07  8.385E-10  1.821E+08
  1.526E+01  1.534E+01  1.144E-01 -6.505E+01  2.768E+07  8.308E-10  1.852E+08
  1.542E+01  1.550E+01  1.129E-01 -6.456E+01  2.779E+07  8.231E-10  1.884E+08
  1.558E+01  1.566E+01  1.114E-01 -6.408E+01  2.790E+07  8.156E-10  1.916E+08
  1.574E+01  1.582E+01  1.099E-01 -6.360E+01  2.802E+07  8.082E-10  1.948E+08
  1.590E+01  1.599E+01  1.085E-01 -6.313E+01  2.814E+07  8.009E-10  1.981E+08
  1.607E+01  1.615E+01  1.071E-01 -6.267E+01  2.825E+07  7.937E-10  2.014E+08
  1.623E+01  1.632E+01  1.057E-01 -6.220E+01  2.837E+07  7.867E-10  2.048E+08
  1.640E+01  1.648E+01  1.043E-01 -6.175E+01  2.849E+07  7.797E-10  2.082E+08
  1.657E+01  1.665E+01  1.030E-01 -6.129E+01  2.861E+07  7.728E-10  2.117E+08
  1.674E+01  1.682E+01  1.016E-01 -6.084E+01  2.872E+07  7.660E-10  2.152E+08
  1.691E+01  1.699E+01  1.003E-01 -6.040E+01  2.884E+07  7.593E-10  2.188E+08
  1.708E+01  1.717E+01  9.904E-02 -5.996E+01  2.896E+07  7.527E-10  2.224E+08
  1.725E+01  1.734E+01  9.777E-02 -5.953E+01  2.908E+07  7.461E-10  2.260E+08
  1.743E+01  1.752E+01  9.653E-02 -5.910E+01  2.920E+07  7.397E-10  2.297E+08
  1.760E+01  1.769E+01  9.530E-02 -5.867E+01  2.933E+07  7.333E-10  2.335E+08
  1.778E+01  1.787E+01  9.410E-02 -5.825E+01  2.945E+07  7.271E-10  2.373E+08
  1.796E+01  1.805E+01  9.291E-02 -5.783E+01  2.957E+07  7.209E-10  2.412E+08
  1.814E+01  1.823E+01  9.174E-02 -5.741E+01  2.969E+07  7.148E-10  2.451E+08
  1.832E+01  1.841E+01  9.059E-02 -5.700E+01  2.982E+07  7.087E-10  2.491E+08
  1.850E+01  1.859E+01  8.945E-02 -5.660E+01  2.994E+07  7.028E-10  2.531E+08
  1.868E+01  1.877E+01  8.834E-02 -5.620E+01  3.007E+07  6.969E-10  2.572E+08
  1.887E+01  1.896E+01  8.724E-02 -5.580E+01  3.019E+07  6.911E-10  2.613E+08
  1.905E+01  1.915E+01  8.616E-02 -5.540E+01  3.032E+07  6.854E-10  2.655E+08
  1.924E+01  1.933E+01  8.509E-02 -5.501E+01  3.044E+07  6.797E-10  2.698E+08
  1.943E+01  1.952E+01  8.404E-02 -5.463E+01  3.057E+07  6.741E-10  2.741E+08
  1.962E+01  1.971E+01  8.301E-02 -5.424E+01  3.070E+07  6.686E-10  2.785E+08
  1.981E+01  1.991E+01  8.199E-02 -5.386E+01  3.083E+07  6.632E-10  2.829E+08
  2.000E+01  2.010E+01  8.098E-02 -5.349E+01  3.096E+07  6.578E-10  2.874E+08
  2.020E+01  2.029E+01  7.999E-02 -5.312E+01  3.108E+07  6.525E-10  2.920E+08
  2.039E+01  2.049E+01  7.902E-02 -5.275E+01  3.121E+07  6.472E-10  2.966E+08
  2.059E+01  2.069E+01  7.806E-02 -5.238E+01  3.135E+07  6.420E-10  3.012E+08
  2.079E+01  2.089E+01  7.711E-02 -5.202E+01  3.148E+07  6.369E-10  3.060E+08
  2.099E+01  2.109E+01  7.618E-02 -5.166E+01  3.161E+07  6.318E-10  3.108E+08
  2.119E+01  2.129E+01  7.526E-02 -5.131E+01  3.174E+07  6.268E-10  3.157E+08
  2.139E+01  2.149E+01  7.435E-02 -5.096E+01  3.187E+07  6.218E-10  3.206E+08
  2.159E+01  2.170E+01  7.346E-02 -5.061E+01  3.200E+07  6.169E-10  3.256E+08
  2.180E+01  2.190E+01  7.258E-02 -5.026E+01  3.214E+07  6.120E-10  3.307E+08
  2.201E+01  2.211E+01  7.171E-02 -4.992E+01  3.227E+07  6.072E-10  3.358E+08
  2.222E+01  2.232E+01  7.085E-02 -4.959E+01  3.241E+07  6.025E-10  3.410E+08
  2.243E+01  2.253E+01  7.001E-02 -4.925E+01  3.254E+07  5.978E-10  3.463E+08
  2.264E+01  2.274E+01  6.918E-02 -4.892E+01  3.268E+07  5.931E-10  3.516E+08
  2.285E+01  2.296E+01  6.836E-02 -4.859E+01  3.281E+07  5.886E-10  3.570E+08
  2.306E+01  2.317E+01  6.755E-02 -4.826E+01  3.295E+07  5.840E-10  3.625E+08
  2.328E+01  2.339E+01  6.675E-02 -4.794E+01  3.309E+07  5.795E-10  3.681E+08
  2.350E+01  2.361E+01  6.596E-02 -4.762E+01  3.323E+07  5.751E-10  3.737E+08
  2.372E+01  2.383E+01  6.518E-02 -4.731E+01  3.336E+07  5.707E-10  3.794E+08
  2.394E+01  2.405E+01  6.442E-02 -4.699E+01  3.350E+07  5.663E-10  3.852E+08
  2.416E+01  2.427E+01  6.366E-02 -4.668E+01  3.364E+07  5.620E-10  3.911E+08
  2.438E+01  2.450E+01  6.292E-02 -4.637E+01  3.378E+07  5.577E-10  3.970E+08
  2.461E+01  2.472E+01  6.218E-02 -4.607E+01  3.392E+07  5.535E-10  4.031E+08
  2.484E+01  2.495E+01  6.146E-02 -4.577E+01  3.406E+07  5.493E-10  4.092E+08
  2.507E+01  2.518E+01  6.074E-02 -4.547E+01  3.421E+07  5.452E-10  4.154E+08
  2.530E+01  2.541E+01  6.004E-02 -4.517E+01  3.435E+07  5.411E-10  4.216E+08
  2.553E+01  2.565E+01  5.934E-02 -4.488E+01  3.449E+07  5.371E-10  4.280E+08
  2.576E+01  2.588E+01  5.866E-02 -4.459E+01  3.463E+07  5.331E-10  4.344E+08
  2.600E+01  2.612E+01  5.798E-02 -4.430E+01  3.478E+07  5.291E-10  4.409E+08
  2.623E+01  2.635E+01  5.731E-02 -4.401E+01  3.492E+07  5.251E-10  4.475E+08
  2.647E+01  2.659E+01  5.665E-02 -4.373E+01  3.507E+07  5.212E-10  4.542E+08
  2.671E+01  2.684E+01  5.600E-02 -4.345E+01  3.521E+07  5.174E-10  4.610E+08
  2.696E+01  2.708E+01  5.535E-02 -4.317E+01  3.536E+07  5.136E-10  4.679E+08
  2.720E+01  2.732E+01  5.472E-02 -4.289E+01  3.550E+07  5.098E-10  4.748E+08
  2.745E+01  2.757E+01  5.409E-02 -4.262E+01  3.565E+07  5.060E-10  4.819E+08
  2.769E+01  2.782E+01  5.348E-02 -4.235E+01  3.580E+07  5.023E-10  4.890E+08
  2.794E+01  2.807E+01  5.287E-02 -4.208E+01  3.595E+07  4.986E-10  4.963E+08
  2.819E+01  2.832E+01  5.226E-02 -4.181E+01  3.609E+07  4.950E-10  5.036E+08
  2.845E+01  2.857E+01  5.167E-02 -4.155E+01  3.624E+07  4.914E-10  5.111E+08
  2.870E+01  2.883E+01  5.108E-02 -4.129E+01  3.639E+07  4.878E-10  5.186E+08
  2.896E+01  2.909E+01  5.050E-02 -4.103E+01  3.654E+07  4.842E-10  5.262E+08
  2.922E+01  2.935E+01  4.993E-02 -4.077E+01  3.669E+07  4.807E-10  5.340E+08
  2.948E+01  2.961E+01  4.937E-02 -4.052E+01  3.684E+07  4.772E-10  5.418E+08
  2.974E+01  2.987E+01  4.881E-02 -4.027E+01  3.699E+07  4.738E-10  5.496E+08
  3.000E+01  3.014E+01  4.826E-02 -4.002E+01  3.715E+07  4.704E-10  5.573E+08
  3.027E+01  3.040E+01  4.771E-02 -3.977E+01  3.730E+07  4.670E-10  5.652E+08
  3.054E+01  3.067E+01  4.718E-02 -3.952E+01  3.745E+07  4.636E-10  5.731E+08
  3.081E+01  3.094E+01  4.665E-02 -3.928E+01  3.760E+07  4.603E-10  5.811E+08
  3.108E+01  3.122E+01  4.612E-02 -3.904E+01  3.776E+07  4.570E-10  5.893E+08
  3.135E+01  3.149E+01  4.560E-02 -3.880E+01  3.791E+07  4.537E-10  5.975E+08
  3.163E+01  3.177E+01  4.509E-02 -3.856E+01  3.807E+07  4.504E-10  6.059E+08
  3.191E+01  3.205E+01  4.459E-02 -3.832E+01  3.822E+07  4.472E-10  6.143E+08
  3.219E+01  3.233E+01  4.409E-02 -3.809E+01  3.838E+07  4.440E-10  6.229E+08
  3.247E+01  3.261E+01  4.360E-02 -3.786E+01  3.854E+07  4.408E-10  6.316E+08
  3.275E+01  3.290E+01  4.311E-02 -3.763E+01  3.870E+07  4.377E-10  6.404E+08
  3.304E+01  3.318E+01  4.263E-02 -3.741E+01  3.885E+07  4.346E-10  6.493E+08
  3.333E+01  3.347E+01  4.215E-02 -3.718E+01  3.901E+07  4.315E-10  6.584E+08
  3.362E+01  3.376E+01  4.168E-02 -3.696E+01  3.917E+07  4.284E-10  6.675E+08
  3.391E+01  3.406E+01  4.122E-02 -3.674E+01  3.933E+07  4.254E-10  6.768E+08
  3.420E+01  3.435E+01  4.076E-02 -3.652E+01  3.949E+07  4.224E-10  6.862E+08
  3.450E+01  3.465E+01  4.031E-02 -3.630E+01  3.965E+07  4.194E-10  6.957E+08
  3.480E+01  3.495E+01  3.986E-02 -3.608E+01  3.982E+07  4.164E-10  7.053E+08
  3.510E+01  3.525E+01  3.942E-02 -3.587E+01  3.998E+07  4.135E-10  7.151E+08
  3.540E+01  3.555E+01  3.898E-02 -3.566E+01  4.014E+07  4.105E-10  7.250E+08
  3.571E+01  3.586E+01  3.855E-02 -3.545E+01  4.030E+07  4.076E-10  7.350E+08
  3.601E+01  3.617E+01  3.812E-02 -3.524E+01  4.047E+07  4.048E-10  7.451E+08
  3.632E+01  3.648E+01  3.770E-02 -3.503E+01  4.063E+07  4.019E-10  7.554E+08
  3.663E+01  3.679E+01  3.728E-02 -3.483E+01  4.080E+07  3.991E-10  7.658E+08
  3.695E+01  3.710E+01  3.687E-02 -3.463E+01  4.096E+07  3.963E-10  7.764E+08
  3.726E+01  3.742E+01  3.646E-02 -3.442E+01  4.113E+07  3.935E-10  7.870E+08
  3.758E+01  3.774E+01  3.606E-02 -3.422E+01  4.129E+07  3.907E-10  7.979E+08
  3.790E+01  3.806E+01  3.566E-02 -3.403E+01  4.146E+07  3.880E-10  8.088E+08
  3.822E+01  3.839E+01  3.527E-02 -3.383E+01  4.163E+07  3.853E-10  8.199E+08
  3.855E+01  3.871E+01  3.488E-02 -3.363E+01  4.180E+07  3.826E-10  8.312E+08
  3.888E+01  3.904E+01  3.450E-02 -3.344E+01  4.196E+07  3.799E-10  8.425E+08
  3.921E+01  3.937E+01  3.412E-02 -3.325E+01  4.213E+07  3.772E-10  8.541E+08
  3.954E+01  3.971E+01  3.375E-02 -3.306E+01  4.230E+07  3.746E-10  8.657E+08
  3.987E+01  4.004E+01  3.337E-02 -3.287E+01  4.247E+07  3.719E-10  8.776E+08
  4.021E+01  4.038E+01  3.301E-02 -3.268E+01  4.264E+07  3.693E-10  8.895E+08
  4.055E+01  4.072E+01  3.265E-02 -3.250E+01  4.281E+07  3.667E-10  9.017E+08
  4.089E+01  4.106E+01  3.229E-02 -3.231E+01  4.298E+07  3.642E-10  9.139E+08
  4.124E+01  4.141E+01  3.194E-02 -3.213E+01  4.315E+07  3.616E-10  9.264E+08
  4.158E+01  4.176E+01  3.159E-02 -3.195E+01  4.333E+07  3.591E-10  9.390E+08
  4.193E+01  4.211E+01  3.124E-02 -3.177E+01  4.350E+07  3.566E-10  9.517E+08
  4.229E+01  4.246E+01  3.090E-02 -3.159E+01  4.367E+07  3.541E-10  9.647E+08
  4.264E+01  4.282E+01  3.056E-02 -3.142E+01  4.384E+07  3.516E-10  9.777E+08
  4.300E+01  4.318E+01  3.023E-02 -3.124E+01  4.402E+07  3.492E-10  9.910E+08
  4.336E+01  4.354E+01  2.990E-02 -3.107E+01  4.419E+07  3.467E-10  1.004E+09
  4.372E+01  4.390E+01  2.957E-02 -3.089E+01  4.437E+07  3.443E-10  1.018E+09
  4.408E+01  4.427E+01  2.925E-02 -3.072E+01  4.454E+07  3.419E-10  1.032E+09
  4.445E+01  4.464E+01  2.893E-02 -3.055E+01  4.472E+07  3.395E-10  1.046E+09
  4.482E+01  4.501E+01  2.862E-02 -3.039E+01  4.489E+07  3.371E-10  1.060E+09
  4.519E+01  4.538E+01  2.831E-02 -3.022E+01  4.507E+07  3.348E-10  1.074E+09
  4.557E+01  4.576E+01  2.800E-02 -3.005E+01  4.524E+07  3.324E-10  1.089E+09
  4.595E+01  4.614E+01  2.770E-02 -2.989E+01  4.542E+07  3.301E-10  1.103E+09
  4.633E+01  4.652E+01  2.740E-02 -2.973E+01  4.560E+07  3.278E-10  1.118E+09
  4.671E+01  4.690E+01  2.710E-02 -2.957E+01  4.577E+07  3.255E-10  1.133E+09
  4.710E+01  4.729E+01  2.681E-02 -2.941E+01  4.595E+07  3.232E-10  1.148E+09
  4.749E+01  4.768E+01  2.652E-02 -2.925E+01  4.613E+07  3.210E-10  1.164E+09
  4.788E+01  4.808E+01  2.623E-02 -2.909E+01  4.631E+07  3.187E-10  1.179E+09
  4.827E+01  4.847E+01  2.595E-02 -2.894E+01  4.649E+07  3.165E-10  1.195E+09
  4.867E+01  4.887E+01  2.566E-02 -2.878E+01  4.667E+07  3.143E-10  1.211E+09
  4.907E+01  4.927E+01  2.539E-02 -2.863E+01  4.685E+07  3.121E-10  1.227E+09
  4.947E+01  4.968E+01  2.511E-02 -2.848E+01  4.702E+07  3.099E-10  1.244E+09
  4.988E+01  5.009E+01  2.484E-02 -2.833E+01  4.720E+07  3.077E-10  1.260E+09
  5.029E+01  5.050E+01  2.457E-02 -2.818E+01  4.738E+07  3.055E-10  1.277E+09
  5.070E+01  5.091E+01  2.431E-02 -2.803E+01  4.757E+07  3.034E-10  1.294E+09
  5.112E+01  5.133E+01  2.405E-02 -2.788E+01  4.775E+07  3.013E-10  1.311E+09
  5.154E+01  5.175E+01  2.379E-02 -2.774E+01  4.793E+07  2.992E-10  1.329E+09
  5.196E+01  5.217E+01  2.353E-02 -2.759E+01  4.811E+07  2.971E-10  1.346E+09
  5.238E+01  5.259E+01  2.328E-02 -2.745E+01  4.829E+07  2.950E-10  1.364E+09
  5.281E+01  5.302E+01  2.303E-02 -2.731E+01  4.847E+07  2.929E-10  1.382E+09
  5.324E+01  5.345E+01  2.278E-02 -2.717E+01  4.865E+07  2.908E-10  1.400E+09
  5.367E+01  5.389E+01  2.254E-02 -2.703E+01  4.883E+07  2.888E-10  1.419E+09
  5.411E+01  5.433E+01  2.229E-02 -2.689E+01  4.902E+07  2.867E-10  1.438E+09
  5.455E+01  5.477E+01  2.205E-02 -2.675E+01  4.920E+07  2.847E-10  1.457E+09
  5.499E+01  5.521E+01  2.182E-02 -2.662E+01  4.938E+07  2.827E-10  1.476E+09
  5.544E+01  5.566E+01  2.158E-02 -2.648E+01  4.957E+07  2.807E-10  1.495E+09
  5.588E+01  5.611E+01  2.135E-02 -2.635E+01  4.975E+07  2.787E-10  1.515E+09
  5.634E+01  5.657E+01  2.112E-02 -2.622E+01  4.993E+07  2.768E-10  1.535E+09
  5.679E+01  5.702E+01  2.090E-02 -2.608E+01  5.011E+07  2.748E-10  1.555E+09
  5.725E+01  5.748E+01  2.067E-02 -2.595E+01  5.030E+07  2.729E-10  1.576E+09
  5.771E+01  5.795E+01  2.045E-02 -2.582E+01  5.048E+07  2.709E-10  1.596E+09
  5.818E+01  5.841E+01  2.023E-02 -2.569E+01  5.067E+07  2.690E-10  1.617E+09
  5.865E+01  5.888E+01  2.002E-02 -2.556E+01  5.085E+07  2.671E-10  1.638E+09
  5.912E+01  5.936E+01  1.980E-02 -2.544E+01  5.103E+07  2.652E-10  1.660E+09
  5.960E+01  5.984E+01  1.959E-02 -2.531E+01  5.122E+07  2.633E-10  1.681E+09
  6.008E+01  6.032E+01  1.938E-02 -2.519E+01  5.140E+07  2.614E-10  1.703E+09
  6.056E+01  6.080E+01  1.918E-02 -2.506E+01  5.159E+07  2.596E-10  1.726E+09
  6.104E+01  6.129E+01  1.897E-02 -2.494E+01  5.177E+07  2.577E-10  1.748E+09
  6.153E+01  6.178E+01  1.877E-02 -2.481E+01  5.196E+07  2.559E-10  1.771E+09
  6.203E+01  6.227E+01  1.857E-02 -2.469E+01  5.214E+07  2.540E-10  1.794E+09
  6.252E+01  6.277E+01  1.837E-02 -2.457E+01  5.233E+07  2.522E-10  1.817E+09
  6.302E+01  6.328E+01  1.817E-02 -2.445E+01  5.251E+07  2.504E-10  1.841E+09
  6.353E+01  6.378E+01  1.798E-02 -2.433E+01  5.269E+07  2.486E-10  1.865E+09
  6.403E+01  6.429E+01  1.779E-02 -2.421E+01  5.288E+07  2.468E-10  1.889E+09
  6.455E+01  6.480E+01  1.760E-02 -2.409E+01  5.306E+07  2.451E-10  1.913E+09
  6.506E+01  6.532E+01  1.741E-02 -2.398E+01  5.325E+07  2.433E-10  1.938E+09
  6.558E+01  6.584E+01  1.723E-02 -2.386E+01  5.343E+07  2.416E-10  1.963E+09
  6.610E+01  6.636E+01  1.704E-02 -2.374E+01  5.362E+07  2.398E-10  1.989E+09
  6.663E+01  6.689E+01  1.686E-02 -2.363E+01  5.380E+07  2.381E-10  2.014E+09
  6.716E+01  6.742E+01  1.668E-02 -2.352E+01  5.399E+07  2.364E-10  2.040E+09
  6.769E+01  6.796E+01  1.651E-02 -2.340E+01  5.417E+07  2.346E-10  2.066E+09
  6.823E+01  6.850E+01  1.633E-02 -2.329E+01  5.436E+07  2.329E-10  2.093E+09
  6.877E+01  6.904E+01  1.616E-02 -2.318E+01  5.454E+07  2.313E-10  2.120E+09
  6.931E+01  6.959E+01  1.599E-02 -2.307E+01  5.473E+07  2.296E-10  2.147E+09
  6.986E+01  7.014E+01  1.582E-02 -2.296E+01  5.491E+07  2.279E-10  2.175E+09
  7.042E+01  7.069E+01  1.565E-02 -2.285E+01  5.510E+07  2.262E-10  2.203E+09
  7.097E+01  7.125E+01  1.548E-02 -2.274E+01  5.528E+07  2.246E-10  2.231E+09
  7.153E+01  7.182E+01  1.532E-02 -2.263E+01  5.546E+07  2.230E-10  2.259E+09
  7.210E+01  7.238E+01  1.516E-02 -2.252E+01  5.565E+07  2.213E-10  2.288E+09
  7.267E+01  7.295E+01  1.500E-02 -2.241E+01  5.583E+07  2.197E-10  2.318E+09
  7.324E+01  7.353E+01  1.484E-02 -2.231E+01  5.602E+07  2.181E-10  2.347E+09
  7.382E+01  7.411E+01  1.468E-02 -2.220E+01  5.620E+07  2.165E-10  2.377E+09
  7.440E+01  7.469E+01  1.453E-02 -2.210E+01  5.638E+07  2.149E-10  2.407E+09
  7.499E+01  7.528E+01  1.437E-02 -2.199E+01  5.657E+07  2.133E-10  2.438E+09
  7.558E+01  7.587E+01  1.422E-02 -2.189E+01  5.675E+07  2.117E-10  2.469E+09
  7.617E+01  7.647E+01  1.407E-02 -2.179E+01  5.693E+07  2.102E-10  2.500E+09
  7.677E+01  7.707E+01  1.392E-02 -2.169E+01  5.711E+07  2.086E-10  2.532E+09
  7.737E+01  7.767E+01  1.377E-02 -2.159E+01  5.730E+07  2.071E-10  2.564E+09
  7.798E+01  7.828E+01  1.363E-02 -2.149E+01  5.748E+07  2.055E-10  2.597E+09
  7.859E+01  7.890E+01  1.348E-02 -2.139E+01  5.766E+07  2.040E-10  2.630E+09
  7.921E+01  7.952E+01  1.334E-02 -2.129E+01  5.784E+07  2.025E-10  2.663E+09
  7.983E+01  8.014E+01  1.320E-02 -2.120E+01  5.802E+07  2.010E-10  2.696E+09
  8.045E+01  8.077E+01  1.306E-02 -2.110E+01  5.821E+07  1.995E-10  2.730E+09
  8.108E+01  8.140E+01  1.292E-02 -2.100E+01  5.839E+07  1.980E-10  2.765E+09
  8.171E+01  8.203E+01  1.279E-02 -2.091E+01  5.857E+07  1.965E-10  2.800E+09
  8.235E+01  8.267E+01  1.265E-02 -2.082E+01  5.875E+07  1.950E-10  2.835E+09
  8.299E+01  8.332E+01  1.252E-02 -2.072E+01  5.893E+07  1.936E-10  2.871E+09
  8.364E+01  8.397E+01  1.239E-02 -2.063E+01  5.911E+07  1.921E-10  2.907E+09
  8.429E+01  8.462E+01  1.226E-02 -2.054E+01  5.929E+07  1.907E-10  2.943E+09
  8.495E+01  8.528E+01  1.213E-02 -2.045E+01  5.947E+07  1.892E-10  2.980E+09
  8.561E+01  8.595E+01  1.200E-02 -2.036E+01  5.964E+07  1.878E-10  3.017E+09
  8.628E+01  8.662E+01  1.187E-02 -2.027E+01  5.982E+07  1.864E-10  3.055E+09
  8.695E+01  8.729E+01  1.175E-02 -2.018E+01  6.000E+07  1.849E-10  3.093E+09
  8.763E+01  8.797E+01  1.162E-02 -2.009E+01  6.018E+07  1.835E-10  3.132E+09
  8.831E+01  8.865E+01  1.150E-02 -2.000E+01  6.035E+07  1.821E-10  3.171E+09
  8.899E+01  8.934E+01  1.138E-02 -1.992E+01  6.053E+07  1.807E-10  3.211E+09
  8.968E+01  9.003E+01  1.126E-02 -1.983E+01  6.071E+07  1.794E-10  3.251E+09
  9.038E+01  9.073E+01  1.114E-02 -1.975E+01  6.088E+07  1.780E-10  3.291E+09
  9.108E+01  9.143E+01  1.102E-02 -1.966E+01  6.106E+07  1.766E-10  3.332E+09
  9.179E+01  9.214E+01  1.091E-02 -1.958E+01  6.123E+07  1.753E-10  3.373E+09
  9.250E+01  9.286E+01  1.079E-02 -1.949E+01  6.141E+07  1.739E-10  3.415E+09
  9.321E+01  9.357E+01  1.068E-02 -1.941E+01  6.158E+07  1.726E-10  3.458E+09
  9.393E+01  9.430E+01  1.057E-02 -1.933E+01  6.176E+07  1.712E-10  3.500E+09
  9.466E+01  9.503E+01  1.046E-02 -1.924E+01  6.193E+07  1.699E-10  3.544E+09
  9.539E+01  9.576E+01  1.035E-02 -1.916E+01  6.210E+07  1.686E-10  3.588E+09
  9.613E+01  9.650E+01  1.024E-02 -1.908E+01  6.227E+07  1.673E-10  3.632E+09
  9.687E+01  9.725E+01  1.013E-02 -1.900E+01  6.245E+07  1.660E-10  3.677E+09
  9.762E+01  9.800E+01  1.002E-02 -1.892E+01  6.262E+07  1.647E-10  3.722E+09
  9.837E+01  9.875E+01  9.917E-03 -1.884E+01  6.279E+07  1.634E-10  3.768E+09
  9.913E+01  9.951E+01  9.812E-03 -1.876E+01  6.296E+07  1.621E-10  3.814E+09
  9.989E+01  1.003E+02  9.709E-03 -1.868E+01  6.313E+07  1.608E-10  3.861E+09
  1.007E+02  1.011E+02  9.607E-03 -1.860E+01  6.330E+07  1.596E-10  3.909E+09
  1.014E+02  1.018E+02  9.506E-03 -1.852E+01  6.346E+07  1.583E-10  3.957E+09
  1.022E+02  1.026E+02  9.406E-03 -1.845E+01  6.363E+07  1.571E-10  4.005E+09
  1.030E+02  1.034E+02  9.307E-03 -1.837E+01  6.380E+07  1.558E-10  4.054E+09
  1.038E+02  1.042E+02  9.209E-03 -1.829E+01  6.397E+07  1.546E-10  4.104E+09
  1.046E+02  1.050E+02  9.112E-03 -1.822E+01  6.413E+07  1.533E-10  4.154E+09
  1.054E+02  1.058E+02  9.016E-03 -1.814E+01  6.430E+07  1.521E-10  4.205E+09
  1.062E+02  1.066E+02  8.921E-03 -1.806E+01  6.446E+07  1.509E-10  4.256E+09
  1.070E+02  1.074E+02  8.828E-03 -1.799E+01  6.463E+07  1.497E-10  4.308E+09
  1.078E+02  1.083E+02  8.735E-03 -1.791E+01  6.479E+07  1.485E-10  4.361E+09
  1.087E+02  1.091E+02  8.643E-03 -1.784E+01  6.495E+07  1.473E-10  4.414E+09
  1.095E+02  1.099E+02  8.552E-03 -1.777E+01  6.511E+07  1.461E-10  4.468E+09
  1.103E+02  1.108E+02  8.462E-03 -1.769E+01  6.527E+07  1.449E-10  4.522E+09
  1.112E+02  1.116E+02  8.373E-03 -1.762E+01  6.544E+07  1.438E-10  4.577E+09
  1.120E+02  1.125E+02  8.284E-03 -1.755E+01  6.560E+07  1.426E-10  4.633E+09
  1.129E+02  1.133E+02  8.197E-03 -1.748E+01  6.575E+07  1.414E-10  4.689E+09
  1.138E+02  1.142E+02  8.111E-03 -1.741E+01  6.591E+07  1.403E-10  4.746E+09
  1.146E+02  1.151E+02  8.025E-03 -1.734E+01  6.607E+07  1.391E-10  4.804E+09
  1.155E+02  1.159E+02  7.941E-03 -1.727E+01  6.623E+07  1.380E-10  4.862E+09
  1.164E+02  1.168E+02  7.857E-03 -1.720E+01  6.638E+07  1.369E-10  4.921E+09
  1.173E+02  1.177E+02  7.774E-03 -1.713E+01  6.654E+07  1.357E-10  4.980E+09
  1.182E+02  1.186E+02  7.692E-03 -1.706E+01  6.669E+07  1.346E-10  5.040E+09
  1.191E+02  1.195E+02  7.611E-03 -1.700E+01  6.685E+07  1.335E-10  5.101E+09
  1.200E+02  1.204E+02  7.531E-03 -1.693E+01  6.700E+07  1.324E-10  5.163E+09
  1.209E+02  1.213E+02  7.452E-03 -1.686E+01  6.715E+07  1.313E-10  5.225E+09
  1.218E+02  1.223E+02  7.373E-03 -1.680E+01  6.731E+07  1.302E-10  5.288E+09
  1.227E+02  1.232E+02  7.295E-03 -1.673E+01  6.746E+07  1.291E-10  5.352E+09
  1.237E+02  1.241E+02  7.218E-03 -1.667E+01  6.761E+07  1.281E-10  5.416E+09
  1.246E+02  1.251E+02  7.142E-03 -1.661E+01  6.776E+07  1.270E-10  5.481E+09
  1.255E+02  1.260E+02  7.067E-03 -1.654E+01  6.790E+07  1.259E-10  5.547E+09
  1.265E+02  1.270E+02  6.992E-03 -1.648E+01  6.805E+07  1.249E-10  5.614E+09
  1.275E+02  1.279E+02  6.918E-03 -1.642E+01  6.820E+07  1.238E-10  5.681E+09
  1.284E+02  1.289E+02  6.845E-03 -1.636E+01  6.834E+07  1.228E-10  5.750E+09
  1.294E+02  1.299E+02  6.773E-03 -1.629E+01  6.849E+07  1.217E-10  5.819E+09
  1.304E+02  1.309E+02  6.701E-03 -1.623E+01  6.863E+07  1.207E-10  5.888E+09
  1.314E+02  1.319E+02  6.630E-03 -1.617E+01  6.878E+07  1.197E-10  5.959E+09
  1.324E+02  1.329E+02  6.560E-03 -1.611E+01  6.892E+07  1.186E-10  6.030E+09
  1.334E+02  1.339E+02  6.491E-03 -1.605E+01  6.906E+07  1.176E-10  6.102E+09
  1.344E+02  1.349E+02  6.422E-03 -1.599E+01  6.920E+07  1.166E-10  6.176E+09
  1.354E+02  1.359E+02  6.354E-03 -1.593E+01  6.934E+07  1.156E-10  6.249E+09
  1.364E+02  1.369E+02  6.286E-03 -1.587E+01  6.948E+07  1.146E-10  6.324E+09
  1.375E+02  1.380E+02  6.220E-03 -1.581E+01  6.962E+07  1.136E-10  6.400E+09
  1.385E+02  1.390E+02  6.154E-03 -1.575E+01  6.976E+07  1.126E-10  6.476E+09
  1.395E+02  1.401E+02  6.088E-03 -1.569E+01  6.990E+07  1.117E-10  6.553E+09
  1.406E+02  1.411E+02  6.024E-03 -1.563E+01  7.003E+07  1.107E-10  6.631E+09
  1.417E+02  1.422E+02  5.960E-03 -1.557E+01  7.017E+07  1.097E-10  6.711E+09
  1.427E+02  1.433E+02  5.896E-03 -1.551E+01  7.030E+07  1.088E-10  6.791E+09
  1.438E+02  1.444E+02  5.834E-03 -1.546E+01  7.043E+07  1.078E-10  6.871E+09
  1.449E+02  1.454E+02  5.772E-03 -1.540E+01  7.057E+07  1.069E-10  6.953E+09
  1.460E+02  1.465E+02  5.710E-03 -1.534E+01  7.070E+07  1.059E-10  7.036E+09
  1.471E+02  1.476E+02  5.649E-03 -1.529E+01  7.083E+07  1.050E-10  7.120E+09
  1.482E+02  1.488E+02  5.589E-03 -1.523E+01  7.096E+07  1.041E-10  7.205E+09
  1.493E+02  1.499E+02  5.529E-03 -1.517E+01  7.108E+07  1.031E-10  7.290E+09
  1.504E+02  1.510E+02  5.470E-03 -1.512E+01  7.121E+07  1.022E-10  7.377E+09
  1.516E+02  1.521E+02  5.412E-03 -1.506E+01  7.134E+07  1.013E-10  7.465E+09
  1.527E+02  1.533E+02  5.354E-03 -1.501E+01  7.146E+07  1.004E-10  7.553E+09
  1.539E+02  1.544E+02  5.297E-03 -1.495E+01  7.159E+07  9.950E-11  7.643E+09
  1.550E+02  1.556E+02  5.240E-03 -1.490E+01  7.171E+07  9.861E-11  7.734E+09
  1.562E+02  1.568E+02  5.184E-03 -1.485E+01  7.184E+07  9.772E-11  7.826E+09
  1.574E+02  1.580E+02  5.129E-03 -1.479E+01  7.196E+07  9.684E-11  7.919E+09
  1.586E+02  1.591E+02  5.074E-03 -1.474E+01  7.208E+07  9.596E-11  8.013E+09
  1.597E+02  1.603E+02  5.019E-03 -1.469E+01  7.220E+07  9.509E-11  8.108E+09
  1.609E+02  1.615E+02  4.965E-03 -1.464E+01  7.232E+07  9.422E-11  8.204E+09
  1.622E+02  1.628E+02  4.912E-03 -1.459E+01  7.244E+07  9.336E-11  8.301E+09
  1.634E+02  1.640E+02  4.859E-03 -1.454E+01  7.256E+07  9.251E-11  8.400E+09
  1.646E+02  1.652E+02  4.807E-03 -1.449E+01  7.267E+07  9.166E-11  8.500E+09
  1.658E+02  1.665E+02  4.755E-03 -1.444E+01  7.279E+07  9.082E-11  8.600E+09
  1.671E+02  1.677E+02  4.704E-03 -1.439E+01  7.290E+07  8.998E-11  8.702E+09
  1.683E+02  1.690E+02  4.653E-03 -1.434E+01  7.302E+07  8.915E-11  8.806E+09
  1.696E+02  1.702E+02  4.603E-03 -1.429E+01  7.313E+07  8.832E-11  8.910E+09
  1.709E+02  1.715E+02  4.553E-03 -1.424E+01  7.324E+07  8.750E-11  9.016E+09
  1.721E+02  1.728E+02  4.504E-03 -1.419E+01  7.335E+07  8.669E-11  9.123E+09
  1.734E+02  1.741E+02  4.455E-03 -1.414E+01  7.346E+07  8.588E-11  9.231E+09
  1.747E+02  1.754E+02  4.407E-03 -1.409E+01  7.357E+07  8.508E-11  9.341E+09
  1.760E+02  1.767E+02  4.359E-03 -1.404E+01  7.368E+07  8.428E-11  9.451E+09
  1.774E+02  1.780E+02  4.312E-03 -1.400E+01  7.379E+07  8.348E-11  9.563E+09
  1.787E+02  1.793E+02  4.265E-03 -1.395E+01  7.389E+07  8.270E-11  9.677E+09
  1.800E+02  1.807E+02  4.219E-03 -1.390E+01  7.400E+07  8.191E-11  9.792E+09
  1.814E+02  1.820E+02  4.173E-03 -1.385E+01  7.410E+07  8.114E-11  9.908E+09
  1.827E+02  1.834E+02  4.127E-03 -1.380E+01  7.421E+07  8.036E-11  1.003E+10
  1.841E+02  1.848E+02  4.082E-03 -1.376E+01  7.431E+07  7.960E-11  1.014E+10
  1.855E+02  1.862E+02  4.038E-03 -1.371E+01  7.441E+07  7.884E-11  1.027E+10
  1.868E+02  1.875E+02  3.994E-03 -1.366E+01  7.451E+07  7.808E-11  1.039E+10
  1.882E+02  1.889E+02  3.950E-03 -1.362E+01  7.461E+07  7.733E-11  1.051E+10
  1.896E+02  1.904E+02  3.907E-03 -1.357E+01  7.471E+07  7.658E-11  1.064E+10
  1.911E+02  1.918E+02  3.864E-03 -1.352E+01  7.481E+07  7.584E-11  1.076E+10
  1.925E+02  1.932E+02  3.821E-03 -1.348E+01  7.490E+07  7.511E-11  1.089E+10
  1.939E+02  1.946E+02  3.779E-03 -1.343E+01  7.500E+07  7.438E-11  1.102E+10
  1.954E+02  1.961E+02  3.738E-03 -1.339E+01  7.510E+07  7.365E-11  1.115E+10
  1.968E+02  1.976E+02  3.697E-03 -1.334E+01  7.519E+07  7.294E-11  1.128E+10
  1.983E+02  1.990E+02  3.656E-03 -1.330E+01  7.528E+07  7.222E-11  1.142E+10
  1.998E+02  2.005E+02  3.616E-03 -1.326E+01  7.538E+07  7.151E-11  1.155E+10
  2.013E+02  2.020E+02  3.576E-03 -1.321E+01  7.547E+07  7.081E-11  1.169E+10
  2.028E+02  2.035E+02  3.536E-03 -1.317E+01  7.556E+07  7.011E-11  1.183E+10
  2.043E+02  2.050E+02  3.497E-03 -1.313E+01  7.565E+07  6.942E-11  1.197E+10
  2.058E+02  2.066E+02  3.458E-03 -1.308E+01  7.574E+07  6.873E-11  1.211E+10
  2.073E+02  2.081E+02  3.420E-03 -1.304E+01  7.582E+07  6.805E-11  1.226E+10
  2.089E+02  2.096E+02  3.382E-03 -1.300E+01  7.591E+07  6.737E-11  1.240E+10
  2.104E+02  2.112E+02  3.344E-03 -1.296E+01  7.600E+07  6.669E-11  1.255E+10
  2.120E+02  2.128E+02  3.307E-03 -1.292E+01  7.608E+07  6.603E-11  1.270E+10
  2.136E+02  2.144E+02  3.270E-03 -1.288E+01  7.617E+07  6.536E-11  1.285E+10
  2.151E+02  2.159E+02  3.234E-03 -1.283E+01  7.625E+07  6.470E-11  1.301E+10
  2.167E+02  2.176E+02  3.198E-03 -1.279E+01  7.634E+07  6.405E-11  1.316E+10
  2.184E+02  2.192E+02  3.162E-03 -1.275E+01  7.642E+07  6.340E-11  1.332E+10
  2.200E+02  2.208E+02  3.126E-03 -1.271E+01  7.650E+07  6.276E-11  1.348E+10
  2.216E+02  2.224E+02  3.091E-03 -1.267E+01  7.658E+07  6.212E-11  1.364E+10
  2.233E+02  2.241E+02  3.057E-03 -1.263E+01  7.666E+07  6.148E-11  1.381E+10
  2.249E+02  2.257E+02  3.022E-03 -1.259E+01  7.674E+07  6.085E-11  1.397E+10
  2.266E+02  2.274E+02  2.988E-03 -1.255E+01  7.681E+07  6.023E-11  1.414E+10
  2.283E+02  2.291E+02  2.955E-03 -1.251E+01  7.689E+07  5.961E-11  1.431E+10
  2.300E+02  2.308E+02  2.921E-03 -1.246E+01  7.697E+07  5.900E-11  1.448E+10
  2.317E+02  2.325E+02  2.888E-03 -1.242E+01  7.704E+07  5.839E-11  1.466E+10
  2.334E+02  2.342E+02  2.855E-03 -1.238E+01  7.712E+07  5.778E-11  1.483E+10
  2.351E+02  2.360E+02  2.823E-03 -1.234E+01  7.719E+07  5.718E-11  1.501E+10
  2.369E+02  2.377E+02  2.791E-03 -1.230E+01  7.726E+07  5.658E-11  1.519E+10
  2.386E+02  2.395E+02  2.759E-03 -1.226E+01  7.733E+07  5.599E-11  1.538E+10
  2.404E+02  2.413E+02  2.728E-03 -1.222E+01  7.740E+07  5.541E-11  1.556E+10
  2.422E+02  2.431E+02  2.697E-03 -1.219E+01  7.748E+07  5.482E-11  1.575E+10
  2.440E+02  2.449E+02  2.666E-03 -1.215E+01  7.754E+07  5.425E-11  1.594E+10
  2.458E+02  2.467E+02  2.636E-03 -1.211E+01  7.761E+07  5.367E-11  1.613E+10
  2.476E+02  2.485E+02  2.605E-03 -1.207E+01  7.768E+07  5.311E-11  1.633E+10
  2.494E+02  2.503E+02  2.576E-03 -1.204E+01  7.775E+07  5.254E-11  1.653E+10
  2.513E+02  2.522E+02  2.546E-03 -1.200E+01  7.781E+07  5.198E-11  1.673E+10
  2.531E+02  2.541E+02  2.517E-03 -1.197E+01  7.788E+07  5.143E-11  1.693E+10
  2.550E+02  2.559E+02  2.488E-03 -1.193E+01  7.794E+07  5.088E-11  1.714E+10
  2.569E+02  2.578E+02  2.459E-03 -1.189E+01  7.801E+07  5.034E-11  1.734E+10
  2.588E+02  2.597E+02  2.431E-03 -1.186E+01  7.807E+07  4.979E-11  1.756E+10
  2.607E+02  2.617E+02  2.403E-03 -1.182E+01  7.813E+07  4.926E-11  1.777E+10
  2.626E+02  2.636E+02  2.375E-03 -1.178E+01  7.820E+07  4.873E-11  1.799E+10
  2.646E+02  2.655E+02  2.347E-03 -1.174E+01  7.826E+07  4.820E-11  1.821E+10
  2.665E+02  2.675E+02  2.320E-03 -1.171E+01  7.832E+07  4.768E-11  1.843E+10
  2.685E+02  2.695E+02  2.293E-03 -1.167E+01  7.838E+07  4.716E-11  1.865E+10
  2.705E+02  2.715E+02  2.266E-03 -1.163E+01  7.844E+07  4.664E-11  1.888E+10
  2.725E+02  2.735E+02  2.240E-03 -1.159E+01  7.849E+07  4.613E-11  1.911E+10
  2.745E+02  2.755E+02  2.214E-03 -1.155E+01  7.855E+07  4.563E-11  1.935E+10
  2.765E+02  2.775E+02  2.188E-03 -1.152E+01  7.861E+07  4.513E-11  1.959E+10
  2.785E+02  2.796E+02  2.162E-03 -1.148E+01  7.866E+07  4.463E-11  1.983E+10
  2.806E+02  2.816E+02  2.137E-03 -1.144E+01  7.872E+07  4.414E-11  2.007E+10
  2.827E+02  2.837E+02  2.112E-03 -1.141E+01  7.877E+07  4.365E-11  2.032E+10
  2.847E+02  2.858E+02  2.087E-03 -1.138E+01  7.883E+07  4.316E-11  2.057E+10
  2.868E+02  2.879E+02  2.062E-03 -1.134E+01  7.888E+07  4.268E-11  2.082E+10
  2.890E+02  2.900E+02  2.038E-03 -1.131E+01  7.893E+07  4.221E-11  2.108E+10
  2.911E+02  2.922E+02  2.014E-03 -1.128E+01  7.898E+07  4.174E-11  2.134E+10
  2.932E+02  2.943E+02  1.990E-03 -1.125E+01  7.903E+07  4.127E-11  2.160E+10
  2.954E+02  2.965E+02  1.966E-03 -1.121E+01  7.908E+07  4.080E-11  2.187E+10
  2.976E+02  2.987E+02  1.943E-03 -1.118E+01  7.913E+07  4.035E-11  2.214E+10
  2.998E+02  3.009E+02  1.920E-03 -1.115E+01  7.918E+07  3.989E-11  2.242E+10
  3.020E+02  3.031E+02  1.897E-03 -1.111E+01  7.923E+07  3.944E-11  2.270E+10
  3.042E+02  3.053E+02  1.874E-03 -1.107E+01  7.928E+07  3.899E-11  2.298E+10
  3.064E+02  3.076E+02  1.852E-03 -1.104E+01  7.933E+07  3.855E-11  2.326E+10
  3.087E+02  3.098E+02  1.830E-03 -1.100E+01  7.937E+07  3.811E-11  2.355E+10
  3.110E+02  3.121E+02  1.808E-03 -1.096E+01  7.942E+07  3.767E-11  2.385E+10
  3.133E+02  3.144E+02  1.786E-03 -1.093E+01  7.946E+07  3.724E-11  2.415E+10
  3.156E+02  3.167E+02  1.765E-03 -1.089E+01  7.951E+07  3.682E-11  2.445E+10
  3.179E+02  3.191E+02  1.743E-03 -1.086E+01  7.955E+07  3.639E-11  2.475E+10
  3.202E+02  3.214E+02  1.722E-03 -1.083E+01  7.959E+07  3.597E-11  2.507E+10
  3.226E+02  3.238E+02  1.702E-03 -1.079E+01  7.964E+07  3.556E-11  2.538E+10
  3.250E+02  3.262E+02  1.681E-03 -1.076E+01  7.968E+07  3.515E-11  2.570E+10
  3.273E+02  3.286E+02  1.661E-03 -1.073E+01  7.972E+07  3.474E-11  2.602E+10
  3.298E+02  3.310E+02  1.641E-03 -1.070E+01  7.976E+07  3.433E-11  2.635E+10
  3.322E+02  3.334E+02  1.621E-03 -1.067E+01  7.980E+07  3.393E-11  2.668E+10
  3.346E+02  3.358E+02  1.601E-03 -1.064E+01  7.984E+07  3.354E-11  2.702E+10
  3.371E+02  3.383E+02  1.581E-03 -1.061E+01  7.988E+07  3.315E-11  2.736E+10
  3.396E+02  3.408E+02  1.562E-03 -1.058E+01  7.992E+07  3.276E-11  2.771E+10
  3.421E+02  3.433E+02  1.543E-03 -1.054E+01  7.995E+07  3.237E-11  2.806E+10
  3.446E+02  3.458E+02  1.524E-03 -1.051E+01  7.999E+07  3.199E-11  2.841E+10
  3.471E+02  3.484E+02  1.505E-03 -1.047E+01  8.003E+07  3.161E-11  2.877E+10
  3.496E+02  3.509E+02  1.487E-03 -1.044E+01  8.006E+07  3.124E-11  2.914E+10
  3.522E+02  3.535E+02  1.469E-03 -1.040E+01  8.010E+07  3.087E-11  2.951E+10
  3.548E+02  3.561E+02  1.451E-03 -1.037E+01  8.013E+07  3.050E-11  2.989E+10
  3.574E+02  3.587E+02  1.433E-03 -1.034E+01  8.017E+07  3.014E-11  3.027E+10
  3.600E+02  3.613E+02  1.415E-03 -1.031E+01  8.020E+07  2.978E-11  3.065E+10
  3.627E+02  3.640E+02  1.397E-03 -1.028E+01  8.024E+07  2.942E-11  3.105E+10
  3.653E+02  3.667E+02  1.380E-03 -1.025E+01  8.027E+07  2.907E-11  3.144E+10
  3.680E+02  3.694E+02  1.363E-03 -1.022E+01  8.030E+07  2.872E-11  3.185E+10
  3.707E+02  3.721E+02  1.346E-03 -1.019E+01  8.033E+07  2.837E-11  3.225E+10
  3.734E+02  3.748E+02  1.329E-03 -1.016E+01  8.036E+07  2.803E-11  3.267E+10
  3.762E+02  3.775E+02  1.313E-03 -1.013E+01  8.040E+07  2.769E-11  3.309E+10
  3.789E+02  3.803E+02  1.296E-03 -1.010E+01  8.043E+07  2.736E-11  3.351E+10
  3.817E+02  3.831E+02  1.280E-03 -1.007E+01  8.046E+07  2.703E-11  3.395E+10
  3.845E+02  3.859E+02  1.264E-03 -1.003E+01  8.048E+07  2.670E-11  3.438E+10
  3.873E+02  3.887E+02  1.248E-03 -1.000E+01  8.051E+07  2.637E-11  3.483E+10
  3.902E+02  3.916E+02  1.233E-03 -9.966E+00  8.054E+07  2.605E-11  3.528E+10
  3.930E+02  3.945E+02  1.217E-03 -9.933E+00  8.057E+07  2.573E-11  3.573E+10
  3.959E+02  3.973E+02  1.202E-03 -9.901E+00  8.060E+07  2.541E-11  3.620E+10
  3.988E+02  4.003E+02  1.187E-03 -9.870E+00  8.062E+07  2.510E-11  3.667E+10
  4.017E+02  4.032E+02  1.172E-03 -9.839E+00  8.065E+07  2.479E-11  3.714E+10
  4.047E+02  4.061E+02  1.157E-03 -9.810E+00  8.067E+07  2.449E-11  3.763E+10
  4.076E+02  4.091E+02  1.142E-03 -9.781E+00  8.070E+07  2.419E-11  3.812E+10
  4.106E+02  4.121E+02  1.128E-03 -9.753E+00  8.073E+07  2.389E-11  3.861E+10
  4.136E+02  4.151E+02  1.113E-03 -9.724E+00  8.075E+07  2.359E-11  3.912E+10
  4.166E+02  4.182E+02  1.099E-03 -9.696E+00  8.077E+07  2.330E-11  3.963E+10
  4.197E+02  4.212E+02  1.085E-03 -9.666E+00  8.080E+07  2.301E-11  4.015E+10
  4.228E+02  4.243E+02  1.071E-03 -9.636E+00  8.082E+07  2.272E-11  4.067E+10
  4.259E+02  4.274E+02  1.058E-03 -9.605E+00  8.084E+07  2.244E-11  4.121E+10
  4.290E+02  4.305E+02  1.044E-03 -9.574E+00  8.087E+07  2.216E-11  4.175E+10
  4.321E+02  4.337E+02  1.031E-03 -9.542E+00  8.089E+07  2.188E-11  4.230E+10
  4.353E+02  4.369E+02  1.018E-03 -9.510E+00  8.091E+07  2.160E-11  4.285E+10
  4.385E+02  4.401E+02  1.004E-03 -9.479E+00  8.093E+07  2.133E-11  4.342E+10
  4.417E+02  4.433E+02  9.915E-04 -9.447E+00  8.095E+07  2.106E-11  4.399E+10
  4.449E+02  4.465E+02  9.788E-04 -9.417E+00  8.097E+07  2.080E-11  4.457E+10
  4.481E+02  4.498E+02  9.661E-04 -9.388E+00  8.099E+07  2.053E-11  4.516E+10
  4.514E+02  4.531E+02  9.537E-04 -9.359E+00  8.101E+07  2.027E-11  4.576E+10
  4.547E+02  4.564E+02  9.413E-04 -9.332E+00  8.103E+07  2.001E-11  4.636E+10
  4.581E+02  4.597E+02  9.292E-04 -9.305E+00  8.105E+07  1.976E-11  4.698E+10
  4.614E+02  4.631E+02  9.171E-04 -9.278E+00  8.107E+07  1.951E-11  4.760E+10
  4.648E+02  4.665E+02  9.052E-04 -9.250E+00  8.109E+07  1.926E-11  4.823E+10
  4.682E+02  4.699E+02  8.934E-04 -9.221E+00  8.110E+07  1.901E-11  4.887E+10
  4.716E+02  4.733E+02  8.818E-04 -9.190E+00  8.112E+07  1.877E-11  4.953E+10
  4.750E+02  4.768E+02  8.703E-04 -9.159E+00  8.114E+07  1.853E-11  5.019E+10
  4.785E+02  4.803E+02  8.590E-04 -9.126E+00  8.115E+07  1.829E-11  5.085E+10
  4.820E+02  4.838E+02  8.477E-04 -9.094E+00  8.117E+07  1.806E-11  5.153E+10
  4.855E+02  4.873E+02  8.367E-04 -9.062E+00  8.118E+07  1.782E-11  5.222E+10
  4.891E+02  4.909E+02  8.257E-04 -9.033E+00  8.120E+07  1.759E-11  5.292E+10
  4.926E+02  4.944E+02  8.149E-04 -9.005E+00  8.122E+07  1.737E-11  5.363E+10
  4.962E+02  4.980E+02  8.042E-04 -8.980E+00  8.123E+07  1.714E-11  5.435E+10
  4.999E+02  5.017E+02  7.936E-04 -8.955E+00  8.125E+07  1.692E-11  5.508E+10
  5.035E+02  5.053E+02  7.832E-04 -8.930E+00  8.126E+07  1.670E-11  5.582E+10
  5.072E+02  5.090E+02  7.729E-04 -8.903E+00  8.127E+07  1.648E-11  5.657E+10
  5.109E+02  5.127E+02  7.627E-04 -8.874E+00  8.129E+07  1.627E-11  5.733E+10
  5.146E+02  5.165E+02  7.526E-04 -8.842E+00  8.130E+07  1.606E-11  5.811E+10
  5.184E+02  5.203E+02  7.426E-04 -8.809E+00  8.131E+07  1.585E-11  5.889E+10
  5.221E+02  5.241E+02  7.328E-04 -8.776E+00  8.132E+07  1.564E-11  5.969E+10
  5.260E+02  5.279E+02  7.231E-04 -8.744E+00  8.134E+07  1.543E-11  6.049E+10
  5.298E+02  5.317E+02  7.135E-04 -8.715E+00  8.135E+07  1.523E-11  6.131E+10
  5.337E+02  5.356E+02  7.040E-04 -8.689E+00  8.136E+07  1.503E-11  6.214E+10
  5.376E+02  5.395E+02  6.947E-04 -8.665E+00  8.137E+07  1.483E-11  6.298E+10
  5.415E+02  5.434E+02  6.854E-04 -8.641E+00  8.138E+07  1.464E-11  6.384E+10
  5.454E+02  5.474E+02  6.763E-04 -8.616E+00  8.139E+07  1.444E-11  6.470E+10
  5.494E+02  5.514E+02  6.673E-04 -8.589E+00  8.140E+07  1.425E-11  6.558E+10
  5.534E+02  5.554E+02  6.584E-04 -8.559E+00  8.141E+07  1.407E-11  6.648E+10
  5.574E+02  5.595E+02  6.496E-04 -8.527E+00  8.142E+07  1.388E-11  6.738E+10
  5.615E+02  5.635E+02  6.409E-04 -8.495E+00  8.143E+07  1.369E-11  6.830E+10
  5.656E+02  5.677E+02  6.323E-04 -8.464E+00  8.144E+07  1.351E-11  6.923E+10
  5.697E+02  5.718E+02  6.238E-04 -8.435E+00  8.145E+07  1.333E-11  7.018E+10
  5.739E+02  5.760E+02  6.155E-04 -8.407E+00  8.146E+07  1.316E-11  7.114E+10
  5.780E+02  5.802E+02  6.072E-04 -8.382E+00  8.147E+07  1.298E-11  7.211E+10
  5.823E+02  5.844E+02  5.990E-04 -8.357E+00  8.148E+07  1.281E-11  7.310E+10
  5.865E+02  5.886E+02  5.910E-04 -8.332E+00  8.149E+07  1.264E-11  7.410E+10
  5.908E+02  5.929E+02  5.830E-04 -8.306E+00  8.150E+07  1.247E-11  7.511E+10
  5.951E+02  5.972E+02  5.752E-04 -8.279E+00  8.150E+07  1.230E-11  7.614E+10
  5.994E+02  6.016E+02  5.674E-04 -8.249E+00  8.151E+07  1.214E-11  7.719E+10
  6.038E+02  6.060E+02  5.597E-04 -8.219E+00  8.152E+07  1.197E-11  7.825E+10
  6.082E+02  6.104E+02  5.522E-04 -8.188E+00  8.152E+07  1.181E-11  7.933E+10
  6.126E+02  6.148E+02  5.447E-04 -8.157E+00  8.153E+07  1.165E-11  8.042E+10
  6.171E+02  6.193E+02  5.373E-04 -8.129E+00  8.154E+07  1.150E-11  8.153E+10
  6.216E+02  6.238E+02  5.301E-04 -8.102E+00  8.154E+07  1.134E-11  8.265E+10
  6.261E+02  6.284E+02  5.229E-04 -8.079E+00  8.155E+07  1.119E-11  8.379E+10
  6.306E+02  6.329E+02  5.158E-04 -8.056E+00  8.156E+07  1.104E-11  8.495E+10
  6.352E+02  6.375E+02  5.088E-04 -8.032E+00  8.156E+07  1.089E-11  8.612E+10
  6.399E+02  6.422E+02  5.018E-04 -8.005E+00  8.157E+07  1.074E-11  8.731E+10
  6.445E+02  6.469E+02  4.950E-04 -7.975E+00  8.157E+07  1.060E-11  8.852E+10
  6.492E+02  6.516E+02  4.883E-04 -7.942E+00  8.158E+07  1.045E-11  8.975E+10
  6.539E+02  6.563E+02  4.816E-04 -7.909E+00  8.158E+07  1.031E-11  9.099E+10
  6.587E+02  6.611E+02  4.751E-04 -7.880E+00  8.159E+07  1.017E-11  9.225E+10
  6.635E+02  6.659E+02  4.686E-04 -7.855E+00  8.159E+07  1.003E-11  9.353E+10
  6.683E+02  6.707E+02  4.622E-04 -7.833E+00  8.160E+07  9.895E-12  9.483E+10
  6.732E+02  6.756E+02  4.559E-04 -7.812E+00  8.160E+07  9.761E-12  9.614E+10
  6.781E+02  6.805E+02  4.496E-04 -7.788E+00  8.160E+07  9.628E-12  9.748E+10
  6.830E+02  6.855E+02  4.435E-04 -7.760E+00  8.161E+07  9.496E-12  9.883E+10
  6.880E+02  6.905E+02  4.374E-04 -7.729E+00  8.161E+07  9.367E-12  1.002E+11
  6.930E+02  6.955E+02  4.314E-04 -7.696E+00  8.161E+07  9.239E-12  1.016E+11
  6.980E+02  7.005E+02  4.255E-04 -7.666E+00  8.162E+07  9.112E-12  1.030E+11
  7.031E+02  7.056E+02  4.196E-04 -7.639E+00  8.162E+07  8.988E-12  1.045E+11
  7.082E+02  7.108E+02  4.139E-04 -7.615E+00  8.162E+07  8.865E-12  1.059E+11
  7.133E+02  7.159E+02  4.082E-04 -7.593E+00  8.163E+07  8.743E-12  1.074E+11
  7.185E+02  7.211E+02  4.026E-04 -7.570E+00  8.163E+07  8.623E-12  1.089E+11
  7.238E+02  7.264E+02  3.971E-04 -7.545E+00  8.163E+07  8.505E-12  1.104E+11
  7.290E+02  7.317E+02  3.916E-04 -7.517E+00  8.163E+07  8.388E-12  1.119E+11
  7.343E+02  7.370E+02  3.862E-04 -7.487E+00  8.164E+07  8.273E-12  1.135E+11
  7.397E+02  7.423E+02  3.809E-04 -7.455E+00  8.164E+07  8.159E-12  1.151E+11
  7.450E+02  7.477E+02  3.756E-04 -7.425E+00  8.164E+07  8.047E-12  1.167E+11
  7.504E+02  7.532E+02  3.705E-04 -7.398E+00  8.164E+07  7.936E-12  1.183E+11
  7.559E+02  7.586E+02  3.654E-04 -7.377E+00  8.164E+07  7.827E-12  1.200E+11
  7.614E+02  7.642E+02  3.603E-04 -7.357E+00  8.164E+07  7.719E-12  1.217E+11
  7.669E+02  7.697E+02  3.553E-04 -7.335E+00  8.165E+07  7.613E-12  1.234E+11
  7.725E+02  7.753E+02  3.504E-04 -7.308E+00  8.165E+07  7.508E-12  1.251E+11
  7.781E+02  7.809E+02  3.456E-04 -7.275E+00  8.165E+07  7.404E-12  1.269E+11
  7.838E+02  7.866E+02  3.408E-04 -7.242E+00  8.165E+07  7.302E-12  1.286E+11
  7.894E+02  7.923E+02  3.361E-04 -7.213E+00  8.165E+07  7.201E-12  1.304E+11
  7.952E+02  7.981E+02  3.315E-04 -7.189E+00  8.165E+07  7.101E-12  1.323E+11
  8.010E+02  8.039E+02  3.269E-04 -7.170E+00  8.165E+07  7.003E-12  1.341E+11
  8.068E+02  8.097E+02  3.223E-04 -7.150E+00  8.165E+07  6.906E-12  1.360E+11
  8.126E+02  8.156E+02  3.179E-04 -7.125E+00  8.165E+07  6.811E-12  1.379E+11
  8.185E+02  8.215E+02  3.135E-04 -7.096E+00  8.165E+07  6.716E-12  1.399E+11
  8.245E+02  8.275E+02  3.091E-04 -7.064E+00  8.165E+07  6.623E-12  1.418E+11
  8.305E+02  8.335E+02  3.049E-04 -7.033E+00  8.165E+07  6.532E-12  1.438E+11
  8.365E+02  8.395E+02  3.006E-04 -7.006E+00  8.165E+07  6.441E-12  1.458E+11
  8.426E+02  8.456E+02  2.965E-04 -6.983E+00  8.165E+07  6.352E-12  1.479E+11
  8.487E+02  8.518E+02  2.924E-04 -6.965E+00  8.165E+07  6.264E-12  1.500E+11
  8.548E+02  8.579E+02  2.883E-04 -6.945E+00  8.165E+07  6.177E-12  1.521E+11
  8.610E+02  8.642E+02  2.843E-04 -6.919E+00  8.165E+07  6.091E-12  1.542E+11
  8.673E+02  8.704E+02  2.804E-04 -6.886E+00  8.165E+07  6.007E-12  1.564E+11
  8.736E+02  8.768E+02  2.765E-04 -6.852E+00  8.165E+07  5.923E-12  1.586E+11
  8.799E+02  8.831E+02  2.726E-04 -6.824E+00  8.165E+07  5.841E-12  1.608E+11
  8.863E+02  8.895E+02  2.688E-04 -6.804E+00  8.165E+07  5.760E-12  1.631E+11
  8.927E+02  8.960E+02  2.651E-04 -6.787E+00  8.165E+07  5.680E-12  1.654E+11
  8.992E+02  9.025E+02  2.614E-04 -6.766E+00  8.165E+07  5.601E-12  1.677E+11
  9.058E+02  9.090E+02  2.578E-04 -6.739E+00  8.165E+07  5.523E-12  1.701E+11
  9.123E+02  9.156E+02  2.542E-04 -6.707E+00  8.164E+07  5.446E-12  1.725E+11
  9.189E+02  9.223E+02  2.507E-04 -6.675E+00  8.164E+07  5.371E-12  1.749E+11
  9.256E+02  9.290E+02  2.472E-04 -6.647E+00  8.164E+07  5.296E-12  1.773E+11
  9.323E+02  9.357E+02  2.438E-04 -6.627E+00  8.164E+07  5.222E-12  1.798E+11
  9.391E+02  9.425E+02  2.404E-04 -6.611E+00  8.164E+07  5.150E-12  1.824E+11
  9.459E+02  9.493E+02  2.371E-04 -6.591E+00  8.164E+07  5.078E-12  1.849E+11
  9.528E+02  9.562E+02  2.338E-04 -6.562E+00  8.164E+07  5.008E-12  1.875E+11
  9.597E+02  9.631E+02  2.305E-04 -6.527E+00  8.163E+07  4.938E-12  1.902E+11
  9.666E+02  9.701E+02  2.273E-04 -6.496E+00  8.163E+07  4.869E-12  1.928E+11
  9.736E+02  9.772E+02  2.242E-04 -6.474E+00  8.163E+07  4.802E-12  1.956E+11
  9.807E+02  9.843E+02  2.211E-04 -6.457E+00  8.163E+07  4.735E-12  1.983E+11
  9.878E+02  9.914E+02  2.180E-04 -6.439E+00  8.163E+07  4.669E-12  2.011E+11
  9.950E+02  9.986E+02  2.150E-04 -6.415E+00  8.163E+07  4.604E-12  2.039E+11
  1.002E+03  1.006E+03  2.120E-04 -6.382E+00  8.162E+07  4.540E-12  2.068E+11
  1.009E+03  1.013E+03  2.090E-04 -6.348E+00  8.162E+07  4.477E-12  2.097E+11
  1.017E+03  1.020E+03  2.061E-04 -6.322E+00  8.162E+07  4.415E-12  2.126E+11
  1.024E+03  1.028E+03  2.033E-04 -6.306E+00  8.162E+07  4.354E-12  2.156E+11
  1.032E+03  1.035E+03  2.005E-04 -6.291E+00  8.162E+07  4.293E-12  2.187E+11
  1.039E+03  1.043E+03  1.977E-04 -6.267E+00  8.161E+07  4.234E-12  2.217E+11
  1.047E+03  1.050E+03  1.950E-04 -6.235E+00  8.161E+07  4.175E-12  2.248E+11
  1.054E+03  1.058E+03  1.922E-04 -6.202E+00  8.161E+07  4.117E-12  2.280E+11
  1.062E+03  1.066E+03  1.896E-04 -6.175E+00  8.161E+07  4.060E-12  2.312E+11
  1.069E+03  1.073E+03  1.870E-04 -6.159E+00  8.160E+07  4.003E-12  2.344E+11
  1.077E+03  1.081E+03  1.844E-04 -6.146E+00  8.160E+07  3.948E-12  2.377E+11
  1.085E+03  1.089E+03  1.818E-04 -6.122E+00  8.160E+07  3.893E-12  2.410E+11
  1.093E+03  1.097E+03  1.793E-04 -6.087E+00  8.160E+07  3.839E-12  2.444E+11
  1.101E+03  1.105E+03  1.768E-04 -6.055E+00  8.159E+07  3.786E-12  2.478E+11
  1.109E+03  1.113E+03  1.744E-04 -6.031E+00  8.159E+07  3.734E-12  2.513E+11
  1.117E+03  1.121E+03  1.720E-04 -6.017E+00  8.159E+07  3.682E-12  2.548E+11
  1.125E+03  1.129E+03  1.696E-04 -6.003E+00  8.159E+07  3.631E-12  2.584E+11
  1.133E+03  1.137E+03  1.673E-04 -5.976E+00  8.158E+07  3.581E-12  2.620E+11
  1.141E+03  1.145E+03  1.650E-04 -5.939E+00  8.158E+07  3.531E-12  2.657E+11
  1.150E+03  1.154E+03  1.627E-04 -5.909E+00  8.158E+07  3.482E-12  2.694E+11
  1.158E+03  1.162E+03  1.604E-04 -5.891E+00  8.158E+07  3.434E-12  2.731E+11
  1.166E+03  1.170E+03  1.582E-04 -5.880E+00  8.157E+07  3.387E-12  2.769E+11
  1.175E+03  1.179E+03  1.561E-04 -5.860E+00  8.157E+07  3.340E-12  2.808E+11
  1.183E+03  1.188E+03  1.539E-04 -5.827E+00  8.157E+07  3.294E-12  2.847E+11
  1.192E+03  1.196E+03  1.518E-04 -5.792E+00  8.156E+07  3.249E-12  2.887E+11
  1.200E+03  1.205E+03  1.497E-04 -5.769E+00  8.156E+07  3.204E-12  2.927E+11
  1.209E+03  1.213E+03  1.477E-04 -5.758E+00  8.156E+07  3.160E-12  2.967E+11
  1.218E+03  1.222E+03  1.456E-04 -5.743E+00  8.156E+07  3.116E-12  3.009E+11
  1.227E+03  1.231E+03  1.436E-04 -5.714E+00  8.155E+07  3.074E-12  3.050E+11
  1.236E+03  1.240E+03  1.417E-04 -5.676E+00  8.155E+07  3.031E-12  3.093E+11
  1.245E+03  1.249E+03  1.397E-04 -5.650E+00  8.155E+07  2.990E-12  3.136E+11
  1.254E+03  1.258E+03  1.378E-04 -5.639E+00  8.155E+07  2.949E-12  3.179E+11
  1.263E+03  1.267E+03  1.359E-04 -5.627E+00  8.154E+07  2.908E-12  3.223E+11
  1.272E+03  1.276E+03  1.341E-04 -5.599E+00  8.154E+07  2.868E-12  3.268E+11
  1.281E+03  1.286E+03  1.322E-04 -5.561E+00  8.154E+07  2.829E-12  3.313E+11
  1.290E+03  1.295E+03  1.304E-04 -5.534E+00  8.153E+07  2.790E-12  3.359E+11
  1.300E+03  1.304E+03  1.286E-04 -5.523E+00  8.153E+07  2.752E-12  3.405E+11
  1.309E+03  1.314E+03  1.269E-04 -5.513E+00  8.153E+07  2.715E-12  3.452E+11
  1.318E+03  1.323E+03  1.252E-04 -5.484E+00  8.152E+07  2.677E-12  3.500E+11
  1.328E+03  1.333E+03  1.235E-04 -5.445E+00  8.152E+07  2.641E-12  3.548E+11
  1.338E+03  1.342E+03  1.218E-04 -5.420E+00  8.152E+07  2.605E-12  3.597E+11
  1.347E+03  1.352E+03  1.201E-04 -5.412E+00  8.152E+07  2.569E-12  3.646E+11
  1.357E+03  1.362E+03  1.185E-04 -5.400E+00  8.151E+07  2.534E-12  3.696E+11
  1.367E+03  1.372E+03  1.169E-04 -5.368E+00  8.151E+07  2.500E-12  3.747E+11
  1.377E+03  1.382E+03  1.153E-04 -5.329E+00  8.150E+07  2.466E-12  3.799E+11
  1.387E+03  1.392E+03  1.137E-04 -5.310E+00  8.150E+07  2.432E-12  3.851E+11
  1.397E+03  1.402E+03  1.122E-04 -5.305E+00  8.150E+07  2.399E-12  3.903E+11
  1.407E+03  1.412E+03  1.107E-04 -5.288E+00  8.150E+07  2.367E-12  3.957E+11
  1.417E+03  1.422E+03  1.092E-04 -5.249E+00  8.149E+07  2.335E-12  4.011E+11
  1.427E+03  1.432E+03  1.077E-04 -5.215E+00  8.149E+07  2.303E-12  4.065E+11
  1.438E+03  1.443E+03  1.063E-04 -5.206E+00  8.149E+07  2.272E-12  4.121E+11
  1.448E+03  1.453E+03  1.048E-04 -5.200E+00  8.148E+07  2.242E-12  4.177E+11
  1.458E+03  1.464E+03  1.034E-04 -5.171E+00  8.148E+07  2.211E-12  4.234E+11
  1.469E+03  1.474E+03  1.020E-04 -5.129E+00  8.148E+07  2.181E-12  4.291E+11
  1.480E+03  1.485E+03  1.007E-04 -5.109E+00  8.147E+07  2.152E-12  4.350E+11
  1.490E+03  1.496E+03  9.932E-05 -5.108E+00  8.147E+07  2.123E-12  4.409E+11
  1.501E+03  1.507E+03  9.799E-05 -5.090E+00  8.147E+07  2.095E-12  4.468E+11
  1.512E+03  1.517E+03  9.667E-05 -5.048E+00  8.147E+07  2.067E-12  4.529E+11
  1.523E+03  1.528E+03  9.538E-05 -5.018E+00  8.146E+07  2.039E-12  4.590E+11
  1.534E+03  1.539E+03  9.411E-05 -5.015E+00  8.146E+07  2.012E-12  4.652E+11
  1.545E+03  1.551E+03  9.286E-05 -5.006E+00  8.146E+07  1.985E-12  4.715E+11
  1.556E+03  1.562E+03  9.162E-05 -4.967E+00  8.145E+07  1.958E-12  4.779E+11
  1.567E+03  1.573E+03  9.040E-05 -4.930E+00  8.145E+07  1.932E-12  4.843E+11
  1.579E+03  1.585E+03  8.920E-05 -4.924E+00  8.145E+07  1.906E-12  4.908E+11
  1.590E+03  1.596E+03  8.802E-05 -4.921E+00  8.144E+07  1.881E-12  4.974E+11
  1.602E+03  1.608E+03  8.685E-05 -4.886E+00  8.144E+07  1.856E-12  5.040E+11
  1.613E+03  1.619E+03  8.570E-05 -4.845E+00  8.144E+07  1.831E-12  5.108E+11
  1.625E+03  1.631E+03  8.457E-05 -4.837E+00  8.144E+07  1.807E-12  5.176E+11
  1.637E+03  1.643E+03  8.345E-05 -4.837E+00  8.143E+07  1.783E-12  5.245E+11
  1.649E+03  1.655E+03  8.235E-05 -4.803E+00  8.143E+07  1.760E-12  5.315E+11
  1.660E+03  1.666E+03  8.126E-05 -4.760E+00  8.143E+07  1.736E-12  5.386E+11
  1.672E+03  1.679E+03  8.020E-05 -4.754E+00  8.142E+07  1.713E-12  5.458E+11
  1.685E+03  1.691E+03  7.914E-05 -4.755E+00  8.142E+07  1.691E-12  5.530E+11
  1.697E+03  1.703E+03  7.810E-05 -4.717E+00  8.142E+07  1.669E-12  5.604E+11
  1.709E+03  1.715E+03  7.708E-05 -4.676E+00  8.141E+07  1.647E-12  5.678E+11
  1.721E+03  1.728E+03  7.608E-05 -4.674E+00  8.141E+07  1.625E-12  5.753E+11
  1.734E+03  1.740E+03  7.508E-05 -4.673E+00  8.141E+07  1.604E-12  5.829E+11
  1.746E+03  1.753E+03  7.410E-05 -4.630E+00  8.141E+07  1.583E-12  5.906E+11
  1.759E+03  1.765E+03  7.314E-05 -4.593E+00  8.140E+07  1.562E-12  5.984E+11
  1.772E+03  1.778E+03  7.219E-05 -4.600E+00  8.140E+07  1.542E-12  6.063E+11
  1.784E+03  1.791E+03  7.125E-05 -4.590E+00  8.140E+07  1.522E-12  6.142E+11
  1.797E+03  1.804E+03  7.032E-05 -4.540E+00  8.139E+07  1.502E-12  6.223E+11
  1.810E+03  1.817E+03  6.941E-05 -4.517E+00  8.139E+07  1.482E-12  6.304E+11
  1.823E+03  1.830E+03  6.852E-05 -4.529E+00  8.139E+07  1.463E-12  6.387E+11
  1.837E+03  1.843E+03  6.763E-05 -4.502E+00  8.139E+07  1.444E-12  6.470E+11
  1.850E+03  1.857E+03  6.676E-05 -4.451E+00  8.138E+07  1.426E-12  6.554E+11
  1.863E+03  1.870E+03  6.590E-05 -4.449E+00  8.138E+07  1.407E-12  6.640E+11
  1.877E+03  1.884E+03  6.505E-05 -4.455E+00  8.138E+07  1.389E-12  6.726E+11
  1.890E+03  1.897E+03  6.422E-05 -4.407E+00  8.137E+07  1.371E-12  6.813E+11
  1.904E+03  1.911E+03  6.340E-05 -4.372E+00  8.137E+07  1.354E-12  6.902E+11
  1.918E+03  1.925E+03  6.259E-05 -4.388E+00  8.137E+07  1.336E-12  6.991E+11
  1.932E+03  1.939E+03  6.179E-05 -4.368E+00  8.137E+07  1.319E-12  7.081E+11
  1.946E+03  1.953E+03  6.100E-05 -4.312E+00  8.136E+07  1.302E-12  7.172E+11
  1.960E+03  1.967E+03  6.022E-05 -4.312E+00  8.136E+07  1.286E-12  7.265E+11
  1.974E+03  1.981E+03  5.946E-05 -4.320E+00  8.136E+07  1.269E-12  7.358E+11
  1.988E+03  1.995E+03  5.870E-05 -4.266E+00  8.135E+07  1.253E-12  7.452E+11
  2.002E+03  2.010E+03  5.796E-05 -4.239E+00  8.135E+07  1.237E-12  7.548E+11
  2.017E+03  2.024E+03  5.723E-05 -4.261E+00  8.135E+07  1.222E-12  7.644E+11
  2.031E+03  2.039E+03  5.651E-05 -4.224E+00  8.135E+07  1.206E-12  7.742E+11
  2.046E+03  2.054E+03  5.580E-05 -4.175E+00  8.134E+07  1.191E-12  7.840E+11
  2.061E+03  2.068E+03  5.510E-05 -4.195E+00  8.134E+07  1.176E-12  7.940E+11
  2.076E+03  2.083E+03  5.440E-05 -4.181E+00  8.134E+07  1.161E-12  8.041E+11
  2.091E+03  2.098E+03  5.372E-05 -4.118E+00  8.134E+07  1.147E-12  8.143E+11
  2.106E+03  2.113E+03  5.305E-05 -4.128E+00  8.134E+07  1.132E-12  8.245E+11
  2.121E+03  2.129E+03  5.239E-05 -4.132E+00  8.133E+07  1.118E-12  8.349E+11
  2.136E+03  2.144E+03  5.173E-05 -4.067E+00  8.133E+07  1.104E-12  8.455E+11
  2.152E+03  2.160E+03  5.109E-05 -4.063E+00  8.133E+07  1.090E-12  8.561E+11
  2.167E+03  2.175E+03  5.046E-05 -4.081E+00  8.133E+07  1.077E-12  8.668E+11
  2.183E+03  2.191E+03  4.983E-05 -4.016E+00  8.132E+07  1.063E-12  8.777E+11
  2.199E+03  2.207E+03  4.922E-05 -4.002E+00  8.132E+07  1.050E-12  8.887E+11
  2.215E+03  2.223E+03  4.861E-05 -4.029E+00  8.132E+07  1.037E-12  8.997E+11
  2.231E+03  2.239E+03  4.801E-05 -3.965E+00  8.131E+07  1.024E-12  9.110E+11
  2.247E+03  2.255E+03  4.742E-05 -3.944E+00  8.131E+07  1.012E-12  9.223E+11
  2.263E+03  2.271E+03  4.684E-05 -3.976E+00  8.131E+07  9.994E-13  9.337E+11
  2.279E+03  2.288E+03  4.626E-05 -3.910E+00  8.131E+07  9.870E-13  9.453E+11
  2.296E+03  2.304E+03  4.570E-05 -3.891E+00  8.131E+07  9.750E-13  9.569E+11
  2.312E+03  2.321E+03  4.514E-05 -3.925E+00  8.130E+07  9.631E-13  9.687E+11
  2.329E+03  2.338E+03  4.459E-05 -3.853E+00  8.130E+07  9.513E-13  9.807E+11
  2.346E+03  2.354E+03  4.405E-05 -3.843E+00  8.130E+07  9.398E-13  9.927E+11
  2.363E+03  2.371E+03  4.352E-05 -3.873E+00  8.130E+07  9.283E-13  1.005E+12
  2.380E+03  2.389E+03  4.299E-05 -3.794E+00  8.129E+07  9.170E-13  1.017E+12
  2.397E+03  2.406E+03  4.247E-05 -3.801E+00  8.129E+07  9.060E-13  1.030E+12
  2.414E+03  2.423E+03  4.196E-05 -3.819E+00  8.129E+07  8.950E-13  1.042E+12
  2.432E+03  2.441E+03  4.145E-05 -3.734E+00  8.129E+07  8.842E-13  1.055E+12
  2.449E+03  2.458E+03  4.096E-05 -3.765E+00  8.129E+07  8.737E-13  1.068E+12
  2.467E+03  2.476E+03  4.047E-05 -3.757E+00  8.128E+07  8.631E-13  1.080E+12
  2.485E+03  2.494E+03  3.998E-05 -3.679E+00  8.128E+07  8.528E-13  1.094E+12
  2.503E+03  2.512E+03  3.951E-05 -3.734E+00  8.128E+07  8.427E-13  1.107E+12
  2.521E+03  2.530E+03  3.904E-05 -3.684E+00  8.128E+07  8.325E-13  1.120E+12
  2.539E+03  2.548E+03  3.858E-05 -3.640E+00  8.128E+07  8.227E-13  1.133E+12
  2.557E+03  2.567E+03  3.812E-05 -3.696E+00  8.127E+07  8.129E-13  1.147E+12
  2.576E+03  2.585E+03  3.767E-05 -3.606E+00  8.127E+07  8.032E-13  1.161E+12
  2.595E+03  2.604E+03  3.723E-05 -3.621E+00  8.127E+07  7.938E-13  1.174E+12
  2.613E+03  2.623E+03  3.679E-05 -3.635E+00  8.127E+07  7.844E-13  1.188E+12
  2.632E+03  2.642E+03  3.635E-05 -3.541E+00  8.126E+07  7.752E-13  1.203E+12
  2.651E+03  2.661E+03  3.593E-05 -3.610E+00  8.126E+07  7.662E-13  1.217E+12
  2.670E+03  2.680E+03  3.551E-05 -3.545E+00  8.126E+07  7.571E-13  1.231E+12
  2.690E+03  2.699E+03  3.510E-05 -3.518E+00  8.126E+07  7.483E-13  1.246E+12
  2.709E+03  2.719E+03  3.469E-05 -3.571E+00  8.126E+07  7.396E-13  1.260E+12
  2.729E+03  2.738E+03  3.428E-05 -3.459E+00  8.125E+07  7.310E-13  1.275E+12
  2.748E+03  2.758E+03  3.389E-05 -3.528E+00  8.126E+07  7.226E-13  1.290E+12
  2.768E+03  2.778E+03  3.350E-05 -3.474E+00  8.125E+07  7.141E-13  1.305E+12
  2.788E+03  2.798E+03  3.311E-05 -3.435E+00  8.125E+07  7.060E-13  1.320E+12
  2.808E+03  2.818E+03  3.273E-05 -3.498E+00  8.125E+07  6.978E-13  1.336E+12
  2.828E+03  2.839E+03  3.235E-05 -3.375E+00  8.125E+07  6.898E-13  1.351E+12
  2.849E+03  2.859E+03  3.199E-05 -3.463E+00  8.125E+07  6.819E-13  1.367E+12
  2.869E+03  2.880E+03  3.162E-05 -3.381E+00  8.124E+07  6.740E-13  1.382E+12
  2.890E+03  2.901E+03  3.126E-05 -3.378E+00  8.124E+07  6.664E-13  1.398E+12
  2.911E+03  2.921E+03  3.090E-05 -3.411E+00  8.124E+07  6.588E-13  1.414E+12
  2.932E+03  2.943E+03  3.056E-05 -3.300E+00  8.124E+07  6.513E-13  1.431E+12
  2.953E+03  2.964E+03  3.021E-05 -3.409E+00  8.124E+07  6.440E-13  1.447E+12
  2.974E+03  2.985E+03  2.987E-05 -3.270E+00  8.123E+07  6.367E-13  1.463E+12
  2.996E+03  3.007E+03  2.954E-05 -3.356E+00  8.123E+07  6.296E-13  1.480E+12
  3.018E+03  3.028E+03  2.920E-05 -3.283E+00  8.123E+07  6.224E-13  1.497E+12
  3.039E+03  3.050E+03  2.888E-05 -3.275E+00  8.123E+07  6.155E-13  1.514E+12
  3.061E+03  3.072E+03  2.855E-05 -3.308E+00  8.122E+07  6.085E-13  1.531E+12
  3.083E+03  3.094E+03  2.824E-05 -3.200E+00  8.123E+07  6.018E-13  1.548E+12
  3.106E+03  3.117E+03  2.792E-05 -3.316E+00  8.122E+07  5.951E-13  1.565E+12
  3.128E+03  3.139E+03  2.761E-05 -3.152E+00  8.122E+07  5.885E-13  1.583E+12
  3.151E+03  3.162E+03  2.731E-05 -3.295E+00  8.122E+07  5.820E-13  1.600E+12
  3.173E+03  3.185E+03  2.701E-05 -3.131E+00  8.122E+07  5.755E-13  1.618E+12
  3.196E+03  3.208E+03  2.671E-05 -3.251E+00  8.122E+07  5.693E-13  1.636E+12
  3.219E+03  3.231E+03  2.642E-05 -3.130E+00  8.121E+07  5.629E-13  1.654E+12
  3.242E+03  3.254E+03  2.613E-05 -3.194E+00  8.122E+07  5.569E-13  1.672E+12
  3.266E+03  3.278E+03  2.584E-05 -3.136E+00  8.121E+07  5.507E-13  1.691E+12
  3.289E+03  3.301E+03  2.557E-05 -3.136E+00  8.121E+07  5.448E-13  1.709E+12
  3.313E+03  3.325E+03  2.528E-05 -3.140E+00  8.120E+07  5.388E-13  1.728E+12
  3.337E+03  3.349E+03  2.501E-05 -3.083E+00  8.121E+07  5.331E-13  1.747E+12
  3.361E+03  3.373E+03  2.474E-05 -3.139E+00  8.120E+07  5.272E-13  1.766E+12
  3.385E+03  3.398E+03  2.448E-05 -3.037E+00  8.121E+07  5.216E-13  1.785E+12
  3.410E+03  3.422E+03  2.421E-05 -3.131E+00  8.120E+07  5.159E-13  1.805E+12
  3.434E+03  3.447E+03  2.396E-05 -2.999E+00  8.120E+07  5.105E-13  1.824E+12
  3.459E+03  3.472E+03  2.370E-05 -3.115E+00  8.120E+07  5.049E-13  1.844E+12
  3.484E+03  3.497E+03  2.345E-05 -2.970E+00  8.120E+07  4.997E-13  1.863E+12
  3.509E+03  3.522E+03  2.320E-05 -3.092E+00  8.119E+07  4.942E-13  1.884E+12
  3.535E+03  3.547E+03  2.296E-05 -2.950E+00  8.120E+07  4.891E-13  1.904E+12
  3.560E+03  3.573E+03  2.271E-05 -3.059E+00  8.119E+07  4.838E-13  1.924E+12
  3.586E+03  3.599E+03  2.248E-05 -2.943E+00  8.120E+07  4.789E-13  1.944E+12
  3.612E+03  3.625E+03  2.224E-05 -3.012E+00  8.119E+07  4.737E-13  1.965E+12
  3.638E+03  3.651E+03  2.201E-05 -2.953E+00  8.120E+07  4.689E-13  1.986E+12
  3.664E+03  3.677E+03  2.177E-05 -2.946E+00  8.118E+07  4.638E-13  2.007E+12
  3.690E+03  3.704E+03  2.155E-05 -2.985E+00  8.119E+07  4.591E-13  2.028E+12
  3.717E+03  3.730E+03  2.132E-05 -2.861E+00  8.118E+07  4.542E-13  2.049E+12
  3.744E+03  3.757E+03  2.111E-05 -3.032E+00  8.119E+07  4.496E-13  2.070E+12
  3.771E+03  3.784E+03  2.089E-05 -2.771E+00  8.118E+07  4.449E-13  2.092E+12
  3.798E+03  3.812E+03  2.067E-05 -3.070E+00  8.118E+07  4.404E-13  2.114E+12
  3.825E+03  3.839E+03  2.046E-05 -2.712E+00  8.118E+07  4.359E-13  2.135E+12
  3.853E+03  3.867E+03  2.025E-05 -3.054E+00  8.117E+07  4.313E-13  2.158E+12
  3.881E+03  3.895E+03  2.005E-05 -2.733E+00  8.118E+07  4.271E-13  2.179E+12
  3.909E+03  3.923E+03  1.984E-05 -2.938E+00  8.117E+07  4.225E-13  2.202E+12
  3.937E+03  3.951E+03  1.964E-05 -2.860E+00  8.118E+07  4.184E-13  2.224E+12
  3.965E+03  3.980E+03  1.944E-05 -2.737E+00  8.117E+07  4.140E-13  2.247E+12
  3.994E+03  4.008E+03  1.925E-05 -3.021E+00  8.118E+07  4.100E-13  2.270E+12
  4.023E+03  4.037E+03  1.905E-05 -2.588E+00  8.117E+07  4.058E-13  2.293E+12
  4.052E+03  4.066E+03  1.886E-05 -3.031E+00  8.116E+07  4.017E-13  2.316E+12
  4.081E+03  4.096E+03  1.868E-05 -2.680E+00  8.118E+07  3.979E-13  2.339E+12
  4.110E+03  4.125E+03  1.848E-05 -2.770E+00  8.116E+07  3.936E-13  2.363E+12
  4.140E+03  4.155E+03  1.831E-05 -2.974E+00  8.117E+07  3.899E-13  2.387E+12
  4.170E+03  4.185E+03  1.812E-05 -2.491E+00  8.117E+07  3.860E-13  2.410E+12
  4.200E+03  4.215E+03  1.794E-05 -3.032E+00  8.115E+07  3.821E-13  2.435E+12
  4.230E+03  4.246E+03  1.777E-05 -2.667E+00  8.118E+07  3.786E-13  2.458E+12
  4.261E+03  4.276E+03  1.759E-05 -2.604E+00  8.115E+07  3.746E-13  2.483E+12
  4.292E+03  4.307E+03  1.742E-05 -3.082E+00  8.116E+07  3.710E-13  2.507E+12
  4.323E+03  4.338E+03  1.726E-05 -2.421E+00  8.117E+07  3.676E-13  2.532E+12
  4.354E+03  4.369E+03  1.708E-05 -2.799E+00  8.114E+07  3.637E-13  2.557E+12
  4.385E+03  4.401E+03  1.692E-05 -3.000E+00  8.116E+07  3.604E-13  2.582E+12
  4.417E+03  4.433E+03  1.676E-05 -2.291E+00  8.116E+07  3.569E-13  2.607E+12
  4.449E+03  4.465E+03  1.659E-05 -2.930E+00  8.113E+07  3.532E-13  2.633E+12
  4.481E+03  4.497E+03  1.644E-05 -2.948E+00  8.116E+07  3.501E-13  2.657E+12
  4.513E+03  4.529E+03  1.628E-05 -2.193E+00  8.116E+07  3.468E-13  2.683E+12
  4.546E+03  4.562E+03  1.612E-05 -2.950E+00  8.113E+07  3.431E-13  2.710E+12
  4.578E+03  4.595E+03  1.597E-05 -3.051E+00  8.116E+07  3.402E-13  2.735E+12
  4.611E+03  4.628E+03  1.583E-05 -2.106E+00  8.117E+07  3.370E-13  2.761E+12
  4.645E+03  4.661E+03  1.566E-05 -2.768E+00  8.112E+07  3.334E-13  2.788E+12
  4.678E+03  4.695E+03  1.552E-05 -3.349E+00  8.114E+07  3.304E-13  2.814E+12
  4.712E+03  4.729E+03  1.539E-05 -2.234E+00  8.117E+07  3.277E-13  2.840E+12
  4.746E+03  4.763E+03  1.523E-05 -2.226E+00  8.113E+07  3.243E-13  2.868E+12
  4.780E+03  4.797E+03  1.508E-05 -3.519E+00  8.110E+07  3.210E-13  2.895E+12
  4.814E+03  4.832E+03  1.496E-05 -3.084E+00  8.115E+07  3.185E-13  2.921E+12
  4.849E+03  4.867E+03  1.482E-05 -1.790E+00  8.117E+07  3.157E-13  2.948E+12
  4.884E+03  4.902E+03  1.467E-05 -2.581E+00  8.110E+07  3.121E-13  2.977E+12
  4.919E+03  4.937E+03  1.453E-05 -4.144E+00  8.108E+07  3.090E-13  3.006E+12
  4.955E+03  4.973E+03  1.441E-05 -3.445E+00  8.114E+07  3.068E-13  3.031E+12
  4.991E+03  5.009E+03  1.429E-05 -1.614E+00  8.118E+07  3.044E-13  3.058E+12
  5.027E+03  5.045E+03  1.414E-05 -1.973E+00  8.111E+07  3.010E-13  3.088E+12
  5.063E+03  5.081E+03  1.399E-05 -4.535E+00  8.101E+07  2.973E-13  3.120E+12
  5.099E+03  5.118E+03  1.386E-05 -6.152E+00  8.100E+07  2.945E-13  3.148E+12
  5.136E+03  5.155E+03  1.376E-05 -4.933E+00  8.108E+07  2.927E-13  3.174E+12
  5.173E+03  5.192E+03  1.365E-05 -2.557E+00  8.115E+07  2.907E-13  3.200E+12
  5.210E+03  5.229E+03  1.352E-05 -1.896E+00  8.112E+07  2.878E-13  3.230E+12
  5.248E+03  5.267E+03  1.337E-05 -3.945E+00  8.100E+07  2.842E-13  3.264E+12
  5.286E+03  5.305E+03  1.321E-05 -7.585E+00  8.085E+07  2.803E-13  3.298E+12
  5.324E+03  5.343E+03  1.307E-05 -1.106E+01  8.073E+07  2.768E-13  3.332E+12
  5.362E+03  5.382E+03  1.294E-05 -1.320E+01  8.067E+07  2.739E-13  3.364E+12
  5.401E+03  5.420E+03  1.283E-05 -1.379E+01  8.066E+07  2.715E-13  3.393E+12
  5.440E+03  5.459E+03  1.272E-05 -1.324E+01  8.069E+07  2.694E-13  3.422E+12
  5.479E+03  5.499E+03  1.262E-05 -1.209E+01  8.074E+07  2.674E-13  3.450E+12
  5.519E+03  5.538E+03  1.252E-05 -1.075E+01  8.079E+07  2.655E-13  3.478E+12
  5.558E+03  5.578E+03  1.243E-05 -9.451E+00  8.083E+07  2.636E-13  3.507E+12
  5.598E+03  5.619E+03  1.233E-05 -8.300E+00  8.087E+07  2.616E-13  3.536E+12
  5.639E+03  5.659E+03  1.223E-05 -7.318E+00  8.090E+07  2.597E-13  3.565E+12
  5.679E+03  5.700E+03  1.213E-05 -6.491E+00  8.093E+07  2.577E-13  3.595E+12
  5.720E+03  5.741E+03  1.203E-05 -5.795E+00  8.096E+07  2.556E-13  3.625E+12
  5.762E+03  5.782E+03  1.194E-05 -5.206E+00  8.098E+07  2.536E-13  3.655E+12
  5.803E+03  5.824E+03  1.184E-05 -4.704E+00  8.099E+07  2.516E-13  3.685E+12
  5.845E+03  5.866E+03  1.174E-05 -4.274E+00  8.101E+07  2.496E-13  3.716E+12
  5.887E+03  5.908E+03  1.165E-05 -3.903E+00  8.102E+07  2.476E-13  3.747E+12
  5.930E+03  5.951E+03  1.155E-05 -3.581E+00  8.103E+07  2.456E-13  3.779E+12
  5.972E+03  5.994E+03  1.146E-05 -3.301E+00  8.104E+07  2.436E-13  3.810E+12
  6.015E+03  6.037E+03  1.136E-05 -3.055E+00  8.105E+07  2.416E-13  3.842E+12
  6.059E+03  6.081E+03  1.127E-05 -2.839E+00  8.105E+07  2.397E-13  3.874E+12
  6.102E+03  6.124E+03  1.118E-05 -2.648E+00  8.106E+07  2.377E-13  3.906E+12
  6.146E+03  6.168E+03  1.109E-05 -2.478E+00  8.107E+07  2.358E-13  3.938E+12
  6.191E+03  6.213E+03  1.100E-05 -2.326E+00  8.107E+07  2.339E-13  3.970E+12
  6.235E+03  6.258E+03  1.091E-05 -2.190E+00  8.108E+07  2.320E-13  4.003E+12
  6.280E+03  6.303E+03  1.082E-05 -2.068E+00  8.108E+07  2.302E-13  4.036E+12
  6.325E+03  6.348E+03  1.073E-05 -1.957E+00  8.108E+07  2.283E-13  4.069E+12
  6.371E+03  6.394E+03  1.064E-05 -1.857E+00  8.109E+07  2.265E-13  4.102E+12
  6.417E+03  6.440E+03  1.056E-05 -1.765E+00  8.109E+07  2.247E-13  4.135E+12
  6.463E+03  6.487E+03  1.048E-05 -1.681E+00  8.109E+07  2.229E-13  4.168E+12
  6.510E+03  6.533E+03  1.039E-05 -1.604E+00  8.110E+07  2.211E-13  4.202E+12
  6.557E+03  6.580E+03  1.031E-05 -1.534E+00  8.110E+07  2.194E-13  4.236E+12
  6.604E+03  6.628E+03  1.023E-05 -1.468E+00  8.110E+07  2.177E-13  4.269E+12
  6.652E+03  6.676E+03  1.015E-05 -1.408E+00  8.110E+07  2.159E-13  4.303E+12
  6.700E+03  6.724E+03  1.007E-05 -1.352E+00  8.111E+07  2.142E-13  4.338E+12
  6.748E+03  6.772E+03  9.988E-06 -1.300E+00  8.111E+07  2.126E-13  4.372E+12
  6.796E+03  6.821E+03  9.910E-06 -1.252E+00  8.111E+07  2.109E-13  4.406E+12
  6.845E+03  6.870E+03  9.833E-06 -1.207E+00  8.111E+07  2.093E-13  4.441E+12
  6.895E+03  6.920E+03  9.757E-06 -1.164E+00  8.111E+07  2.077E-13  4.476E+12
  6.944E+03  6.970E+03  9.681E-06 -1.125E+00  8.112E+07  2.061E-13  4.511E+12
  6.995E+03  7.020E+03  9.607E-06 -1.088E+00  8.112E+07  2.045E-13  4.546E+12
  7.045E+03  7.070E+03  9.533E-06 -1.053E+00  8.112E+07  2.029E-13  4.581E+12
  7.096E+03  7.121E+03  9.460E-06 -1.020E+00  8.112E+07  2.014E-13  4.616E+12
  7.147E+03  7.173E+03  9.388E-06 -9.894E-01  8.112E+07  1.998E-13  4.652E+12
  7.198E+03  7.224E+03  9.317E-06 -9.604E-01  8.112E+07  1.983E-13  4.687E+12
  7.250E+03  7.276E+03  9.247E-06 -9.330E-01  8.112E+07  1.968E-13  4.723E+12
  7.302E+03  7.329E+03  9.177E-06 -9.071E-01  8.112E+07  1.953E-13  4.759E+12
  7.355E+03  7.382E+03  9.108E-06 -8.827E-01  8.113E+07  1.939E-13  4.795E+12
  7.408E+03  7.435E+03  9.040E-06 -8.597E-01  8.113E+07  1.924E-13  4.831E+12
  7.462E+03  7.488E+03  8.973E-06 -8.378E-01  8.113E+07  1.910E-13  4.868E+12
  7.515E+03  7.542E+03  8.906E-06 -8.172E-01  8.113E+07  1.896E-13  4.904E+12
  7.569E+03  7.597E+03  8.840E-06 -7.977E-01  8.113E+07  1.882E-13  4.940E+12
  7.624E+03  7.651E+03  8.775E-06 -7.792E-01  8.113E+07  1.868E-13  4.977E+12
  7.679E+03  7.707E+03  8.711E-06 -7.617E-01  8.113E+07  1.854E-13  5.014E+12
  7.734E+03  7.762E+03  8.647E-06 -7.452E-01  8.113E+07  1.841E-13  5.051E+12
  7.790E+03  7.818E+03  8.584E-06 -7.296E-01  8.113E+07  1.828E-13  5.088E+12
  7.846E+03  7.874E+03  8.522E-06 -7.148E-01  8.113E+07  1.814E-13  5.125E+12
  7.903E+03  7.931E+03  8.460E-06 -7.008E-01  8.114E+07  1.801E-13  5.163E+12
  7.960E+03  7.988E+03  8.400E-06 -6.877E-01  8.114E+07  1.788E-13  5.200E+12
  8.017E+03  8.046E+03  8.339E-06 -6.752E-01  8.114E+07  1.775E-13  5.238E+12
  8.075E+03  8.104E+03  8.280E-06 -6.635E-01  8.114E+07  1.763E-13  5.275E+12
  8.133E+03  8.162E+03  8.221E-06 -6.526E-01  8.114E+07  1.750E-13  5.313E+12
  8.192E+03  8.221E+03  8.163E-06 -6.422E-01  8.114E+07  1.738E-13  5.351E+12
  8.251E+03  8.280E+03  8.105E-06 -6.326E-01  8.114E+07  1.726E-13  5.389E+12
  8.310E+03  8.340E+03  8.048E-06 -6.236E-01  8.114E+07  1.714E-13  5.427E+12
  8.370E+03  8.400E+03  7.992E-06 -6.152E-01  8.114E+07  1.702E-13  5.465E+12
  8.430E+03  8.461E+03  7.936E-06 -6.074E-01  8.114E+07  1.690E-13  5.504E+12
  8.491E+03  8.522E+03  7.881E-06 -6.002E-01  8.114E+07  1.678E-13  5.542E+12
  8.552E+03  8.583E+03  7.827E-06 -5.936E-01  8.114E+07  1.666E-13  5.581E+12
  8.614E+03  8.645E+03  7.773E-06 -5.876E-01  8.115E+07  1.655E-13  5.620E+12
  8.676E+03  8.707E+03  7.719E-06 -5.822E-01  8.115E+07  1.644E-13  5.659E+12
  8.738E+03  8.770E+03  7.667E-06 -5.774E-01  8.115E+07  1.632E-13  5.698E+12
  8.801E+03  8.833E+03  7.614E-06 -5.731E-01  8.115E+07  1.621E-13  5.737E+12
  8.865E+03  8.897E+03  7.563E-06 -5.694E-01  8.115E+07  1.610E-13  5.776E+12
  8.929E+03  8.961E+03  7.513E-06 -5.662E-01  8.114E+07  1.600E-13  5.814E+12
  8.993E+03  9.025E+03  7.513E-06 -5.662E-01  8.114E+07  1.600E-13  5.814E+12
