  5.000E-02  7.518E-02  1.442E+04 -7.225E+01  1.000E+04  3.785E-08  1.000E+00
  1.004E-01  1.257E-01  1.314E+03 -1.980E+02  1.000E+04  3.449E-09  1.000E+00
  1.511E-01  1.766E-01  3.642E+02 -3.223E+02  1.000E+04  9.558E-10  1.000E+00
  2.022E-01  2.279E-01  1.421E+02 -4.669E+02  1.000E+04  3.728E-10  1.000E+00
  2.536E-01  2.795E-01  6.867E+01 -6.141E+02  1.000E+04  1.802E-10  1.000E+00
  3.055E-01  3.316E-01  3.918E+01 -7.290E+02  1.000E+04  1.028E-10  1.000E+00
  3.577E-01  3.839E-01  2.619E+01 -7.733E+02  1.000E+04  6.871E-11  1.000E+00
  4.102E-01  4.367E-01  2.008E+01 -7.630E+02  1.000E+04  5.269E-11  1.000E+00
  4.632E-01  4.898E-01  1.610E+01 -7.466E+02  1.000E+04  4.225E-11  1.000E+00
  5.165E-01  5.434E-01  1.324E+01 -7.260E+02  6.430E+05  3.474E-11  1.000E+00
  5.702E-01  5.973E-01  1.130E+01 -6.903E+02  2.505E+06  5.350E-09  6.566E+04
  6.243E-01  6.516E-01  1.015E+01 -6.415E+02  4.292E+06  1.030E-08  2.105E+05
  6.788E-01  7.063E-01  9.269E+00 -5.976E+02  5.526E+06  1.268E-08  3.485E+05
  7.337E-01  7.614E-01  8.449E+00 -5.631E+02  6.524E+06  1.393E-08  4.912E+05
  7.890E-01  8.168E-01  7.722E+00 -5.341E+02  7.366E+06  1.453E-08  6.392E+05
  8.447E-01  8.727E-01  7.081E+00 -5.091E+02  8.094E+06  1.474E-08  7.934E+05
  9.008E-01  9.290E-01  6.516E+00 -4.871E+02  8.735E+06  1.470E-08  9.540E+05
  9.573E-01  9.857E-01  6.018E+00 -4.675E+02  9.306E+06  1.451E-08  1.121E+06
  1.014E+00  1.043E+00  5.576E+00 -4.500E+02  9.820E+06  1.422E-08  1.296E+06
  1.071E+00  1.100E+00  5.182E+00 -4.341E+02  1.029E+07  1.386E-08  1.477E+06
  1.129E+00  1.158E+00  4.829E+00 -4.196E+02  1.071E+07  1.348E-08  1.666E+06
  1.187E+00  1.217E+00  4.513E+00 -4.064E+02  1.110E+07  1.307E-08  1.861E+06
  1.246E+00  1.275E+00  4.227E+00 -3.942E+02  1.147E+07  1.265E-08  2.065E+06
  1.305E+00  1.335E+00  3.969E+00 -3.829E+02  1.180E+07  1.223E-08  2.275E+06
  1.364E+00  1.394E+00  3.734E+00 -3.725E+02  1.212E+07  1.182E-08  2.493E+06
  1.424E+00  1.454E+00  3.520E+00 -3.627E+02  1.241E+07  1.142E-08  2.718E+06
  1.484E+00  1.515E+00  3.324E+00 -3.536E+02  1.268E+07  1.103E-08  2.951E+06
  1.545E+00  1.576E+00  3.145E+00 -3.451E+02  1.294E+07  1.065E-08  3.192E+06
  1.606E+00  1.637E+00  2.980E+00 -3.371E+02  1.318E+07  1.028E-08  3.440E+06
  1.668E+00  1.699E+00  2.828E+00 -3.295E+02  1.341E+07  9.930E-09  3.696E+06
  1.730E+00  1.761E+00  2.687E+00 -3.223E+02  1.363E+07  9.592E-09  3.959E+06
  1.792E+00  1.824E+00  2.557E+00 -3.156E+02  1.384E+07  9.268E-09  4.231E+06
  1.855E+00  1.887E+00  2.436E+00 -3.092E+02  1.404E+07  8.958E-09  4.510E+06
  1.918E+00  1.950E+00  2.324E+00 -3.031E+02  1.423E+07  8.661E-09  4.797E+06
  1.982E+00  2.014E+00  2.220E+00 -2.972E+02  1.441E+07  8.378E-09  5.092E+06
  2.046E+00  2.079E+00  2.122E+00 -2.917E+02  1.458E+07  8.106E-09  5.395E+06
  2.111E+00  2.144E+00  2.031E+00 -2.864E+02  1.474E+07  7.846E-09  5.706E+06
  2.176E+00  2.209E+00  1.946E+00 -2.813E+02  1.490E+07  7.598E-09  6.024E+06
  2.242E+00  2.275E+00  1.866E+00 -2.765E+02  1.505E+07  7.360E-09  6.352E+06
  2.308E+00  2.342E+00  1.790E+00 -2.718E+02  1.520E+07  7.133E-09  6.687E+06
  2.375E+00  2.408E+00  1.720E+00 -2.673E+02  1.534E+07  6.916E-09  7.031E+06
  2.442E+00  2.476E+00  1.653E+00 -2.630E+02  1.548E+07  6.707E-09  7.382E+06
  2.510E+00  2.544E+00  1.590E+00 -2.589E+02  1.561E+07  6.508E-09  7.743E+06
  2.578E+00  2.612E+00  1.531E+00 -2.549E+02  1.574E+07  6.317E-09  8.112E+06
  2.646E+00  2.681E+00  1.475E+00 -2.510E+02  1.586E+07  6.135E-09  8.489E+06
  2.715E+00  2.750E+00  1.422E+00 -2.473E+02  1.598E+07  5.959E-09  8.875E+06
  2.785E+00  2.820E+00  1.372E+00 -2.437E+02  1.610E+07  5.791E-09  9.269E+06
  2.855E+00  2.890E+00  1.324E+00 -2.402E+02  1.621E+07  5.630E-09  9.673E+06
  2.925E+00  2.961E+00  1.279E+00 -2.368E+02  1.632E+07  5.476E-09  1.009E+07
  2.996E+00  3.032E+00  1.236E+00 -2.335E+02  1.643E+07  5.327E-09  1.051E+07
  3.068E+00  3.104E+00  1.196E+00 -2.304E+02  1.654E+07  5.185E-09  1.094E+07
  3.140E+00  3.176E+00  1.157E+00 -2.273E+02  1.664E+07  5.048E-09  1.138E+07
  3.213E+00  3.249E+00  1.120E+00 -2.243E+02  1.674E+07  4.916E-09  1.182E+07
  3.286E+00  3.323E+00  1.085E+00 -2.213E+02  1.684E+07  4.790E-09  1.228E+07
  3.359E+00  3.397E+00  1.051E+00 -2.185E+02  1.693E+07  4.668E-09  1.275E+07
  3.434E+00  3.471E+00  1.019E+00 -2.157E+02  1.703E+07  4.551E-09  1.323E+07
  3.508E+00  3.546E+00  9.882E-01 -2.130E+02  1.712E+07  4.438E-09  1.371E+07
  3.584E+00  3.622E+00  9.589E-01 -2.104E+02  1.721E+07  4.330E-09  1.421E+07
  3.659E+00  3.698E+00  9.309E-01 -2.079E+02  1.730E+07  4.225E-09  1.471E+07
  3.736E+00  3.774E+00  9.040E-01 -2.054E+02  1.739E+07  4.125E-09  1.523E+07
  3.813E+00  3.851E+00  8.783E-01 -2.029E+02  1.748E+07  4.027E-09  1.575E+07
  3.890E+00  3.929E+00  8.537E-01 -2.005E+02  1.757E+07  3.934E-09  1.629E+07
  3.968E+00  4.007E+00  8.300E-01 -1.982E+02  1.765E+07  3.843E-09  1.684E+07
  4.047E+00  4.086E+00  8.073E-01 -1.959E+02  1.774E+07  3.756E-09  1.739E+07
  4.126E+00  4.166E+00  7.855E-01 -1.937E+02  1.782E+07  3.672E-09  1.796E+07
  4.206E+00  4.246E+00  7.646E-01 -1.915E+02  1.790E+07  3.590E-09  1.853E+07
  4.286E+00  4.326E+00  7.444E-01 -1.894E+02  1.798E+07  3.512E-09  1.912E+07
  4.367E+00  4.407E+00  7.251E-01 -1.873E+02  1.806E+07  3.436E-09  1.972E+07
  4.448E+00  4.489E+00  7.064E-01 -1.852E+02  1.814E+07  3.362E-09  2.033E+07
  4.530E+00  4.571E+00  6.885E-01 -1.832E+02  1.822E+07  3.291E-09  2.095E+07
  4.613E+00  4.654E+00  6.712E-01 -1.812E+02  1.830E+07  3.222E-09  2.158E+07
  4.696E+00  4.738E+00  6.545E-01 -1.793E+02  1.838E+07  3.156E-09  2.222E+07
  4.780E+00  4.822E+00  6.385E-01 -1.774E+02  1.846E+07  3.091E-09  2.288E+07
  4.864E+00  4.907E+00  6.230E-01 -1.755E+02  1.853E+07  3.029E-09  2.354E+07
  4.949E+00  4.992E+00  6.080E-01 -1.737E+02  1.861E+07  2.968E-09  2.422E+07
  5.035E+00  5.078E+00  5.936E-01 -1.719E+02  1.869E+07  2.910E-09  2.491E+07
  5.121E+00  5.165E+00  5.796E-01 -1.702E+02  1.876E+07  2.853E-09  2.561E+07
  5.208E+00  5.252E+00  5.662E-01 -1.684E+02  1.884E+07  2.798E-09  2.632E+07
  5.295E+00  5.340E+00  5.531E-01 -1.667E+02  1.891E+07  2.744E-09  2.705E+07
  5.384E+00  5.428E+00  5.405E-01 -1.650E+02  1.899E+07  2.693E-09  2.779E+07
  5.472E+00  5.517E+00  5.283E-01 -1.634E+02  1.906E+07  2.642E-09  2.854E+07
  5.562E+00  5.607E+00  5.166E-01 -1.618E+02  1.914E+07  2.593E-09  2.930E+07
  5.652E+00  5.697E+00  5.051E-01 -1.602E+02  1.921E+07  2.546E-09  3.008E+07
  5.743E+00  5.788E+00  4.941E-01 -1.586E+02  1.929E+07  2.500E-09  3.087E+07
  5.834E+00  5.880E+00  4.834E-01 -1.571E+02  1.936E+07  2.455E-09  3.167E+07
  5.926E+00  5.972E+00  4.730E-01 -1.555E+02  1.943E+07  2.412E-09  3.248E+07
  6.019E+00  6.065E+00  4.629E-01 -1.541E+02  1.951E+07  2.369E-09  3.331E+07
  6.112E+00  6.159E+00  4.532E-01 -1.526E+02  1.958E+07  2.328E-09  3.416E+07
  6.206E+00  6.253E+00  4.437E-01 -1.511E+02  1.966E+07  2.288E-09  3.501E+07
  6.301E+00  6.348E+00  4.345E-01 -1.497E+02  1.973E+07  2.249E-09  3.588E+07
  6.396E+00  6.444E+00  4.256E-01 -1.483E+02  1.981E+07  2.211E-09  3.677E+07
  6.492E+00  6.540E+00  4.169E-01 -1.469E+02  1.988E+07  2.174E-09  3.767E+07
  6.589E+00  6.637E+00  4.085E-01 -1.455E+02  1.995E+07  2.138E-09  3.858E+07
  6.686E+00  6.735E+00  4.003E-01 -1.442E+02  2.003E+07  2.104E-09  3.951E+07
  6.784E+00  6.834E+00  3.924E-01 -1.429E+02  2.010E+07  2.069E-09  4.045E+07
  6.883E+00  6.933E+00  3.847E-01 -1.415E+02  2.018E+07  2.036E-09  4.141E+07
  6.983E+00  7.033E+00  3.772E-01 -1.403E+02  2.025E+07  2.004E-09  4.238E+07
  7.083E+00  7.133E+00  3.698E-01 -1.390E+02  2.033E+07  1.972E-09  4.337E+07
  7.184E+00  7.235E+00  3.627E-01 -1.377E+02  2.040E+07  1.942E-09  4.438E+07
  7.286E+00  7.337E+00  3.558E-01 -1.365E+02  2.048E+07  1.912E-09  4.540E+07
  7.388E+00  7.440E+00  3.491E-01 -1.353E+02  2.055E+07  1.882E-09  4.644E+07
  7.491E+00  7.543E+00  3.426E-01 -1.340E+02  2.063E+07  1.854E-09  4.749E+07
  7.595E+00  7.648E+00  3.362E-01 -1.329E+02  2.070E+07  1.826E-09  4.856E+07
  7.700E+00  7.753E+00  3.300E-01 -1.317E+02  2.078E+07  1.799E-09  4.965E+07
  7.805E+00  7.859E+00  3.239E-01 -1.305E+02  2.086E+07  1.772E-09  5.075E+07
  7.912E+00  7.965E+00  3.180E-01 -1.294E+02  2.093E+07  1.747E-09  5.187E+07
  8.019E+00  8.072E+00  3.122E-01 -1.282E+02  2.101E+07  1.721E-09  5.301E+07
  8.126E+00  8.181E+00  3.066E-01 -1.271E+02  2.109E+07  1.697E-09  5.417E+07
  8.235E+00  8.289E+00  3.012E-01 -1.260E+02  2.117E+07  1.672E-09  5.534E+07
  8.344E+00  8.399E+00  2.958E-01 -1.249E+02  2.124E+07  1.649E-09  5.653E+07
  8.454E+00  8.510E+00  2.906E-01 -1.238E+02  2.132E+07  1.626E-09  5.774E+07
  8.565E+00  8.621E+00  2.855E-01 -1.228E+02  2.140E+07  1.603E-09  5.897E+07
  8.677E+00  8.733E+00  2.806E-01 -1.217E+02  2.148E+07  1.581E-09  6.022E+07
  8.789E+00  8.846E+00  2.758E-01 -1.207E+02  2.156E+07  1.560E-09  6.149E+07
  8.902E+00  8.960E+00  2.710E-01 -1.197E+02  2.164E+07  1.539E-09  6.278E+07
  9.017E+00  9.074E+00  2.664E-01 -1.186E+02  2.172E+07  1.518E-09  6.408E+07
  9.131E+00  9.189E+00  2.619E-01 -1.176E+02  2.180E+07  1.498E-09  6.541E+07
  9.247E+00  9.306E+00  2.575E-01 -1.166E+02  2.188E+07  1.478E-09  6.675E+07
  9.364E+00  9.423E+00  2.532E-01 -1.157E+02  2.196E+07  1.459E-09  6.812E+07
  9.481E+00  9.540E+00  2.490E-01 -1.147E+02  2.204E+07  1.440E-09  6.951E+07
  9.600E+00  9.659E+00  2.449E-01 -1.137E+02  2.212E+07  1.421E-09  7.092E+07
  9.719E+00  9.779E+00  2.409E-01 -1.128E+02  2.220E+07  1.403E-09  7.235E+07
  9.839E+00  9.899E+00  2.369E-01 -1.119E+02  2.228E+07  1.385E-09  7.380E+07
  9.959E+00  1.002E+01  2.331E-01 -1.109E+02  2.237E+07  1.368E-09  7.527E+07
  1.008E+01  1.014E+01  2.293E-01 -1.100E+02  2.245E+07  1.351E-09  7.677E+07
  1.020E+01  1.027E+01  2.256E-01 -1.091E+02  2.253E+07  1.334E-09  7.829E+07
  1.033E+01  1.039E+01  2.220E-01 -1.082E+02  2.262E+07  1.318E-09  7.983E+07
  1.045E+01  1.051E+01  2.185E-01 -1.073E+02  2.270E+07  1.302E-09  8.140E+07
  1.058E+01  1.064E+01  2.151E-01 -1.065E+02  2.279E+07  1.286E-09  8.298E+07
  1.070E+01  1.077E+01  2.117E-01 -1.056E+02  2.287E+07  1.270E-09  8.459E+07
  1.083E+01  1.089E+01  2.084E-01 -1.047E+02  2.296E+07  1.255E-09  8.623E+07
  1.096E+01  1.102E+01  2.051E-01 -1.039E+02  2.304E+07  1.240E-09  8.789E+07
  1.109E+01  1.115E+01  2.020E-01 -1.031E+02  2.313E+07  1.226E-09  8.958E+07
  1.122E+01  1.128E+01  1.989E-01 -1.022E+02  2.322E+07  1.211E-09  9.129E+07
  1.135E+01  1.141E+01  1.958E-01 -1.014E+02  2.331E+07  1.197E-09  9.302E+07
  1.148E+01  1.155E+01  1.928E-01 -1.006E+02  2.339E+07  1.184E-09  9.478E+07
  1.161E+01  1.168E+01  1.899E-01 -9.981E+01  2.348E+07  1.170E-09  9.657E+07
  1.175E+01  1.181E+01  1.871E-01 -9.901E+01  2.357E+07  1.157E-09  9.838E+07
  1.188E+01  1.195E+01  1.842E-01 -9.823E+01  2.366E+07  1.144E-09  1.002E+08
  1.202E+01  1.208E+01  1.815E-01 -9.745E+01  2.375E+07  1.131E-09  1.021E+08
  1.215E+01  1.222E+01  1.788E-01 -9.668E+01  2.384E+07  1.118E-09  1.040E+08
  1.229E+01  1.236E+01  1.761E-01 -9.592E+01  2.393E+07  1.106E-09  1.059E+08
  1.243E+01  1.250E+01  1.736E-01 -9.517E+01  2.402E+07  1.094E-09  1.079E+08
  1.257E+01  1.264E+01  1.710E-01 -9.442E+01  2.411E+07  1.082E-09  1.098E+08
  1.271E+01  1.278E+01  1.685E-01 -9.369E+01  2.421E+07  1.070E-09  1.119E+08
  1.285E+01  1.292E+01  1.661E-01 -9.296E+01  2.430E+07  1.059E-09  1.139E+08
  1.299E+01  1.306E+01  1.636E-01 -9.224E+01  2.439E+07  1.047E-09  1.160E+08
  1.314E+01  1.321E+01  1.613E-01 -9.152E+01  2.448E+07  1.036E-09  1.181E+08
  1.328E+01  1.335E+01  1.590E-01 -9.081E+01  2.458E+07  1.025E-09  1.202E+08
  1.343E+01  1.350E+01  1.567E-01 -9.011E+01  2.467E+07  1.014E-09  1.224E+08
  1.357E+01  1.365E+01  1.545E-01 -8.942E+01  2.477E+07  1.004E-09  1.246E+08
  1.372E+01  1.379E+01  1.523E-01 -8.873E+01  2.486E+07  9.934E-10  1.268E+08
  1.387E+01  1.394E+01  1.501E-01 -8.805E+01  2.496E+07  9.831E-10  1.290E+08
  1.402E+01  1.409E+01  1.480E-01 -8.738E+01  2.506E+07  9.730E-10  1.313E+08
  1.417E+01  1.425E+01  1.459E-01 -8.671E+01  2.515E+07  9.631E-10  1.337E+08
  1.432E+01  1.440E+01  1.439E-01 -8.606E+01  2.525E+07  9.533E-10  1.360E+08
  1.447E+01  1.455E+01  1.419E-01 -8.540E+01  2.535E+07  9.437E-10  1.384E+08
  1.463E+01  1.471E+01  1.399E-01 -8.476E+01  2.545E+07  9.342E-10  1.408E+08
  1.478E+01  1.486E+01  1.380E-01 -8.412E+01  2.555E+07  9.249E-10  1.433E+08
  1.494E+01  1.502E+01  1.361E-01 -8.348E+01  2.565E+07  9.157E-10  1.458E+08
  1.510E+01  1.518E+01  1.342E-01 -8.285E+01  2.575E+07  9.066E-10  1.483E+08
  1.526E+01  1.534E+01  1.324E-01 -8.223E+01  2.585E+07  8.977E-10  1.509E+08
  1.542E+01  1.550E+01  1.306E-01 -8.162E+01  2.595E+07  8.889E-10  1.535E+08
  1.558E+01  1.566E+01  1.288E-01 -8.101E+01  2.605E+07  8.803E-10  1.562E+08
  1.574E+01  1.582E+01  1.270E-01 -8.040E+01  2.615E+07  8.718E-10  1.589E+08
  1.590E+01  1.599E+01  1.253E-01 -7.981E+01  2.626E+07  8.634E-10  1.616E+08
  1.607E+01  1.615E+01  1.236E-01 -7.921E+01  2.636E+07  8.551E-10  1.644E+08
  1.623E+01  1.632E+01  1.220E-01 -7.863E+01  2.646E+07  8.469E-10  1.672E+08
  1.640E+01  1.648E+01  1.203E-01 -7.805E+01  2.657E+07  8.389E-10  1.700E+08
  1.657E+01  1.665E+01  1.187E-01 -7.747E+01  2.667E+07  8.310E-10  1.729E+08
  1.674E+01  1.682E+01  1.171E-01 -7.690E+01  2.678E+07  8.232E-10  1.758E+08
  1.691E+01  1.699E+01  1.156E-01 -7.633E+01  2.689E+07  8.155E-10  1.788E+08
  1.708E+01  1.717E+01  1.141E-01 -7.578E+01  2.699E+07  8.079E-10  1.818E+08
  1.725E+01  1.734E+01  1.126E-01 -7.522E+01  2.710E+07  8.004E-10  1.849E+08
  1.743E+01  1.752E+01  1.111E-01 -7.467E+01  2.721E+07  7.930E-10  1.880E+08
  1.760E+01  1.769E+01  1.096E-01 -7.413E+01  2.732E+07  7.857E-10  1.912E+08
  1.778E+01  1.787E+01  1.082E-01 -7.359E+01  2.743E+07  7.785E-10  1.944E+08
  1.796E+01  1.805E+01  1.068E-01 -7.306E+01  2.754E+07  7.715E-10  1.976E+08
  1.814E+01  1.823E+01  1.054E-01 -7.253E+01  2.765E+07  7.645E-10  2.009E+08
  1.832E+01  1.841E+01  1.040E-01 -7.200E+01  2.776E+07  7.576E-10  2.042E+08
  1.850E+01  1.859E+01  1.027E-01 -7.148E+01  2.787E+07  7.507E-10  2.076E+08
  1.868E+01  1.877E+01  1.013E-01 -7.097E+01  2.798E+07  7.440E-10  2.111E+08
  1.887E+01  1.896E+01  1.000E-01 -7.046E+01  2.809E+07  7.374E-10  2.145E+08
  1.905E+01  1.915E+01  9.875E-02 -6.996E+01  2.821E+07  7.308E-10  2.181E+08
  1.924E+01  1.933E+01  9.748E-02 -6.946E+01  2.832E+07  7.244E-10  2.217E+08
  1.943E+01  1.952E+01  9.623E-02 -6.896E+01  2.843E+07  7.180E-10  2.253E+08
  1.962E+01  1.971E+01  9.501E-02 -6.847E+01  2.855E+07  7.117E-10  2.290E+08
  1.981E+01  1.991E+01  9.380E-02 -6.798E+01  2.866E+07  7.055E-10  2.327E+08
  2.000E+01  2.010E+01  9.260E-02 -6.750E+01  2.878E+07  6.993E-10  2.365E+08
  2.020E+01  2.029E+01  9.143E-02 -6.702E+01  2.890E+07  6.932E-10  2.404E+08
  2.039E+01  2.049E+01  9.027E-02 -6.655E+01  2.901E+07  6.872E-10  2.443E+08
  2.059E+01  2.069E+01  8.913E-02 -6.608E+01  2.913E+07  6.813E-10  2.483E+08
  2.079E+01  2.089E+01  8.801E-02 -6.561E+01  2.925E+07  6.755E-10  2.523E+08
  2.099E+01  2.109E+01  8.690E-02 -6.515E+01  2.937E+07  6.697E-10  2.564E+08
  2.119E+01  2.129E+01  8.581E-02 -6.469E+01  2.949E+07  6.640E-10  2.605E+08
  2.139E+01  2.149E+01  8.473E-02 -6.424E+01  2.961E+07  6.583E-10  2.647E+08
  2.159E+01  2.170E+01  8.367E-02 -6.379E+01  2.973E+07  6.527E-10  2.690E+08
  2.180E+01  2.190E+01  8.263E-02 -6.335E+01  2.985E+07  6.472E-10  2.733E+08
  2.201E+01  2.211E+01  8.160E-02 -6.291E+01  2.997E+07  6.418E-10  2.777E+08
  2.222E+01  2.232E+01  8.058E-02 -6.247E+01  3.010E+07  6.364E-10  2.822E+08
  2.243E+01  2.253E+01  7.958E-02 -6.204E+01  3.022E+07  6.310E-10  2.867E+08
  2.264E+01  2.274E+01  7.860E-02 -6.161E+01  3.034E+07  6.258E-10  2.913E+08
  2.285E+01  2.296E+01  7.762E-02 -6.118E+01  3.047E+07  6.206E-10  2.959E+08
  2.306E+01  2.317E+01  7.667E-02 -6.076E+01  3.059E+07  6.154E-10  3.007E+08
  2.328E+01  2.339E+01  7.572E-02 -6.034E+01  3.072E+07  6.103E-10  3.054E+08
  2.350E+01  2.361E+01  7.479E-02 -5.992E+01  3.085E+07  6.053E-10  3.103E+08
  2.372E+01  2.383E+01  7.387E-02 -5.951E+01  3.097E+07  6.003E-10  3.152E+08
  2.394E+01  2.405E+01  7.296E-02 -5.910E+01  3.110E+07  5.954E-10  3.202E+08
  2.416E+01  2.427E+01  7.207E-02 -5.870E+01  3.123E+07  5.905E-10  3.253E+08
  2.438E+01  2.450E+01  7.118E-02 -5.830E+01  3.136E+07  5.857E-10  3.304E+08
  2.461E+01  2.472E+01  7.031E-02 -5.790E+01  3.149E+07  5.809E-10  3.357E+08
  2.484E+01  2.495E+01  6.946E-02 -5.751E+01  3.162E+07  5.762E-10  3.409E+08
  2.507E+01  2.518E+01  6.861E-02 -5.712E+01  3.175E+07  5.716E-10  3.463E+08
  2.530E+01  2.541E+01  6.777E-02 -5.673E+01  3.188E+07  5.669E-10  3.518E+08
  2.553E+01  2.565E+01  6.695E-02 -5.635E+01  3.201E+07  5.624E-10  3.573E+08
  2.576E+01  2.588E+01  6.614E-02 -5.596E+01  3.215E+07  5.579E-10  3.629E+08
  2.600E+01  2.612E+01  6.534E-02 -5.559E+01  3.228E+07  5.534E-10  3.686E+08
  2.623E+01  2.635E+01  6.454E-02 -5.521E+01  3.241E+07  5.489E-10  3.744E+08
  2.647E+01  2.659E+01  6.376E-02 -5.484E+01  3.255E+07  5.446E-10  3.802E+08
  2.671E+01  2.684E+01  6.299E-02 -5.447E+01  3.268E+07  5.402E-10  3.862E+08
  2.696E+01  2.708E+01  6.223E-02 -5.411E+01  3.282E+07  5.359E-10  3.922E+08
  2.720E+01  2.732E+01  6.148E-02 -5.375E+01  3.296E+07  5.317E-10  3.983E+08
  2.745E+01  2.757E+01  6.074E-02 -5.339E+01  3.309E+07  5.275E-10  4.045E+08
  2.769E+01  2.782E+01  6.001E-02 -5.303E+01  3.323E+07  5.233E-10  4.108E+08
  2.794E+01  2.807E+01  5.929E-02 -5.268E+01  3.337E+07  5.192E-10  4.172E+08
  2.819E+01  2.832E+01  5.858E-02 -5.233E+01  3.351E+07  5.151E-10  4.237E+08
  2.845E+01  2.857E+01  5.788E-02 -5.198E+01  3.365E+07  5.110E-10  4.303E+08
  2.870E+01  2.883E+01  5.719E-02 -5.164E+01  3.379E+07  5.070E-10  4.369E+08
  2.896E+01  2.909E+01  5.650E-02 -5.129E+01  3.393E+07  5.031E-10  4.437E+08
  2.922E+01  2.935E+01  5.583E-02 -5.096E+01  3.407E+07  4.991E-10  4.506E+08
  2.948E+01  2.961E+01  5.516E-02 -5.062E+01  3.422E+07  4.952E-10  4.575E+08
  2.974E+01  2.987E+01  5.450E-02 -5.029E+01  3.436E+07  4.914E-10  4.646E+08
  3.000E+01  3.014E+01  5.385E-02 -4.995E+01  3.451E+07  4.876E-10  4.718E+08
  3.027E+01  3.040E+01  5.321E-02 -4.963E+01  3.465E+07  4.838E-10  4.790E+08
  3.054E+01  3.067E+01  5.258E-02 -4.930E+01  3.480E+07  4.800E-10  4.864E+08
  3.081E+01  3.094E+01  5.195E-02 -4.898E+01  3.494E+07  4.763E-10  4.939E+08
  3.108E+01  3.122E+01  5.133E-02 -4.866E+01  3.509E+07  4.726E-10  5.015E+08
  3.135E+01  3.149E+01  5.072E-02 -4.834E+01  3.524E+07  4.690E-10  5.092E+08
  3.163E+01  3.177E+01  5.012E-02 -4.803E+01  3.539E+07  4.654E-10  5.170E+08
  3.191E+01  3.205E+01  4.953E-02 -4.771E+01  3.553E+07  4.618E-10  5.250E+08
  3.219E+01  3.233E+01  4.894E-02 -4.740E+01  3.568E+07  4.583E-10  5.330E+08
  3.247E+01  3.261E+01  4.836E-02 -4.710E+01  3.583E+07  4.547E-10  5.412E+08
  3.275E+01  3.290E+01  4.779E-02 -4.679E+01  3.599E+07  4.513E-10  5.495E+08
  3.304E+01  3.318E+01  4.722E-02 -4.649E+01  3.614E+07  4.478E-10  5.579E+08
  3.333E+01  3.347E+01  4.667E-02 -4.619E+01  3.629E+07  4.444E-10  5.664E+08
  3.362E+01  3.376E+01  4.611E-02 -4.589E+01  3.644E+07  4.410E-10  5.751E+08
  3.391E+01  3.406E+01  4.557E-02 -4.559E+01  3.660E+07  4.376E-10  5.839E+08
  3.420E+01  3.435E+01  4.503E-02 -4.530E+01  3.675E+07  4.343E-10  5.928E+08
  3.450E+01  3.465E+01  4.450E-02 -4.501E+01  3.691E+07  4.310E-10  6.018E+08
  3.480E+01  3.495E+01  4.398E-02 -4.472E+01  3.707E+07  4.277E-10  6.107E+08
  3.510E+01  3.525E+01  4.346E-02 -4.443E+01  3.722E+07  4.245E-10  6.197E+08
  3.540E+01  3.555E+01  4.295E-02 -4.415E+01  3.738E+07  4.212E-10  6.288E+08
  3.571E+01  3.586E+01  4.244E-02 -4.387E+01  3.754E+07  4.181E-10  6.380E+08
  3.601E+01  3.617E+01  4.194E-02 -4.359E+01  3.770E+07  4.149E-10  6.474E+08
  3.632E+01  3.648E+01  4.145E-02 -4.331E+01  3.786E+07  4.118E-10  6.568E+08
  3.663E+01  3.679E+01  4.096E-02 -4.304E+01  3.802E+07  4.086E-10  6.665E+08
  3.695E+01  3.710E+01  4.048E-02 -4.277E+01  3.818E+07  4.056E-10  6.763E+08
  3.726E+01  3.742E+01  4.000E-02 -4.250E+01  3.835E+07  4.025E-10  6.862E+08
  3.758E+01  3.774E+01  3.953E-02 -4.223E+01  3.851E+07  3.995E-10  6.962E+08
  3.790E+01  3.806E+01  3.907E-02 -4.196E+01  3.868E+07  3.965E-10  7.065E+08
  3.822E+01  3.839E+01  3.861E-02 -4.170E+01  3.884E+07  3.935E-10  7.168E+08
  3.855E+01  3.871E+01  3.815E-02 -4.144E+01  3.901E+07  3.905E-10  7.273E+08
  3.888E+01  3.904E+01  3.770E-02 -4.118E+01  3.918E+07  3.876E-10  7.380E+08
  3.921E+01  3.937E+01  3.726E-02 -4.092E+01  3.935E+07  3.847E-10  7.488E+08
  3.954E+01  3.971E+01  3.682E-02 -4.066E+01  3.952E+07  3.818E-10  7.598E+08
  3.987E+01  4.004E+01  3.639E-02 -4.041E+01  3.969E+07  3.789E-10  7.710E+08
  4.021E+01  4.038E+01  3.596E-02 -4.016E+01  3.986E+07  3.761E-10  7.823E+08
  4.055E+01  4.072E+01  3.554E-02 -3.991E+01  4.003E+07  3.733E-10  7.938E+08
  4.089E+01  4.106E+01  3.512E-02 -3.966E+01  4.020E+07  3.705E-10  8.054E+08
  4.124E+01  4.141E+01  3.471E-02 -3.942E+01  4.038E+07  3.677E-10  8.172E+08
  4.158E+01  4.176E+01  3.430E-02 -3.917E+01  4.055E+07  3.650E-10  8.292E+08
  4.193E+01  4.211E+01  3.390E-02 -3.893E+01  4.073E+07  3.622E-10  8.414E+08
  4.229E+01  4.246E+01  3.350E-02 -3.869E+01  4.090E+07  3.595E-10  8.537E+08
  4.264E+01  4.282E+01  3.310E-02 -3.845E+01  4.108E+07  3.569E-10  8.663E+08
  4.300E+01  4.318E+01  3.272E-02 -3.822E+01  4.126E+07  3.542E-10  8.790E+08
  4.336E+01  4.354E+01  3.233E-02 -3.798E+01  4.144E+07  3.515E-10  8.919E+08
  4.372E+01  4.390E+01  3.195E-02 -3.775E+01  4.162E+07  3.489E-10  9.050E+08
  4.408E+01  4.427E+01  3.158E-02 -3.752E+01  4.180E+07  3.463E-10  9.182E+08
  4.445E+01  4.464E+01  3.120E-02 -3.729E+01  4.198E+07  3.438E-10  9.317E+08
  4.482E+01  4.501E+01  3.084E-02 -3.706E+01  4.216E+07  3.412E-10  9.454E+08
  4.519E+01  4.538E+01  3.048E-02 -3.684E+01  4.235E+07  3.387E-10  9.593E+08
  4.557E+01  4.576E+01  3.012E-02 -3.661E+01  4.253E+07  3.361E-10  9.733E+08
  4.595E+01  4.614E+01  2.976E-02 -3.639E+01  4.272E+07  3.336E-10  9.876E+08
  4.633E+01  4.652E+01  2.942E-02 -3.617E+01  4.290E+07  3.312E-10  1.002E+09
  4.671E+01  4.690E+01  2.907E-02 -3.595E+01  4.309E+07  3.287E-10  1.017E+09
  4.710E+01  4.729E+01  2.873E-02 -3.573E+01  4.328E+07  3.263E-10  1.032E+09
  4.749E+01  4.768E+01  2.839E-02 -3.552E+01  4.347E+07  3.238E-10  1.047E+09
  4.788E+01  4.808E+01  2.806E-02 -3.530E+01  4.366E+07  3.214E-10  1.062E+09
  4.827E+01  4.847E+01  2.773E-02 -3.509E+01  4.385E+07  3.190E-10  1.078E+09
  4.867E+01  4.887E+01  2.740E-02 -3.488E+01  4.404E+07  3.167E-10  1.094E+09
  4.907E+01  4.927E+01  2.708E-02 -3.467E+01  4.423E+07  3.143E-10  1.110E+09
  4.947E+01  4.968E+01  2.676E-02 -3.446E+01  4.442E+07  3.120E-10  1.126E+09
  4.988E+01  5.009E+01  2.645E-02 -3.426E+01  4.462E+07  3.097E-10  1.142E+09
  5.029E+01  5.050E+01  2.614E-02 -3.405E+01  4.481E+07  3.074E-10  1.159E+09
  5.070E+01  5.091E+01  2.583E-02 -3.385E+01  4.501E+07  3.051E-10  1.176E+09
  5.112E+01  5.133E+01  2.553E-02 -3.365E+01  4.520E+07  3.028E-10  1.193E+09
  5.154E+01  5.175E+01  2.523E-02 -3.345E+01  4.540E+07  3.006E-10  1.211E+09
  5.196E+01  5.217E+01  2.494E-02 -3.325E+01  4.560E+07  2.984E-10  1.228E+09
  5.238E+01  5.259E+01  2.464E-02 -3.305E+01  4.580E+07  2.961E-10  1.246E+09
  5.281E+01  5.302E+01  2.435E-02 -3.285E+01  4.600E+07  2.939E-10  1.265E+09
  5.324E+01  5.345E+01  2.407E-02 -3.266E+01  4.620E+07  2.918E-10  1.283E+09
  5.367E+01  5.389E+01  2.379E-02 -3.246E+01  4.640E+07  2.896E-10  1.302E+09
  5.411E+01  5.433E+01  2.351E-02 -3.227E+01  4.660E+07  2.875E-10  1.321E+09
  5.455E+01  5.477E+01  2.323E-02 -3.208E+01  4.680E+07  2.853E-10  1.340E+09
  5.499E+01  5.521E+01  2.296E-02 -3.189E+01  4.700E+07  2.832E-10  1.360E+09
  5.544E+01  5.566E+01  2.269E-02 -3.170E+01  4.721E+07  2.811E-10  1.380E+09
  5.588E+01  5.611E+01  2.243E-02 -3.152E+01  4.741E+07  2.790E-10  1.400E+09
  5.634E+01  5.657E+01  2.217E-02 -3.133E+01  4.762E+07  2.769E-10  1.420E+09
  5.679E+01  5.702E+01  2.191E-02 -3.115E+01  4.782E+07  2.749E-10  1.441E+09
  5.725E+01  5.748E+01  2.165E-02 -3.097E+01  4.803E+07  2.729E-10  1.462E+09
  5.771E+01  5.795E+01  2.140E-02 -3.078E+01  4.824E+07  2.708E-10  1.483E+09
  5.818E+01  5.841E+01  2.115E-02 -3.060E+01  4.845E+07  2.688E-10  1.505E+09
  5.865E+01  5.888E+01  2.090E-02 -3.043E+01  4.865E+07  2.668E-10  1.526E+09
  5.912E+01  5.936E+01  2.066E-02 -3.025E+01  4.886E+07  2.648E-10  1.549E+09
  5.960E+01  5.984E+01  2.041E-02 -3.007E+01  4.907E+07  2.629E-10  1.571E+09
  6.008E+01  6.032E+01  2.018E-02 -2.990E+01  4.928E+07  2.609E-10  1.594E+09
  6.056E+01  6.080E+01  1.994E-02 -2.972E+01  4.949E+07  2.590E-10  1.617E+09
  6.104E+01  6.129E+01  1.971E-02 -2.955E+01  4.971E+07  2.571E-10  1.641E+09
  6.153E+01  6.178E+01  1.948E-02 -2.938E+01  4.992E+07  2.551E-10  1.664E+09
  6.203E+01  6.227E+01  1.925E-02 -2.921E+01  5.013E+07  2.532E-10  1.688E+09
  6.252E+01  6.277E+01  1.903E-02 -2.904E+01  5.035E+07  2.514E-10  1.713E+09
  6.302E+01  6.328E+01  1.881E-02 -2.887E+01  5.056E+07  2.495E-10  1.738E+09
  6.353E+01  6.378E+01  1.859E-02 -2.871E+01  5.077E+07  2.476E-10  1.763E+09
  6.403E+01  6.429E+01  1.837E-02 -2.854E+01  5.099E+07  2.458E-10  1.788E+09
  6.455E+01  6.480E+01  1.816E-02 -2.838E+01  5.120E+07  2.439E-10  1.814E+09
  6.506E+01  6.532E+01  1.795E-02 -2.822E+01  5.142E+07  2.421E-10  1.840E+09
  6.558E+01  6.584E+01  1.774E-02 -2.805E+01  5.164E+07  2.403E-10  1.867E+09
  6.610E+01  6.636E+01  1.753E-02 -2.789E+01  5.185E+07  2.385E-10  1.894E+09
  6.663E+01  6.689E+01  1.733E-02 -2.774E+01  5.207E+07  2.368E-10  1.921E+09
  6.716E+01  6.742E+01  1.713E-02 -2.758E+01  5.229E+07  2.350E-10  1.948E+09
  6.769E+01  6.796E+01  1.693E-02 -2.742E+01  5.251E+07  2.332E-10  1.976E+09
  6.823E+01  6.850E+01  1.673E-02 -2.726E+01  5.272E+07  2.315E-10  2.005E+09
  6.877E+01  6.904E+01  1.654E-02 -2.711E+01  5.294E+07  2.298E-10  2.033E+09
  6.931E+01  6.959E+01  1.635E-02 -2.696E+01  5.316E+07  2.280E-10  2.062E+09
  6.986E+01  7.014E+01  1.616E-02 -2.680E+01  5.338E+07  2.263E-10  2.092E+09
  7.042E+01  7.069E+01  1.597E-02 -2.665E+01  5.360E+07  2.246E-10  2.122E+09
  7.097E+01  7.125E+01  1.579E-02 -2.650E+01  5.382E+07  2.229E-10  2.152E+09
  7.153E+01  7.182E+01  1.560E-02 -2.635E+01  5.404E+07  2.213E-10  2.183E+09
  7.210E+01  7.238E+01  1.542E-02 -2.620E+01  5.426E+07  2.196E-10  2.214E+09
  7.267E+01  7.295E+01  1.525E-02 -2.606E+01  5.448E+07  2.180E-10  2.245E+09
  7.324E+01  7.353E+01  1.507E-02 -2.591E+01  5.470E+07  2.163E-10  2.277E+09
  7.382E+01  7.411E+01  1.490E-02 -2.576E+01  5.492E+07  2.147E-10  2.309E+09
  7.440E+01  7.469E+01  1.473E-02 -2.562E+01  5.515E+07  2.131E-10  2.342E+09
  7.499E+01  7.528E+01  1.456E-02 -2.548E+01  5.537E+07  2.115E-10  2.375E+09
  7.558E+01  7.587E+01  1.439E-02 -2.533E+01  5.559E+07  2.099E-10  2.409E+09
  7.617E+01  7.647E+01  1.422E-02 -2.519E+01  5.581E+07  2.083E-10  2.443E+09
  7.677E+01  7.707E+01  1.406E-02 -2.505E+01  5.603E+07  2.067E-10  2.477E+09
  7.737E+01  7.767E+01  1.390E-02 -2.491E+01  5.625E+07  2.052E-10  2.512E+09
  7.798E+01  7.828E+01  1.374E-02 -2.478E+01  5.647E+07  2.036E-10  2.547E+09
  7.859E+01  7.890E+01  1.358E-02 -2.464E+01  5.669E+07  2.021E-10  2.583E+09
  7.921E+01  7.952E+01  1.343E-02 -2.450E+01  5.692E+07  2.005E-10  2.619E+09
  7.983E+01  8.014E+01  1.327E-02 -2.437E+01  5.714E+07  1.990E-10  2.656E+09
  8.045E+01  8.077E+01  1.312E-02 -2.423E+01  5.736E+07  1.975E-10  2.693E+09
  8.108E+01  8.140E+01  1.297E-02 -2.410E+01  5.758E+07  1.960E-10  2.730E+09
  8.171E+01  8.203E+01  1.283E-02 -2.397E+01  5.780E+07  1.945E-10  2.768E+09
  8.235E+01  8.267E+01  1.268E-02 -2.384E+01  5.802E+07  1.930E-10  2.807E+09
  8.299E+01  8.332E+01  1.254E-02 -2.371E+01  5.824E+07  1.916E-10  2.846E+09
  8.364E+01  8.397E+01  1.239E-02 -2.358E+01  5.846E+07  1.901E-10  2.885E+09
  8.429E+01  8.462E+01  1.225E-02 -2.345E+01  5.868E+07  1.887E-10  2.925E+09
  8.495E+01  8.528E+01  1.211E-02 -2.332E+01  5.890E+07  1.872E-10  2.965E+09
  8.561E+01  8.595E+01  1.198E-02 -2.320E+01  5.912E+07  1.858E-10  3.006E+09
  8.628E+01  8.662E+01  1.184E-02 -2.307E+01  5.934E+07  1.844E-10  3.048E+09
  8.695E+01  8.729E+01  1.171E-02 -2.295E+01  5.956E+07  1.830E-10  3.089E+09
  8.763E+01  8.797E+01  1.158E-02 -2.282E+01  5.977E+07  1.816E-10  3.132E+09
  8.831E+01  8.865E+01  1.144E-02 -2.270E+01  5.999E+07  1.802E-10  3.175E+09
  8.899E+01  8.934E+01  1.132E-02 -2.258E+01  6.021E+07  1.788E-10  3.218E+09
  8.968E+01  9.003E+01  1.119E-02 -2.246E+01  6.043E+07  1.774E-10  3.262E+09
  9.038E+01  9.073E+01  1.106E-02 -2.234E+01  6.064E+07  1.760E-10  3.306E+09
  9.108E+01  9.143E+01  1.094E-02 -2.222E+01  6.086E+07  1.747E-10  3.351E+09
  9.179E+01  9.214E+01  1.082E-02 -2.210E+01  6.107E+07  1.733E-10  3.396E+09
  9.250E+01  9.286E+01  1.070E-02 -2.198E+01  6.129E+07  1.720E-10  3.442E+09
  9.321E+01  9.357E+01  1.058E-02 -2.186E+01  6.150E+07  1.707E-10  3.489E+09
  9.393E+01  9.430E+01  1.046E-02 -2.175E+01  6.171E+07  1.693E-10  3.535E+09
  9.466E+01  9.503E+01  1.034E-02 -2.163E+01  6.193E+07  1.680E-10  3.583E+09
  9.539E+01  9.576E+01  1.023E-02 -2.152E+01  6.214E+07  1.667E-10  3.631E+09
  9.613E+01  9.650E+01  1.011E-02 -2.141E+01  6.235E+07  1.654E-10  3.680E+09
  9.687E+01  9.725E+01  9.999E-03 -2.130E+01  6.256E+07  1.641E-10  3.729E+09
  9.762E+01  9.800E+01  9.888E-03 -2.118E+01  6.277E+07  1.629E-10  3.778E+09
  9.837E+01  9.875E+01  9.778E-03 -2.107E+01  6.298E+07  1.616E-10  3.828E+09
  9.913E+01  9.951E+01  9.670E-03 -2.096E+01  6.319E+07  1.603E-10  3.879E+09
  9.989E+01  1.003E+02  9.563E-03 -2.086E+01  6.339E+07  1.591E-10  3.930E+09
  1.007E+02  1.011E+02  9.457E-03 -2.075E+01  6.360E+07  1.578E-10  3.982E+09
  1.014E+02  1.018E+02  9.352E-03 -2.064E+01  6.380E+07  1.566E-10  4.035E+09
  1.022E+02  1.026E+02  9.249E-03 -2.053E+01  6.401E+07  1.553E-10  4.088E+09
  1.030E+02  1.034E+02  9.147E-03 -2.043E+01  6.421E+07  1.541E-10  4.141E+09
  1.038E+02  1.042E+02  9.047E-03 -2.032E+01  6.441E+07  1.529E-10  4.196E+09
  1.046E+02  1.050E+02  8.947E-03 -2.022E+01  6.462E+07  1.517E-10  4.250E+09
  1.054E+02  1.058E+02  8.849E-03 -2.012E+01  6.482E+07  1.505E-10  4.306E+09
  1.062E+02  1.066E+02  8.752E-03 -2.001E+01  6.501E+07  1.493E-10  4.362E+09
  1.070E+02  1.074E+02  8.656E-03 -1.991E+01  6.521E+07  1.481E-10  4.418E+09
  1.078E+02  1.083E+02  8.561E-03 -1.981E+01  6.541E+07  1.469E-10  4.475E+09
  1.087E+02  1.091E+02  8.468E-03 -1.971E+01  6.561E+07  1.458E-10  4.533E+09
  1.095E+02  1.099E+02  8.375E-03 -1.961E+01  6.580E+07  1.446E-10  4.591E+09
  1.103E+02  1.108E+02  8.284E-03 -1.952E+01  6.599E+07  1.435E-10  4.650E+09
  1.112E+02  1.116E+02  8.194E-03 -1.942E+01  6.619E+07  1.423E-10  4.710E+09
  1.120E+02  1.125E+02  8.105E-03 -1.932E+01  6.638E+07  1.412E-10  4.770E+09
  1.129E+02  1.133E+02  8.017E-03 -1.923E+01  6.657E+07  1.400E-10  4.831E+09
  1.138E+02  1.142E+02  7.930E-03 -1.913E+01  6.676E+07  1.389E-10  4.892E+09
  1.146E+02  1.151E+02  7.844E-03 -1.904E+01  6.694E+07  1.378E-10  4.954E+09
  1.155E+02  1.159E+02  7.759E-03 -1.894E+01  6.713E+07  1.367E-10  5.017E+09
  1.164E+02  1.168E+02  7.675E-03 -1.885E+01  6.731E+07  1.356E-10  5.080E+09
  1.173E+02  1.177E+02  7.592E-03 -1.876E+01  6.750E+07  1.345E-10  5.145E+09
  1.182E+02  1.186E+02  7.510E-03 -1.866E+01  6.768E+07  1.334E-10  5.209E+09
  1.191E+02  1.195E+02  7.429E-03 -1.857E+01  6.786E+07  1.323E-10  5.275E+09
  1.200E+02  1.204E+02  7.349E-03 -1.848E+01  6.804E+07  1.312E-10  5.341E+09
  1.209E+02  1.213E+02  7.270E-03 -1.839E+01  6.822E+07  1.301E-10  5.407E+09
  1.218E+02  1.223E+02  7.192E-03 -1.831E+01  6.839E+07  1.291E-10  5.475E+09
  1.227E+02  1.232E+02  7.115E-03 -1.822E+01  6.857E+07  1.280E-10  5.543E+09
  1.237E+02  1.241E+02  7.038E-03 -1.813E+01  6.874E+07  1.270E-10  5.612E+09
  1.246E+02  1.251E+02  6.963E-03 -1.804E+01  6.892E+07  1.259E-10  5.681E+09
  1.255E+02  1.260E+02  6.888E-03 -1.796E+01  6.909E+07  1.249E-10  5.751E+09
  1.265E+02  1.270E+02  6.815E-03 -1.787E+01  6.926E+07  1.238E-10  5.822E+09
  1.275E+02  1.279E+02  6.742E-03 -1.779E+01  6.942E+07  1.228E-10  5.894E+09
  1.284E+02  1.289E+02  6.670E-03 -1.771E+01  6.959E+07  1.218E-10  5.966E+09
  1.294E+02  1.299E+02  6.599E-03 -1.762E+01  6.976E+07  1.208E-10  6.039E+09
  1.304E+02  1.309E+02  6.528E-03 -1.754E+01  6.992E+07  1.198E-10  6.113E+09
  1.314E+02  1.319E+02  6.459E-03 -1.746E+01  7.008E+07  1.188E-10  6.187E+09
  1.324E+02  1.329E+02  6.390E-03 -1.738E+01  7.024E+07  1.178E-10  6.263E+09
  1.334E+02  1.339E+02  6.322E-03 -1.730E+01  7.040E+07  1.168E-10  6.339E+09
  1.344E+02  1.349E+02  6.255E-03 -1.722E+01  7.056E+07  1.158E-10  6.416E+09
  1.354E+02  1.359E+02  6.189E-03 -1.714E+01  7.071E+07  1.148E-10  6.493E+09
  1.364E+02  1.369E+02  6.123E-03 -1.706E+01  7.087E+07  1.139E-10  6.571E+09
  1.375E+02  1.380E+02  6.058E-03 -1.698E+01  7.102E+07  1.129E-10  6.651E+09
  1.385E+02  1.390E+02  5.994E-03 -1.690E+01  7.117E+07  1.119E-10  6.731E+09
  1.395E+02  1.401E+02  5.930E-03 -1.683E+01  7.132E+07  1.110E-10  6.811E+09
  1.406E+02  1.411E+02  5.868E-03 -1.675E+01  7.147E+07  1.100E-10  6.893E+09
  1.417E+02  1.422E+02  5.805E-03 -1.668E+01  7.162E+07  1.091E-10  6.975E+09
  1.427E+02  1.433E+02  5.744E-03 -1.660E+01  7.176E+07  1.082E-10  7.059E+09
  1.438E+02  1.444E+02  5.683E-03 -1.653E+01  7.191E+07  1.072E-10  7.143E+09
  1.449E+02  1.454E+02  5.623E-03 -1.645E+01  7.205E+07  1.063E-10  7.228E+09
  1.460E+02  1.465E+02  5.564E-03 -1.638E+01  7.219E+07  1.054E-10  7.314E+09
  1.471E+02  1.476E+02  5.505E-03 -1.631E+01  7.233E+07  1.045E-10  7.400E+09
  1.482E+02  1.488E+02  5.447E-03 -1.624E+01  7.247E+07  1.036E-10  7.488E+09
  1.493E+02  1.499E+02  5.390E-03 -1.617E+01  7.260E+07  1.027E-10  7.576E+09
  1.504E+02  1.510E+02  5.333E-03 -1.609E+01  7.274E+07  1.018E-10  7.666E+09
  1.516E+02  1.521E+02  5.277E-03 -1.602E+01  7.287E+07  1.009E-10  7.756E+09
  1.527E+02  1.533E+02  5.221E-03 -1.595E+01  7.300E+07  1.000E-10  7.847E+09
  1.539E+02  1.544E+02  5.166E-03 -1.589E+01  7.313E+07  9.913E-11  7.939E+09
  1.550E+02  1.556E+02  5.112E-03 -1.582E+01  7.326E+07  9.826E-11  8.032E+09
  1.562E+02  1.568E+02  5.058E-03 -1.575E+01  7.339E+07  9.739E-11  8.126E+09
  1.574E+02  1.580E+02  5.004E-03 -1.568E+01  7.351E+07  9.653E-11  8.221E+09
  1.586E+02  1.591E+02  4.952E-03 -1.562E+01  7.364E+07  9.568E-11  8.317E+09
  1.597E+02  1.603E+02  4.900E-03 -1.555E+01  7.376E+07  9.483E-11  8.414E+09
  1.609E+02  1.615E+02  4.848E-03 -1.548E+01  7.388E+07  9.398E-11  8.512E+09
  1.622E+02  1.628E+02  4.797E-03 -1.542E+01  7.400E+07  9.314E-11  8.612E+09
  1.634E+02  1.640E+02  4.746E-03 -1.535E+01  7.412E+07  9.231E-11  8.712E+09
  1.646E+02  1.652E+02  4.696E-03 -1.529E+01  7.423E+07  9.148E-11  8.813E+09
  1.658E+02  1.665E+02  4.647E-03 -1.523E+01  7.435E+07  9.065E-11  8.915E+09
  1.671E+02  1.677E+02  4.598E-03 -1.516E+01  7.446E+07  8.984E-11  9.018E+09
  1.683E+02  1.690E+02  4.549E-03 -1.510E+01  7.457E+07  8.902E-11  9.123E+09
  1.696E+02  1.702E+02  4.501E-03 -1.504E+01  7.468E+07  8.821E-11  9.228E+09
  1.709E+02  1.715E+02  4.454E-03 -1.498E+01  7.479E+07  8.741E-11  9.335E+09
  1.721E+02  1.728E+02  4.407E-03 -1.492E+01  7.490E+07  8.661E-11  9.442E+09
  1.734E+02  1.741E+02  4.360E-03 -1.486E+01  7.501E+07  8.582E-11  9.551E+09
  1.747E+02  1.754E+02  4.314E-03 -1.480E+01  7.511E+07  8.503E-11  9.661E+09
  1.760E+02  1.767E+02  4.269E-03 -1.474E+01  7.521E+07  8.425E-11  9.773E+09
  1.774E+02  1.780E+02  4.224E-03 -1.468E+01  7.532E+07  8.347E-11  9.885E+09
  1.787E+02  1.793E+02  4.179E-03 -1.462E+01  7.542E+07  8.270E-11  9.999E+09
  1.800E+02  1.807E+02  4.135E-03 -1.456E+01  7.552E+07  8.193E-11  1.011E+10
  1.814E+02  1.820E+02  4.091E-03 -1.450E+01  7.561E+07  8.117E-11  1.023E+10
  1.827E+02  1.834E+02  4.048E-03 -1.445E+01  7.571E+07  8.042E-11  1.035E+10
  1.841E+02  1.848E+02  4.005E-03 -1.439E+01  7.580E+07  7.966E-11  1.047E+10
  1.855E+02  1.862E+02  3.963E-03 -1.433E+01  7.590E+07  7.892E-11  1.059E+10
  1.868E+02  1.875E+02  3.921E-03 -1.428E+01  7.599E+07  7.817E-11  1.071E+10
  1.882E+02  1.889E+02  3.879E-03 -1.422E+01  7.608E+07  7.744E-11  1.083E+10
  1.896E+02  1.904E+02  3.838E-03 -1.417E+01  7.617E+07  7.671E-11  1.095E+10
  1.911E+02  1.918E+02  3.797E-03 -1.411E+01  7.626E+07  7.598E-11  1.108E+10
  1.925E+02  1.932E+02  3.756E-03 -1.406E+01  7.635E+07  7.526E-11  1.121E+10
  1.939E+02  1.946E+02  3.716E-03 -1.400E+01  7.643E+07  7.454E-11  1.134E+10
  1.954E+02  1.961E+02  3.677E-03 -1.395E+01  7.652E+07  7.383E-11  1.147E+10
  1.968E+02  1.976E+02  3.638E-03 -1.390E+01  7.660E+07  7.312E-11  1.160E+10
  1.983E+02  1.990E+02  3.599E-03 -1.384E+01  7.668E+07  7.242E-11  1.173E+10
  1.998E+02  2.005E+02  3.560E-03 -1.379E+01  7.677E+07  7.172E-11  1.186E+10
  2.013E+02  2.020E+02  3.522E-03 -1.374E+01  7.685E+07  7.102E-11  1.200E+10
  2.028E+02  2.035E+02  3.485E-03 -1.369E+01  7.692E+07  7.034E-11  1.214E+10
  2.043E+02  2.050E+02  3.447E-03 -1.364E+01  7.700E+07  6.965E-11  1.228E+10
  2.058E+02  2.066E+02  3.410E-03 -1.359E+01  7.708E+07  6.897E-11  1.242E+10
  2.073E+02  2.081E+02  3.374E-03 -1.354E+01  7.715E+07  6.830E-11  1.256E+10
  2.089E+02  2.096E+02  3.337E-03 -1.349E+01  7.723E+07  6.763E-11  1.270E+10
  2.104E+02  2.112E+02  3.301E-03 -1.344E+01  7.730E+07  6.696E-11  1.285E+10
  2.120E+02  2.128E+02  3.266E-03 -1.339E+01  7.737E+07  6.630E-11  1.300E+10
  2.136E+02  2.144E+02  3.231E-03 -1.334E+01  7.744E+07  6.565E-11  1.314E+10
  2.151E+02  2.159E+02  3.196E-03 -1.329E+01  7.751E+07  6.500E-11  1.330E+10
  2.167E+02  2.176E+02  3.161E-03 -1.324E+01  7.758E+07  6.435E-11  1.345E+10
  2.184E+02  2.192E+02  3.127E-03 -1.319E+01  7.765E+07  6.371E-11  1.360E+10
  2.200E+02  2.208E+02  3.093E-03 -1.315E+01  7.772E+07  6.307E-11  1.376E+10
  2.216E+02  2.224E+02  3.059E-03 -1.310E+01  7.778E+07  6.244E-11  1.392E+10
  2.233E+02  2.241E+02  3.026E-03 -1.305E+01  7.785E+07  6.181E-11  1.408E+10
  2.249E+02  2.257E+02  2.993E-03 -1.301E+01  7.791E+07  6.119E-11  1.424E+10
  2.266E+02  2.274E+02  2.961E-03 -1.296E+01  7.797E+07  6.057E-11  1.440E+10
  2.283E+02  2.291E+02  2.928E-03 -1.291E+01  7.803E+07  5.996E-11  1.457E+10
  2.300E+02  2.308E+02  2.896E-03 -1.287E+01  7.809E+07  5.935E-11  1.474E+10
  2.317E+02  2.325E+02  2.864E-03 -1.282E+01  7.815E+07  5.874E-11  1.491E+10
  2.334E+02  2.342E+02  2.833E-03 -1.278E+01  7.821E+07  5.814E-11  1.508E+10
  2.351E+02  2.360E+02  2.802E-03 -1.273E+01  7.827E+07  5.755E-11  1.525E+10
  2.369E+02  2.377E+02  2.771E-03 -1.269E+01  7.833E+07  5.695E-11  1.543E+10
  2.386E+02  2.395E+02  2.741E-03 -1.264E+01  7.838E+07  5.637E-11  1.561E+10
  2.404E+02  2.413E+02  2.710E-03 -1.260E+01  7.844E+07  5.578E-11  1.579E+10
  2.422E+02  2.431E+02  2.680E-03 -1.256E+01  7.849E+07  5.521E-11  1.597E+10
  2.440E+02  2.449E+02  2.651E-03 -1.251E+01  7.854E+07  5.463E-11  1.616E+10
  2.458E+02  2.467E+02  2.621E-03 -1.247E+01  7.860E+07  5.406E-11  1.634E+10
  2.476E+02  2.485E+02  2.592E-03 -1.243E+01  7.865E+07  5.350E-11  1.653E+10
  2.494E+02  2.503E+02  2.564E-03 -1.238E+01  7.870E+07  5.294E-11  1.673E+10
  2.513E+02  2.522E+02  2.535E-03 -1.234E+01  7.875E+07  5.238E-11  1.692E+10
  2.531E+02  2.541E+02  2.507E-03 -1.230E+01  7.880E+07  5.183E-11  1.712E+10
  2.550E+02  2.559E+02  2.479E-03 -1.226E+01  7.884E+07  5.128E-11  1.732E+10
  2.569E+02  2.578E+02  2.451E-03 -1.222E+01  7.889E+07  5.074E-11  1.752E+10
  2.588E+02  2.597E+02  2.423E-03 -1.218E+01  7.894E+07  5.020E-11  1.773E+10
  2.607E+02  2.617E+02  2.396E-03 -1.214E+01  7.898E+07  4.966E-11  1.793E+10
  2.626E+02  2.636E+02  2.369E-03 -1.209E+01  7.903E+07  4.913E-11  1.814E+10
  2.646E+02  2.655E+02  2.343E-03 -1.205E+01  7.907E+07  4.861E-11  1.836E+10
  2.665E+02  2.675E+02  2.316E-03 -1.201E+01  7.912E+07  4.808E-11  1.857E+10
  2.685E+02  2.695E+02  2.290E-03 -1.197E+01  7.916E+07  4.757E-11  1.879E+10
  2.705E+02  2.715E+02  2.264E-03 -1.193E+01  7.920E+07  4.705E-11  1.901E+10
  2.725E+02  2.735E+02  2.238E-03 -1.189E+01  7.924E+07  4.654E-11  1.924E+10
  2.745E+02  2.755E+02  2.213E-03 -1.186E+01  7.928E+07  4.604E-11  1.946E+10
  2.765E+02  2.775E+02  2.188E-03 -1.182E+01  7.932E+07  4.554E-11  1.969E+10
  2.785E+02  2.796E+02  2.163E-03 -1.178E+01  7.936E+07  4.504E-11  1.993E+10
  2.806E+02  2.816E+02  2.138E-03 -1.174E+01  7.940E+07  4.454E-11  2.016E+10
  2.827E+02  2.837E+02  2.114E-03 -1.170E+01  7.944E+07  4.406E-11  2.040E+10
  2.847E+02  2.858E+02  2.089E-03 -1.166E+01  7.948E+07  4.357E-11  2.065E+10
  2.868E+02  2.879E+02  2.065E-03 -1.162E+01  7.951E+07  4.309E-11  2.089E+10
  2.890E+02  2.900E+02  2.042E-03 -1.159E+01  7.955E+07  4.261E-11  2.114E+10
  2.911E+02  2.922E+02  2.018E-03 -1.155E+01  7.958E+07  4.214E-11  2.139E+10
  2.932E+02  2.943E+02  1.995E-03 -1.151E+01  7.962E+07  4.167E-11  2.165E+10
  2.954E+02  2.965E+02  1.972E-03 -1.147E+01  7.965E+07  4.121E-11  2.191E+10
  2.976E+02  2.987E+02  1.949E-03 -1.144E+01  7.969E+07  4.075E-11  2.217E+10
  2.998E+02  3.009E+02  1.926E-03 -1.140E+01  7.972E+07  4.029E-11  2.244E+10
  3.020E+02  3.031E+02  1.904E-03 -1.136E+01  7.975E+07  3.984E-11  2.271E+10
  3.042E+02  3.053E+02  1.881E-03 -1.133E+01  7.978E+07  3.939E-11  2.298E+10
  3.064E+02  3.076E+02  1.859E-03 -1.129E+01  7.981E+07  3.894E-11  2.326E+10
  3.087E+02  3.098E+02  1.838E-03 -1.125E+01  7.984E+07  3.850E-11  2.354E+10
  3.110E+02  3.121E+02  1.816E-03 -1.122E+01  7.988E+07  3.807E-11  2.382E+10
  3.133E+02  3.144E+02  1.795E-03 -1.118E+01  7.990E+07  3.763E-11  2.411E+10
  3.156E+02  3.167E+02  1.774E-03 -1.115E+01  7.993E+07  3.720E-11  2.440E+10
  3.179E+02  3.191E+02  1.753E-03 -1.111E+01  7.996E+07  3.678E-11  2.470E+10
  3.202E+02  3.214E+02  1.732E-03 -1.108E+01  7.999E+07  3.636E-11  2.500E+10
  3.226E+02  3.238E+02  1.712E-03 -1.104E+01  8.002E+07  3.594E-11  2.531E+10
  3.250E+02  3.262E+02  1.691E-03 -1.100E+01  8.005E+07  3.552E-11  2.561E+10
  3.273E+02  3.286E+02  1.671E-03 -1.097E+01  8.007E+07  3.511E-11  2.593E+10
  3.298E+02  3.310E+02  1.651E-03 -1.094E+01  8.010E+07  3.471E-11  2.624E+10
  3.322E+02  3.334E+02  1.632E-03 -1.090E+01  8.012E+07  3.430E-11  2.657E+10
  3.346E+02  3.358E+02  1.612E-03 -1.087E+01  8.015E+07  3.390E-11  2.689E+10
  3.371E+02  3.383E+02  1.593E-03 -1.083E+01  8.017E+07  3.351E-11  2.722E+10
  3.396E+02  3.408E+02  1.574E-03 -1.080E+01  8.020E+07  3.312E-11  2.756E+10
  3.421E+02  3.433E+02  1.555E-03 -1.076E+01  8.022E+07  3.273E-11  2.790E+10
  3.446E+02  3.458E+02  1.536E-03 -1.073E+01  8.024E+07  3.234E-11  2.824E+10
  3.471E+02  3.484E+02  1.518E-03 -1.070E+01  8.027E+07  3.196E-11  2.859E+10
  3.496E+02  3.509E+02  1.499E-03 -1.066E+01  8.029E+07  3.159E-11  2.895E+10
  3.522E+02  3.535E+02  1.481E-03 -1.063E+01  8.031E+07  3.121E-11  2.931E+10
  3.548E+02  3.561E+02  1.463E-03 -1.060E+01  8.033E+07  3.084E-11  2.967E+10
  3.574E+02  3.587E+02  1.445E-03 -1.056E+01  8.035E+07  3.048E-11  3.004E+10
  3.600E+02  3.613E+02  1.428E-03 -1.053E+01  8.038E+07  3.011E-11  3.042E+10
  3.627E+02  3.640E+02  1.410E-03 -1.050E+01  8.040E+07  2.975E-11  3.080E+10
  3.653E+02  3.667E+02  1.393E-03 -1.046E+01  8.042E+07  2.940E-11  3.118E+10
  3.680E+02  3.694E+02  1.376E-03 -1.043E+01  8.044E+07  2.904E-11  3.157E+10
  3.707E+02  3.721E+02  1.359E-03 -1.040E+01  8.046E+07  2.870E-11  3.197E+10
  3.734E+02  3.748E+02  1.343E-03 -1.037E+01  8.047E+07  2.835E-11  3.237E+10
  3.762E+02  3.775E+02  1.326E-03 -1.033E+01  8.049E+07  2.801E-11  3.278E+10
  3.789E+02  3.803E+02  1.310E-03 -1.030E+01  8.051E+07  2.767E-11  3.319E+10
  3.817E+02  3.831E+02  1.294E-03 -1.027E+01  8.053E+07  2.733E-11  3.361E+10
  3.845E+02  3.859E+02  1.278E-03 -1.024E+01  8.055E+07  2.700E-11  3.404E+10
  3.873E+02  3.887E+02  1.262E-03 -1.021E+01  8.056E+07  2.667E-11  3.447E+10
  3.902E+02  3.916E+02  1.246E-03 -1.017E+01  8.058E+07  2.635E-11  3.491E+10
  3.930E+02  3.945E+02  1.231E-03 -1.014E+01  8.060E+07  2.602E-11  3.535E+10
  3.959E+02  3.973E+02  1.215E-03 -1.011E+01  8.061E+07  2.571E-11  3.580E+10
  3.988E+02  4.003E+02  1.200E-03 -1.008E+01  8.063E+07  2.539E-11  3.626E+10
  4.017E+02  4.032E+02  1.185E-03 -1.005E+01  8.065E+07  2.508E-11  3.672E+10
  4.047E+02  4.061E+02  1.170E-03 -1.001E+01  8.066E+07  2.477E-11  3.719E+10
  4.076E+02  4.091E+02  1.156E-03 -9.984E+00  8.068E+07  2.446E-11  3.767E+10
  4.106E+02  4.121E+02  1.141E-03 -9.953E+00  8.069E+07  2.416E-11  3.815E+10
  4.136E+02  4.151E+02  1.127E-03 -9.922E+00  8.070E+07  2.386E-11  3.864E+10
  4.166E+02  4.182E+02  1.112E-03 -9.891E+00  8.072E+07  2.356E-11  3.914E+10
  4.197E+02  4.212E+02  1.098E-03 -9.861E+00  8.073E+07  2.327E-11  3.964E+10
  4.228E+02  4.243E+02  1.085E-03 -9.830E+00  8.075E+07  2.298E-11  4.016E+10
  4.259E+02  4.274E+02  1.071E-03 -9.799E+00  8.076E+07  2.269E-11  4.068E+10
  4.290E+02  4.305E+02  1.057E-03 -9.769E+00  8.077E+07  2.241E-11  4.120E+10
  4.321E+02  4.337E+02  1.044E-03 -9.739E+00  8.078E+07  2.212E-11  4.174E+10
  4.353E+02  4.369E+02  1.030E-03 -9.708E+00  8.080E+07  2.185E-11  4.228E+10
  4.385E+02  4.401E+02  1.017E-03 -9.678E+00  8.081E+07  2.157E-11  4.283E+10
  4.417E+02  4.433E+02  1.004E-03 -9.648E+00  8.082E+07  2.130E-11  4.339E+10
  4.449E+02  4.465E+02  9.914E-04 -9.618E+00  8.083E+07  2.103E-11  4.395E+10
  4.481E+02  4.498E+02  9.787E-04 -9.588E+00  8.084E+07  2.076E-11  4.453E+10
  4.514E+02  4.531E+02  9.662E-04 -9.558E+00  8.086E+07  2.050E-11  4.511E+10
  4.547E+02  4.564E+02  9.538E-04 -9.529E+00  8.087E+07  2.024E-11  4.570E+10
  4.581E+02  4.597E+02  9.415E-04 -9.499E+00  8.088E+07  1.998E-11  4.630E+10
  4.614E+02  4.631E+02  9.293E-04 -9.469E+00  8.089E+07  1.972E-11  4.691E+10
  4.648E+02  4.665E+02  9.173E-04 -9.440E+00  8.090E+07  1.947E-11  4.753E+10
  4.682E+02  4.699E+02  9.055E-04 -9.411E+00  8.091E+07  1.922E-11  4.816E+10
  4.716E+02  4.733E+02  8.937E-04 -9.381E+00  8.092E+07  1.898E-11  4.879E+10
  4.750E+02  4.768E+02  8.821E-04 -9.353E+00  8.093E+07  1.873E-11  4.944E+10
  4.785E+02  4.803E+02  8.707E-04 -9.324E+00  8.094E+07  1.849E-11  5.009E+10
  4.820E+02  4.838E+02  8.593E-04 -9.295E+00  8.095E+07  1.825E-11  5.075E+10
  4.855E+02  4.873E+02  8.481E-04 -9.266E+00  8.096E+07  1.802E-11  5.143E+10
  4.891E+02  4.909E+02  8.371E-04 -9.238E+00  8.096E+07  1.778E-11  5.211E+10
  4.926E+02  4.944E+02  8.261E-04 -9.209E+00  8.097E+07  1.755E-11  5.281E+10
  4.962E+02  4.980E+02  8.153E-04 -9.180E+00  8.098E+07  1.732E-11  5.351E+10
  4.999E+02  5.017E+02  8.046E-04 -9.152E+00  8.099E+07  1.710E-11  5.422E+10
  5.035E+02  5.053E+02  7.941E-04 -9.123E+00  8.100E+07  1.688E-11  5.495E+10
  5.072E+02  5.090E+02  7.836E-04 -9.095E+00  8.101E+07  1.666E-11  5.568E+10
  5.109E+02  5.127E+02  7.733E-04 -9.067E+00  8.101E+07  1.644E-11  5.643E+10
  5.146E+02  5.165E+02  7.631E-04 -9.039E+00  8.102E+07  1.622E-11  5.719E+10
  5.184E+02  5.203E+02  7.530E-04 -9.010E+00  8.103E+07  1.601E-11  5.795E+10
  5.221E+02  5.241E+02  7.431E-04 -8.983E+00  8.104E+07  1.580E-11  5.873E+10
  5.260E+02  5.279E+02  7.332E-04 -8.955E+00  8.104E+07  1.559E-11  5.952E+10
  5.298E+02  5.317E+02  7.235E-04 -8.927E+00  8.105E+07  1.539E-11  6.033E+10
  5.337E+02  5.356E+02  7.139E-04 -8.900E+00  8.106E+07  1.518E-11  6.114E+10
  5.376E+02  5.395E+02  7.044E-04 -8.872E+00  8.106E+07  1.498E-11  6.197E+10
  5.415E+02  5.434E+02  6.951E-04 -8.844E+00  8.107E+07  1.479E-11  6.281E+10
  5.454E+02  5.474E+02  6.858E-04 -8.817E+00  8.107E+07  1.459E-11  6.366E+10
  5.494E+02  5.514E+02  6.767E-04 -8.790E+00  8.108E+07  1.440E-11  6.452E+10
  5.534E+02  5.554E+02  6.676E-04 -8.763E+00  8.109E+07  1.421E-11  6.540E+10
  5.574E+02  5.595E+02  6.587E-04 -8.736E+00  8.109E+07  1.402E-11  6.628E+10
  5.615E+02  5.635E+02  6.499E-04 -8.709E+00  8.110E+07  1.383E-11  6.719E+10
  5.656E+02  5.677E+02  6.412E-04 -8.682E+00  8.110E+07  1.365E-11  6.810E+10
  5.697E+02  5.718E+02  6.326E-04 -8.655E+00  8.111E+07  1.346E-11  6.903E+10
  5.739E+02  5.760E+02  6.241E-04 -8.628E+00  8.111E+07  1.328E-11  6.997E+10
  5.780E+02  5.802E+02  6.157E-04 -8.601E+00  8.112E+07  1.311E-11  7.093E+10
  5.823E+02  5.844E+02  6.074E-04 -8.575E+00  8.112E+07  1.293E-11  7.190E+10
  5.865E+02  5.886E+02  5.992E-04 -8.549E+00  8.113E+07  1.276E-11  7.288E+10
  5.908E+02  5.929E+02  5.911E-04 -8.522E+00  8.113E+07  1.258E-11  7.388E+10
  5.951E+02  5.972E+02  5.832E-04 -8.497E+00  8.114E+07  1.242E-11  7.490E+10
  5.994E+02  6.016E+02  5.753E-04 -8.471E+00  8.114E+07  1.225E-11  7.593E+10
  6.038E+02  6.060E+02  5.675E-04 -8.445E+00  8.115E+07  1.208E-11  7.697E+10
  6.082E+02  6.104E+02  5.598E-04 -8.420E+00  8.115E+07  1.192E-11  7.803E+10
  6.126E+02  6.148E+02  5.522E-04 -8.394E+00  8.115E+07  1.176E-11  7.911E+10
  6.171E+02  6.193E+02  5.447E-04 -8.368E+00  8.116E+07  1.160E-11  8.020E+10
  6.216E+02  6.238E+02  5.373E-04 -8.344E+00  8.116E+07  1.144E-11  8.130E+10
  6.261E+02  6.284E+02  5.300E-04 -8.318E+00  8.116E+07  1.129E-11  8.243E+10
  6.306E+02  6.329E+02  5.228E-04 -8.294E+00  8.117E+07  1.113E-11  8.357E+10
  6.352E+02  6.375E+02  5.157E-04 -8.270E+00  8.117E+07  1.098E-11  8.472E+10
  6.399E+02  6.422E+02  5.086E-04 -8.244E+00  8.117E+07  1.083E-11  8.590E+10
  6.445E+02  6.469E+02  5.017E-04 -8.221E+00  8.118E+07  1.069E-11  8.709E+10
  6.492E+02  6.516E+02  4.948E-04 -8.197E+00  8.118E+07  1.054E-11  8.830E+10
  6.539E+02  6.563E+02  4.881E-04 -8.173E+00  8.118E+07  1.040E-11  8.952E+10
  6.587E+02  6.611E+02  4.814E-04 -8.150E+00  8.119E+07  1.026E-11  9.077E+10
  6.635E+02  6.659E+02  4.748E-04 -8.126E+00  8.119E+07  1.011E-11  9.203E+10
  6.683E+02  6.707E+02  4.683E-04 -8.104E+00  8.119E+07  9.977E-12  9.331E+10
  6.732E+02  6.756E+02  4.619E-04 -8.081E+00  8.119E+07  9.840E-12  9.461E+10
  6.781E+02  6.805E+02  4.555E-04 -8.058E+00  8.120E+07  9.705E-12  9.593E+10
  6.830E+02  6.855E+02  4.493E-04 -8.037E+00  8.120E+07  9.572E-12  9.727E+10
  6.880E+02  6.905E+02  4.431E-04 -8.013E+00  8.120E+07  9.441E-12  9.862E+10
  6.930E+02  6.955E+02  4.370E-04 -7.994E+00  8.120E+07  9.311E-12  1.000E+11
  6.980E+02  7.005E+02  4.310E-04 -7.971E+00  8.121E+07  9.183E-12  1.014E+11
  7.031E+02  7.056E+02  4.250E-04 -7.951E+00  8.121E+07  9.057E-12  1.028E+11
  7.082E+02  7.108E+02  4.192E-04 -7.931E+00  8.121E+07  8.932E-12  1.043E+11
  7.133E+02  7.159E+02  4.134E-04 -7.910E+00  8.121E+07  8.809E-12  1.057E+11
  7.185E+02  7.211E+02  4.077E-04 -7.891E+00  8.121E+07  8.687E-12  1.072E+11
  7.238E+02  7.264E+02  4.020E-04 -7.870E+00  8.121E+07  8.567E-12  1.087E+11
  7.290E+02  7.317E+02  3.965E-04 -7.853E+00  8.122E+07  8.449E-12  1.102E+11
  7.343E+02  7.370E+02  3.910E-04 -7.833E+00  8.122E+07  8.332E-12  1.118E+11
  7.397E+02  7.423E+02  3.856E-04 -7.816E+00  8.122E+07  8.217E-12  1.133E+11
  7.450E+02  7.477E+02  3.802E-04 -7.798E+00  8.122E+07  8.103E-12  1.149E+11
  7.504E+02  7.532E+02  3.750E-04 -7.781E+00  8.122E+07  7.991E-12  1.166E+11
  7.559E+02  7.586E+02  3.698E-04 -7.765E+00  8.122E+07  7.880E-12  1.182E+11
  7.614E+02  7.642E+02  3.646E-04 -7.747E+00  8.122E+07  7.771E-12  1.199E+11
  7.669E+02  7.697E+02  3.596E-04 -7.734E+00  8.122E+07  7.663E-12  1.215E+11
  7.725E+02  7.753E+02  3.546E-04 -7.716E+00  8.122E+07  7.557E-12  1.233E+11
  7.781E+02  7.809E+02  3.496E-04 -7.704E+00  8.122E+07  7.452E-12  1.250E+11
  7.838E+02  7.866E+02  3.448E-04 -7.688E+00  8.122E+07  7.349E-12  1.268E+11
  7.894E+02  7.923E+02  3.400E-04 -7.678E+00  8.122E+07  7.246E-12  1.285E+11
  7.952E+02  7.981E+02  3.353E-04 -7.662E+00  8.123E+07  7.146E-12  1.304E+11
  8.010E+02  8.039E+02  3.306E-04 -7.653E+00  8.123E+07  7.046E-12  1.322E+11
  8.068E+02  8.097E+02  3.260E-04 -7.639E+00  8.123E+07  6.948E-12  1.341E+11
  8.126E+02  8.156E+02  3.214E-04 -7.631E+00  8.123E+07  6.851E-12  1.360E+11
  8.185E+02  8.215E+02  3.170E-04 -7.619E+00  8.123E+07  6.756E-12  1.379E+11
  8.245E+02  8.275E+02  3.125E-04 -7.614E+00  8.123E+07  6.661E-12  1.398E+11
  8.305E+02  8.335E+02  3.082E-04 -7.603E+00  8.123E+07  6.569E-12  1.418E+11
  8.365E+02  8.395E+02  3.039E-04 -7.598E+00  8.122E+07  6.477E-12  1.438E+11
  8.426E+02  8.456E+02  2.996E-04 -7.590E+00  8.122E+07  6.386E-12  1.459E+11
  8.487E+02  8.518E+02  2.955E-04 -7.589E+00  8.122E+07  6.297E-12  1.479E+11
  8.548E+02  8.579E+02  2.913E-04 -7.582E+00  8.122E+07  6.209E-12  1.500E+11
  8.610E+02  8.642E+02  2.873E-04 -7.583E+00  8.122E+07  6.122E-12  1.521E+11
  8.673E+02  8.704E+02  2.833E-04 -7.580E+00  8.122E+07  6.037E-12  1.543E+11
  8.736E+02  8.768E+02  2.793E-04 -7.585E+00  8.122E+07  5.952E-12  1.565E+11
  8.799E+02  8.831E+02  2.754E-04 -7.584E+00  8.122E+07  5.869E-12  1.587E+11
  8.863E+02  8.895E+02  2.715E-04 -7.594E+00  8.122E+07  5.787E-12  1.609E+11
  8.927E+02  8.960E+02  2.677E-04 -7.595E+00  8.122E+07  5.706E-12  1.632E+11
  8.992E+02  9.025E+02  2.640E-04 -7.613E+00  8.122E+07  5.626E-12  1.655E+11
  9.058E+02  9.090E+02  2.603E-04 -7.615E+00  8.121E+07  5.547E-12  1.679E+11
  9.123E+02  9.156E+02  2.567E-04 -7.641E+00  8.121E+07  5.469E-12  1.703E+11
  9.189E+02  9.223E+02  2.531E-04 -7.649E+00  8.121E+07  5.393E-12  1.727E+11
  9.256E+02  9.290E+02  2.495E-04 -7.681E+00  8.121E+07  5.317E-12  1.751E+11
  9.323E+02  9.357E+02  2.460E-04 -7.704E+00  8.120E+07  5.242E-12  1.776E+11
  9.391E+02  9.425E+02  2.426E-04 -7.734E+00  8.120E+07  5.169E-12  1.801E+11
  9.459E+02  9.493E+02  2.392E-04 -7.774E+00  8.120E+07  5.096E-12  1.827E+11
  9.528E+02  9.562E+02  2.358E-04 -7.803E+00  8.119E+07  5.024E-12  1.853E+11
  9.597E+02  9.631E+02  2.325E-04 -7.865E+00  8.119E+07  4.954E-12  1.879E+11
  9.666E+02  9.701E+02  2.293E-04 -7.900E+00  8.119E+07  4.884E-12  1.906E+11
  9.736E+02  9.772E+02  2.260E-04 -7.970E+00  8.118E+07  4.815E-12  1.933E+11
  9.807E+02  9.843E+02  2.229E-04 -8.026E+00  8.118E+07  4.747E-12  1.960E+11
  9.878E+02  9.914E+02  2.197E-04 -8.091E+00  8.117E+07  4.680E-12  1.988E+11
  9.950E+02  9.986E+02  2.167E-04 -8.182E+00  8.117E+07  4.615E-12  2.016E+11
  1.002E+03  1.006E+03  2.136E-04 -8.239E+00  8.116E+07  4.549E-12  2.045E+11
  1.009E+03  1.013E+03  2.106E-04 -8.344E+00  8.116E+07  4.485E-12  2.074E+11
  1.017E+03  1.020E+03  2.077E-04 -8.425E+00  8.115E+07  4.422E-12  2.103E+11
  1.024E+03  1.028E+03  2.047E-04 -8.509E+00  8.114E+07  4.360E-12  2.133E+11
  1.032E+03  1.035E+03  2.019E-04 -8.627E+00  8.114E+07  4.298E-12  2.164E+11
  1.039E+03  1.043E+03  1.990E-04 -8.692E+00  8.113E+07  4.238E-12  2.194E+11
  1.047E+03  1.050E+03  1.963E-04 -8.801E+00  8.112E+07  4.178E-12  2.225E+11
  1.054E+03  1.058E+03  1.935E-04 -8.902E+00  8.112E+07  4.119E-12  2.257E+11
  1.062E+03  1.066E+03  1.908E-04 -8.952E+00  8.111E+07  4.061E-12  2.289E+11
  1.069E+03  1.073E+03  1.881E-04 -9.062E+00  8.111E+07  4.004E-12  2.321E+11
  1.077E+03  1.081E+03  1.855E-04 -9.120E+00  8.110E+07  3.948E-12  2.354E+11
  1.085E+03  1.089E+03  1.829E-04 -9.134E+00  8.110E+07  3.892E-12  2.387E+11
  1.093E+03  1.097E+03  1.803E-04 -9.223E+00  8.109E+07  3.837E-12  2.421E+11
  1.101E+03  1.105E+03  1.778E-04 -9.227E+00  8.109E+07  3.784E-12  2.455E+11
  1.109E+03  1.113E+03  1.754E-04 -9.165E+00  8.109E+07  3.731E-12  2.490E+11
  1.117E+03  1.121E+03  1.729E-04 -9.204E+00  8.108E+07  3.679E-12  2.525E+11
  1.125E+03  1.129E+03  1.705E-04 -9.169E+00  8.109E+07  3.628E-12  2.560E+11
  1.133E+03  1.137E+03  1.682E-04 -9.006E+00  8.109E+07  3.578E-12  2.596E+11
  1.141E+03  1.145E+03  1.658E-04 -8.963E+00  8.108E+07  3.528E-12  2.633E+11
  1.150E+03  1.154E+03  1.635E-04 -8.941E+00  8.109E+07  3.480E-12  2.670E+11
  1.158E+03  1.162E+03  1.613E-04 -8.713E+00  8.109E+07  3.432E-12  2.707E+11
  1.166E+03  1.170E+03  1.591E-04 -8.518E+00  8.109E+07  3.385E-12  2.745E+11
  1.175E+03  1.179E+03  1.569E-04 -8.555E+00  8.109E+07  3.338E-12  2.783E+11
  1.183E+03  1.188E+03  1.547E-04 -8.514E+00  8.109E+07  3.292E-12  2.822E+11
  1.192E+03  1.196E+03  1.526E-04 -8.241E+00  8.110E+07  3.247E-12  2.861E+11
  1.200E+03  1.205E+03  1.505E-04 -8.146E+00  8.109E+07  3.202E-12  2.902E+11
  1.209E+03  1.213E+03  1.483E-04 -8.497E+00  8.107E+07  3.156E-12  2.943E+11
  1.218E+03  1.222E+03  1.463E-04 -8.933E+00  8.105E+07  3.111E-12  2.985E+11
  1.227E+03  1.231E+03  1.442E-04 -9.098E+00  8.105E+07  3.067E-12  3.026E+11
  1.236E+03  1.240E+03  1.422E-04 -9.367E+00  8.102E+07  3.022E-12  3.070E+11
  1.245E+03  1.249E+03  1.400E-04 -1.053E+01  8.094E+07  2.974E-12  3.115E+11
  1.254E+03  1.258E+03  1.378E-04 -1.297E+01  8.082E+07  2.922E-12  3.163E+11
  1.263E+03  1.267E+03  1.355E-04 -1.631E+01  8.067E+07  2.869E-12  3.211E+11
  1.272E+03  1.276E+03  1.334E-04 -1.973E+01  8.053E+07  2.818E-12  3.261E+11
  1.281E+03  1.286E+03  1.313E-04 -2.248E+01  8.043E+07  2.771E-12  3.309E+11
  1.290E+03  1.295E+03  1.294E-04 -2.423E+01  8.037E+07  2.728E-12  3.357E+11
  1.300E+03  1.304E+03  1.276E-04 -2.498E+01  8.035E+07  2.689E-12  3.404E+11
  1.309E+03  1.314E+03  1.258E-04 -2.496E+01  8.035E+07  2.653E-12  3.450E+11
  1.318E+03  1.323E+03  1.242E-04 -2.443E+01  8.036E+07  2.619E-12  3.497E+11
  1.328E+03  1.333E+03  1.226E-04 -2.360E+01  8.039E+07  2.585E-12  3.544E+11
  1.338E+03  1.342E+03  1.210E-04 -2.259E+01  8.042E+07  2.553E-12  3.591E+11
  1.347E+03  1.352E+03  1.194E-04 -2.150E+01  8.045E+07  2.521E-12  3.639E+11
  1.357E+03  1.362E+03  1.179E-04 -2.038E+01  8.049E+07  2.490E-12  3.687E+11
  1.367E+03  1.372E+03  1.164E-04 -1.926E+01  8.052E+07  2.459E-12  3.736E+11
  1.377E+03  1.382E+03  1.149E-04 -1.817E+01  8.056E+07  2.428E-12  3.786E+11
  1.387E+03  1.392E+03  1.134E-04 -1.713E+01  8.059E+07  2.398E-12  3.837E+11
  1.397E+03  1.402E+03  1.119E-04 -1.615E+01  8.062E+07  2.368E-12  3.888E+11
  1.407E+03  1.412E+03  1.105E-04 -1.524E+01  8.065E+07  2.338E-12  3.940E+11
  1.417E+03  1.422E+03  1.090E-04 -1.439E+01  8.067E+07  2.308E-12  3.992E+11
  1.427E+03  1.432E+03  1.076E-04 -1.362E+01  8.070E+07  2.278E-12  4.046E+11
  1.438E+03  1.443E+03  1.062E-04 -1.291E+01  8.072E+07  2.249E-12  4.100E+11
  1.448E+03  1.453E+03  1.048E-04 -1.226E+01  8.074E+07  2.220E-12  4.155E+11
  1.458E+03  1.464E+03  1.034E-04 -1.167E+01  8.076E+07  2.192E-12  4.211E+11
  1.469E+03  1.474E+03  1.021E-04 -1.112E+01  8.077E+07  2.163E-12  4.268E+11
  1.480E+03  1.485E+03  1.007E-04 -1.061E+01  8.079E+07  2.135E-12  4.325E+11
  1.490E+03  1.496E+03  9.939E-05 -1.014E+01  8.080E+07  2.107E-12  4.383E+11
  1.501E+03  1.507E+03  9.808E-05 -9.696E+00  8.082E+07  2.080E-12  4.442E+11
  1.512E+03  1.517E+03  9.679E-05 -9.282E+00  8.083E+07  2.053E-12  4.502E+11
  1.523E+03  1.528E+03  9.551E-05 -8.893E+00  8.084E+07  2.026E-12  4.563E+11
  1.534E+03  1.539E+03  9.425E-05 -8.526E+00  8.085E+07  2.000E-12  4.624E+11
  1.545E+03  1.551E+03  9.301E-05 -8.178E+00  8.086E+07  1.974E-12  4.686E+11
  1.556E+03  1.562E+03  9.179E-05 -7.849E+00  8.087E+07  1.948E-12  4.749E+11
  1.567E+03  1.573E+03  9.058E-05 -7.536E+00  8.088E+07  1.922E-12  4.813E+11
  1.579E+03  1.585E+03  8.938E-05 -7.238E+00  8.089E+07  1.897E-12  4.878E+11
  1.590E+03  1.596E+03  8.821E-05 -6.955E+00  8.090E+07  1.873E-12  4.943E+11
  1.602E+03  1.608E+03  8.705E-05 -6.685E+00  8.091E+07  1.848E-12  5.009E+11
  1.613E+03  1.619E+03  8.590E-05 -6.427E+00  8.092E+07  1.824E-12  5.076E+11
  1.625E+03  1.631E+03  8.478E-05 -6.181E+00  8.093E+07  1.800E-12  5.144E+11
  1.637E+03  1.643E+03  8.366E-05 -5.947E+00  8.093E+07  1.777E-12  5.213E+11
  1.649E+03  1.655E+03  8.257E-05 -5.723E+00  8.094E+07  1.754E-12  5.282E+11
  1.660E+03  1.666E+03  8.148E-05 -5.509E+00  8.095E+07  1.731E-12  5.353E+11
  1.672E+03  1.679E+03  8.042E-05 -5.305E+00  8.095E+07  1.708E-12  5.424E+11
  1.685E+03  1.691E+03  7.936E-05 -5.109E+00  8.096E+07  1.686E-12  5.496E+11
  1.697E+03  1.703E+03  7.833E-05 -4.923E+00  8.097E+07  1.664E-12  5.569E+11
  1.709E+03  1.715E+03  7.730E-05 -4.744E+00  8.097E+07  1.642E-12  5.643E+11
  1.721E+03  1.728E+03  7.630E-05 -4.573E+00  8.098E+07  1.621E-12  5.718E+11
  1.734E+03  1.740E+03  7.530E-05 -4.410E+00  8.098E+07  1.600E-12  5.794E+11
  1.746E+03  1.753E+03  7.432E-05 -4.253E+00  8.099E+07  1.579E-12  5.870E+11
  1.759E+03  1.765E+03  7.336E-05 -4.103E+00  8.099E+07  1.559E-12  5.948E+11
  1.772E+03  1.778E+03  7.240E-05 -3.960E+00  8.100E+07  1.539E-12  6.026E+11
  1.784E+03  1.791E+03  7.146E-05 -3.822E+00  8.100E+07  1.519E-12  6.106E+11
  1.797E+03  1.804E+03  7.054E-05 -3.690E+00  8.101E+07  1.499E-12  6.186E+11
  1.810E+03  1.817E+03  6.963E-05 -3.564E+00  8.101E+07  1.480E-12  6.267E+11
  1.823E+03  1.830E+03  6.873E-05 -3.443E+00  8.102E+07  1.461E-12  6.349E+11
  1.837E+03  1.843E+03  6.784E-05 -3.326E+00  8.102E+07  1.442E-12  6.433E+11
  1.850E+03  1.857E+03  6.697E-05 -3.215E+00  8.102E+07  1.424E-12  6.517E+11
  1.863E+03  1.870E+03  6.610E-05 -3.108E+00  8.103E+07  1.405E-12  6.602E+11
  1.877E+03  1.884E+03  6.525E-05 -3.005E+00  8.103E+07  1.387E-12  6.688E+11
  1.890E+03  1.897E+03  6.442E-05 -2.907E+00  8.103E+07  1.370E-12  6.775E+11
  1.904E+03  1.911E+03  6.359E-05 -2.812E+00  8.104E+07  1.352E-12  6.863E+11
  1.918E+03  1.925E+03  6.278E-05 -2.721E+00  8.104E+07  1.335E-12  6.952E+11
  1.932E+03  1.939E+03  6.198E-05 -2.633E+00  8.104E+07  1.318E-12  7.043E+11
  1.946E+03  1.953E+03  6.119E-05 -2.549E+00  8.105E+07  1.301E-12  7.134E+11
  1.960E+03  1.967E+03  6.041E-05 -2.468E+00  8.105E+07  1.285E-12  7.226E+11
  1.974E+03  1.981E+03  5.964E-05 -2.391E+00  8.105E+07  1.268E-12  7.319E+11
  1.988E+03  1.995E+03  5.888E-05 -2.316E+00  8.106E+07  1.252E-12  7.413E+11
  2.002E+03  2.010E+03  5.814E-05 -2.244E+00  8.106E+07  1.237E-12  7.509E+11
  2.017E+03  2.024E+03  5.740E-05 -2.174E+00  8.106E+07  1.221E-12  7.605E+11
  2.031E+03  2.039E+03  5.667E-05 -2.107E+00  8.106E+07  1.206E-12  7.703E+11
  2.046E+03  2.054E+03  5.596E-05 -2.043E+00  8.107E+07  1.190E-12  7.801E+11
  2.061E+03  2.068E+03  5.526E-05 -1.981E+00  8.107E+07  1.175E-12  7.901E+11
  2.076E+03  2.083E+03  5.456E-05 -1.921E+00  8.107E+07  1.161E-12  8.001E+11
  2.091E+03  2.098E+03  5.388E-05 -1.864E+00  8.107E+07  1.146E-12  8.103E+11
  2.106E+03  2.113E+03  5.320E-05 -1.808E+00  8.108E+07  1.132E-12  8.206E+11
  2.121E+03  2.129E+03  5.254E-05 -1.755E+00  8.108E+07  1.118E-12  8.310E+11
  2.136E+03  2.144E+03  5.188E-05 -1.703E+00  8.108E+07  1.104E-12  8.415E+11
  2.152E+03  2.160E+03  5.123E-05 -1.653E+00  8.108E+07  1.090E-12  8.522E+11
  2.167E+03  2.175E+03  5.060E-05 -1.605E+00  8.108E+07  1.077E-12  8.629E+11
  2.183E+03  2.191E+03  4.997E-05 -1.559E+00  8.109E+07  1.063E-12  8.738E+11
  2.199E+03  2.207E+03  4.935E-05 -1.514E+00  8.109E+07  1.050E-12  8.847E+11
  2.215E+03  2.223E+03  4.874E-05 -1.471E+00  8.109E+07  1.037E-12  8.958E+11
  2.231E+03  2.239E+03  4.814E-05 -1.429E+00  8.109E+07  1.024E-12  9.070E+11
  2.247E+03  2.255E+03  4.755E-05 -1.388E+00  8.109E+07  1.012E-12  9.183E+11
  2.263E+03  2.271E+03  4.696E-05 -1.349E+00  8.110E+07  9.993E-13  9.298E+11
  2.279E+03  2.288E+03  4.638E-05 -1.311E+00  8.110E+07  9.871E-13  9.414E+11
  2.296E+03  2.304E+03  4.582E-05 -1.275E+00  8.110E+07  9.750E-13  9.530E+11
  2.312E+03  2.321E+03  4.526E-05 -1.239E+00  8.110E+07  9.631E-13  9.648E+11
  2.329E+03  2.338E+03  4.470E-05 -1.205E+00  8.110E+07  9.514E-13  9.768E+11
  2.346E+03  2.354E+03  4.416E-05 -1.172E+00  8.110E+07  9.398E-13  9.888E+11
  2.363E+03  2.371E+03  4.362E-05 -1.140E+00  8.111E+07  9.284E-13  1.001E+12
  2.380E+03  2.389E+03  4.310E-05 -1.109E+00  8.111E+07  9.172E-13  1.013E+12
  2.397E+03  2.406E+03  4.257E-05 -1.079E+00  8.111E+07  9.061E-13  1.026E+12
  2.414E+03  2.423E+03  4.206E-05 -1.050E+00  8.111E+07  8.952E-13  1.038E+12
  2.432E+03  2.441E+03  4.155E-05 -1.022E+00  8.111E+07  8.844E-13  1.051E+12
  2.449E+03  2.458E+03  4.105E-05 -9.945E-01  8.111E+07  8.738E-13  1.064E+12
  2.467E+03  2.476E+03  4.056E-05 -9.681E-01  8.111E+07  8.633E-13  1.077E+12
  2.485E+03  2.494E+03  4.008E-05 -9.425E-01  8.111E+07  8.530E-13  1.090E+12
  2.503E+03  2.512E+03  3.960E-05 -9.177E-01  8.112E+07  8.428E-13  1.103E+12
  2.521E+03  2.530E+03  3.913E-05 -8.936E-01  8.112E+07  8.328E-13  1.116E+12
  2.539E+03  2.548E+03  3.866E-05 -8.703E-01  8.112E+07  8.229E-13  1.130E+12
  2.557E+03  2.567E+03  3.820E-05 -8.476E-01  8.112E+07  8.131E-13  1.143E+12
  2.576E+03  2.585E+03  3.775E-05 -8.257E-01  8.112E+07  8.035E-13  1.157E+12
  2.595E+03  2.604E+03  3.730E-05 -8.044E-01  8.112E+07  7.940E-13  1.171E+12
  2.613E+03  2.623E+03  3.686E-05 -7.837E-01  8.112E+07  7.847E-13  1.185E+12
  2.632E+03  2.642E+03  3.643E-05 -7.637E-01  8.112E+07  7.755E-13  1.199E+12
  2.651E+03  2.661E+03  3.600E-05 -7.442E-01  8.113E+07  7.664E-13  1.213E+12
  2.670E+03  2.680E+03  3.558E-05 -7.253E-01  8.113E+07  7.574E-13  1.227E+12
  2.690E+03  2.699E+03  3.517E-05 -7.070E-01  8.113E+07  7.486E-13  1.242E+12
  2.709E+03  2.719E+03  3.476E-05 -6.892E-01  8.113E+07  7.399E-13  1.257E+12
  2.729E+03  2.738E+03  3.435E-05 -6.719E-01  8.113E+07  7.313E-13  1.271E+12
  2.748E+03  2.758E+03  3.395E-05 -6.551E-01  8.113E+07  7.228E-13  1.286E+12
  2.768E+03  2.778E+03  3.356E-05 -6.388E-01  8.113E+07  7.145E-13  1.301E+12
  2.788E+03  2.798E+03  3.317E-05 -6.230E-01  8.113E+07  7.062E-13  1.317E+12
  2.808E+03  2.818E+03  3.279E-05 -6.076E-01  8.113E+07  6.981E-13  1.332E+12
  2.828E+03  2.839E+03  3.241E-05 -5.926E-01  8.113E+07  6.901E-13  1.347E+12
  2.849E+03  2.859E+03  3.204E-05 -5.780E-01  8.113E+07  6.822E-13  1.363E+12
  2.869E+03  2.880E+03  3.168E-05 -5.639E-01  8.114E+07  6.744E-13  1.379E+12
  2.890E+03  2.901E+03  3.132E-05 -5.502E-01  8.114E+07  6.667E-13  1.395E+12
  2.911E+03  2.921E+03  3.096E-05 -5.368E-01  8.114E+07  6.591E-13  1.411E+12
  2.932E+03  2.943E+03  3.061E-05 -5.238E-01  8.114E+07  6.517E-13  1.427E+12
  2.953E+03  2.964E+03  3.026E-05 -5.112E-01  8.114E+07  6.443E-13  1.443E+12
  2.974E+03  2.985E+03  2.992E-05 -4.989E-01  8.114E+07  6.370E-13  1.460E+12
  2.996E+03  3.007E+03  2.958E-05 -4.869E-01  8.114E+07  6.299E-13  1.476E+12
  3.018E+03  3.028E+03  2.925E-05 -4.753E-01  8.114E+07  6.228E-13  1.493E+12
  3.039E+03  3.050E+03  2.892E-05 -4.639E-01  8.114E+07  6.158E-13  1.510E+12
  3.061E+03  3.072E+03  2.860E-05 -4.529E-01  8.114E+07  6.089E-13  1.527E+12
  3.083E+03  3.094E+03  2.828E-05 -4.422E-01  8.114E+07  6.021E-13  1.545E+12
  3.106E+03  3.117E+03  2.797E-05 -4.318E-01  8.114E+07  5.955E-13  1.562E+12
  3.128E+03  3.139E+03  2.766E-05 -4.216E-01  8.114E+07  5.889E-13  1.579E+12
  3.151E+03  3.162E+03  2.735E-05 -4.117E-01  8.115E+07  5.824E-13  1.597E+12
  3.173E+03  3.185E+03  2.705E-05 -4.021E-01  8.115E+07  5.759E-13  1.615E+12
  3.196E+03  3.208E+03  2.675E-05 -3.927E-01  8.115E+07  5.696E-13  1.633E+12
  3.219E+03  3.231E+03  2.646E-05 -3.836E-01  8.115E+07  5.634E-13  1.651E+12
  3.242E+03  3.254E+03  2.617E-05 -3.747E-01  8.115E+07  5.572E-13  1.669E+12
  3.266E+03  3.278E+03  2.588E-05 -3.660E-01  8.115E+07  5.511E-13  1.688E+12
  3.289E+03  3.301E+03  2.560E-05 -3.576E-01  8.115E+07  5.451E-13  1.706E+12
  3.313E+03  3.325E+03  2.532E-05 -3.493E-01  8.115E+07  5.392E-13  1.725E+12
  3.337E+03  3.349E+03  2.505E-05 -3.413E-01  8.115E+07  5.334E-13  1.744E+12
  3.361E+03  3.373E+03  2.478E-05 -3.335E-01  8.115E+07  5.276E-13  1.763E+12
  3.385E+03  3.398E+03  2.451E-05 -3.259E-01  8.115E+07  5.219E-13  1.782E+12
  3.410E+03  3.422E+03  2.425E-05 -3.185E-01  8.115E+07  5.163E-13  1.802E+12
  3.434E+03  3.447E+03  2.399E-05 -3.113E-01  8.115E+07  5.108E-13  1.821E+12
  3.459E+03  3.472E+03  2.373E-05 -3.042E-01  8.115E+07  5.054E-13  1.841E+12
  3.484E+03  3.497E+03  2.348E-05 -2.974E-01  8.115E+07  5.000E-13  1.861E+12
  3.509E+03  3.522E+03  2.323E-05 -2.907E-01  8.115E+07  4.947E-13  1.880E+12
  3.535E+03  3.547E+03  2.298E-05 -2.841E-01  8.116E+07  4.894E-13  1.901E+12
  3.560E+03  3.573E+03  2.274E-05 -2.778E-01  8.116E+07  4.843E-13  1.921E+12
  3.586E+03  3.599E+03  2.250E-05 -2.716E-01  8.116E+07  4.792E-13  1.941E+12
  3.612E+03  3.625E+03  2.227E-05 -2.655E-01  8.116E+07  4.741E-13  1.962E+12
  3.638E+03  3.651E+03  2.203E-05 -2.596E-01  8.116E+07  4.692E-13  1.983E+12
  3.664E+03  3.677E+03  2.180E-05 -2.538E-01  8.116E+07  4.643E-13  2.004E+12
  3.690E+03  3.704E+03  2.157E-05 -2.482E-01  8.116E+07  4.595E-13  2.025E+12
  3.717E+03  3.730E+03  2.135E-05 -2.427E-01  8.116E+07  4.547E-13  2.046E+12
  3.744E+03  3.757E+03  2.113E-05 -2.374E-01  8.116E+07  4.500E-13  2.067E+12
  3.771E+03  3.784E+03  2.091E-05 -2.322E-01  8.116E+07  4.453E-13  2.089E+12
  3.798E+03  3.812E+03  2.070E-05 -2.271E-01  8.116E+07  4.408E-13  2.111E+12
  3.825E+03  3.839E+03  2.048E-05 -2.221E-01  8.116E+07  4.362E-13  2.133E+12
  3.853E+03  3.867E+03  2.027E-05 -2.173E-01  8.116E+07  4.318E-13  2.155E+12
  3.881E+03  3.895E+03  2.007E-05 -2.125E-01  8.116E+07  4.274E-13  2.177E+12
  3.909E+03  3.923E+03  1.986E-05 -2.079E-01  8.116E+07  4.230E-13  2.199E+12
  3.937E+03  3.951E+03  1.966E-05 -2.034E-01  8.116E+07  4.187E-13  2.222E+12
  3.965E+03  3.980E+03  1.946E-05 -1.990E-01  8.116E+07  4.145E-13  2.244E+12
  3.994E+03  4.008E+03  1.927E-05 -1.947E-01  8.116E+07  4.103E-13  2.267E+12
  4.023E+03  4.037E+03  1.907E-05 -1.905E-01  8.116E+07  4.062E-13  2.290E+12
  4.052E+03  4.066E+03  1.888E-05 -1.864E-01  8.116E+07  4.022E-13  2.314E+12
  4.081E+03  4.096E+03  1.869E-05 -1.824E-01  8.116E+07  3.981E-13  2.337E+12
  4.110E+03  4.125E+03  1.851E-05 -1.785E-01  8.116E+07  3.942E-13  2.360E+12
  4.140E+03  4.155E+03  1.832E-05 -1.747E-01  8.116E+07  3.903E-13  2.384E+12
  4.170E+03  4.185E+03  1.814E-05 -1.710E-01  8.117E+07  3.864E-13  2.408E+12
  4.200E+03  4.215E+03  1.796E-05 -1.674E-01  8.117E+07  3.826E-13  2.432E+12
  4.230E+03  4.246E+03  1.779E-05 -1.638E-01  8.117E+07  3.788E-13  2.456E+12
  4.261E+03  4.276E+03  1.761E-05 -1.603E-01  8.117E+07  3.751E-13  2.480E+12
  4.292E+03  4.307E+03  1.744E-05 -1.569E-01  8.117E+07  3.715E-13  2.505E+12
  4.323E+03  4.338E+03  1.727E-05 -1.536E-01  8.117E+07  3.678E-13  2.530E+12
  4.354E+03  4.369E+03  1.710E-05 -1.504E-01  8.117E+07  3.643E-13  2.554E+12
  4.385E+03  4.401E+03  1.694E-05 -1.472E-01  8.117E+07  3.607E-13  2.579E+12
  4.417E+03  4.433E+03  1.677E-05 -1.442E-01  8.117E+07  3.573E-13  2.604E+12
  4.449E+03  4.465E+03  1.661E-05 -1.411E-01  8.117E+07  3.538E-13  2.630E+12
  4.481E+03  4.497E+03  1.645E-05 -1.382E-01  8.117E+07  3.504E-13  2.655E+12
  4.513E+03  4.529E+03  1.630E-05 -1.353E-01  8.117E+07  3.471E-13  2.681E+12
  4.546E+03  4.562E+03  1.614E-05 -1.325E-01  8.117E+07  3.438E-13  2.707E+12
  4.578E+03  4.595E+03  1.599E-05 -1.297E-01  8.117E+07  3.405E-13  2.733E+12
  4.611E+03  4.628E+03  1.584E-05 -1.270E-01  8.117E+07  3.373E-13  2.759E+12
  4.645E+03  4.661E+03  1.569E-05 -1.244E-01  8.117E+07  3.341E-13  2.785E+12
  4.678E+03  4.695E+03  1.554E-05 -1.218E-01  8.117E+07  3.310E-13  2.812E+12
  4.712E+03  4.729E+03  1.539E-05 -1.193E-01  8.117E+07  3.279E-13  2.838E+12
  4.746E+03  4.763E+03  1.525E-05 -1.169E-01  8.117E+07  3.248E-13  2.865E+12
  4.780E+03  4.797E+03  1.511E-05 -1.145E-01  8.117E+07  3.218E-13  2.892E+12
  4.814E+03  4.832E+03  1.497E-05 -1.121E-01  8.117E+07  3.188E-13  2.919E+12
  4.849E+03  4.867E+03  1.483E-05 -1.098E-01  8.117E+07  3.158E-13  2.946E+12
  4.884E+03  4.902E+03  1.469E-05 -1.076E-01  8.117E+07  3.129E-13  2.974E+12
  4.919E+03  4.937E+03  1.456E-05 -1.054E-01  8.117E+07  3.101E-13  3.001E+12
  4.955E+03  4.973E+03  1.442E-05 -1.032E-01  8.117E+07  3.072E-13  3.029E+12
  4.991E+03  5.009E+03  1.429E-05 -1.011E-01  8.117E+07  3.044E-13  3.057E+12
  5.027E+03  5.045E+03  1.416E-05 -9.910E-02  8.117E+07  3.016E-13  3.085E+12
  5.063E+03  5.081E+03  1.403E-05 -9.709E-02  8.117E+07  2.989E-13  3.113E+12
  5.099E+03  5.118E+03  1.391E-05 -9.512E-02  8.117E+07  2.962E-13  3.142E+12
  5.136E+03  5.155E+03  1.378E-05 -9.320E-02  8.117E+07  2.935E-13  3.170E+12
  5.173E+03  5.192E+03  1.366E-05 -9.133E-02  8.117E+07  2.909E-13  3.199E+12
  5.210E+03  5.229E+03  1.353E-05 -8.949E-02  8.117E+07  2.883E-13  3.228E+12
  5.248E+03  5.267E+03  1.341E-05 -8.769E-02  8.117E+07  2.857E-13  3.257E+12
  5.286E+03  5.305E+03  1.329E-05 -8.593E-02  8.117E+07  2.832E-13  3.286E+12
  5.324E+03  5.343E+03  1.318E-05 -8.421E-02  8.118E+07  2.807E-13  3.316E+12
  5.362E+03  5.382E+03  1.306E-05 -8.253E-02  8.118E+07  2.782E-13  3.345E+12
  5.401E+03  5.420E+03  1.295E-05 -8.088E-02  8.118E+07  2.758E-13  3.375E+12
  5.440E+03  5.459E+03  1.283E-05 -7.927E-02  8.118E+07  2.733E-13  3.405E+12
  5.479E+03  5.499E+03  1.272E-05 -7.769E-02  8.118E+07  2.709E-13  3.435E+12
  5.519E+03  5.538E+03  1.261E-05 -7.615E-02  8.118E+07  2.686E-13  3.465E+12
  5.558E+03  5.578E+03  1.250E-05 -7.464E-02  8.118E+07  2.663E-13  3.495E+12
  5.598E+03  5.619E+03  1.239E-05 -7.316E-02  8.118E+07  2.640E-13  3.526E+12
  5.639E+03  5.659E+03  1.229E-05 -7.172E-02  8.118E+07  2.617E-13  3.556E+12
  5.679E+03  5.700E+03  1.218E-05 -7.030E-02  8.118E+07  2.594E-13  3.587E+12
  5.720E+03  5.741E+03  1.208E-05 -6.892E-02  8.118E+07  2.572E-13  3.618E+12
  5.762E+03  5.782E+03  1.197E-05 -6.756E-02  8.118E+07  2.550E-13  3.649E+12
  5.803E+03  5.824E+03  1.187E-05 -6.623E-02  8.118E+07  2.529E-13  3.680E+12
  5.845E+03  5.866E+03  1.177E-05 -6.493E-02  8.118E+07  2.507E-13  3.712E+12
  5.887E+03  5.908E+03  1.167E-05 -6.366E-02  8.118E+07  2.486E-13  3.743E+12
  5.930E+03  5.951E+03  1.157E-05 -6.242E-02  8.118E+07  2.465E-13  3.775E+12
  5.972E+03  5.994E+03  1.148E-05 -6.120E-02  8.118E+07  2.445E-13  3.807E+12
  6.015E+03  6.037E+03  1.138E-05 -6.001E-02  8.118E+07  2.424E-13  3.839E+12
  6.059E+03  6.081E+03  1.129E-05 -5.884E-02  8.118E+07  2.404E-13  3.871E+12
  6.102E+03  6.124E+03  1.119E-05 -5.770E-02  8.118E+07  2.384E-13  3.904E+12
  6.146E+03  6.168E+03  1.110E-05 -5.658E-02  8.118E+07  2.364E-13  3.936E+12
  6.191E+03  6.213E+03  1.101E-05 -5.548E-02  8.118E+07  2.345E-13  3.969E+12
  6.235E+03  6.258E+03  1.092E-05 -5.441E-02  8.118E+07  2.326E-13  4.002E+12
  6.280E+03  6.303E+03  1.083E-05 -5.336E-02  8.118E+07  2.307E-13  4.035E+12
  6.325E+03  6.348E+03  1.074E-05 -5.233E-02  8.118E+07  2.288E-13  4.068E+12
  6.371E+03  6.394E+03  1.065E-05 -5.132E-02  8.118E+07  2.270E-13  4.101E+12
  6.417E+03  6.440E+03  1.057E-05 -5.033E-02  8.118E+07  2.251E-13  4.134E+12
  6.463E+03  6.487E+03  1.048E-05 -4.937E-02  8.118E+07  2.233E-13  4.168E+12
  6.510E+03  6.533E+03  1.040E-05 -4.842E-02  8.118E+07  2.215E-13  4.201E+12
  6.557E+03  6.580E+03  1.032E-05 -4.749E-02  8.118E+07  2.197E-13  4.235E+12
  6.604E+03  6.628E+03  1.023E-05 -4.658E-02  8.118E+07  2.180E-13  4.269E+12
  6.652E+03  6.676E+03  1.015E-05 -4.569E-02  8.118E+07  2.163E-13  4.303E+12
  6.700E+03  6.724E+03  1.007E-05 -4.482E-02  8.118E+07  2.146E-13  4.338E+12
  6.748E+03  6.772E+03  9.993E-06 -4.397E-02  8.118E+07  2.129E-13  4.372E+12
  6.796E+03  6.821E+03  9.915E-06 -4.313E-02  8.118E+07  2.112E-13  4.407E+12
  6.845E+03  6.870E+03  9.838E-06 -4.231E-02  8.118E+07  2.096E-13  4.441E+12
  6.895E+03  6.920E+03  9.761E-06 -4.151E-02  8.118E+07  2.079E-13  4.476E+12
  6.944E+03  6.970E+03  9.685E-06 -4.073E-02  8.118E+07  2.063E-13  4.511E+12
  6.995E+03  7.020E+03  9.611E-06 -3.996E-02  8.118E+07  2.047E-13  4.546E+12
  7.045E+03  7.070E+03  9.537E-06 -3.920E-02  8.118E+07  2.031E-13  4.582E+12
  7.096E+03  7.121E+03  9.463E-06 -3.846E-02  8.118E+07  2.016E-13  4.617E+12
  7.147E+03  7.173E+03  9.391E-06 -3.774E-02  8.118E+07  2.001E-13  4.652E+12
  7.198E+03  7.224E+03  9.320E-06 -3.703E-02  8.118E+07  1.985E-13  4.688E+12
  7.250E+03  7.276E+03  9.249E-06 -3.633E-02  8.118E+07  1.970E-13  4.724E+12
  7.302E+03  7.329E+03  9.179E-06 -3.565E-02  8.118E+07  1.955E-13  4.760E+12
  7.355E+03  7.382E+03  9.110E-06 -3.498E-02  8.118E+07  1.941E-13  4.796E+12
  7.408E+03  7.435E+03  9.042E-06 -3.433E-02  8.118E+07  1.926E-13  4.832E+12
  7.462E+03  7.488E+03  8.975E-06 -3.369E-02  8.118E+07  1.912E-13  4.868E+12
  7.515E+03  7.542E+03  8.908E-06 -3.306E-02  8.118E+07  1.898E-13  4.905E+12
  7.569E+03  7.597E+03  8.842E-06 -3.244E-02  8.118E+07  1.884E-13  4.941E+12
  7.624E+03  7.651E+03  8.777E-06 -3.184E-02  8.118E+07  1.870E-13  4.978E+12
  7.679E+03  7.707E+03  8.712E-06 -3.125E-02  8.118E+07  1.856E-13  5.015E+12
  7.734E+03  7.762E+03  8.649E-06 -3.067E-02  8.118E+07  1.842E-13  5.052E+12
  7.790E+03  7.818E+03  8.585E-06 -3.011E-02  8.118E+07  1.829E-13  5.089E+12
  7.846E+03  7.874E+03  8.523E-06 -2.956E-02  8.118E+07  1.816E-13  5.126E+12
  7.903E+03  7.931E+03  8.461E-06 -2.903E-02  8.118E+07  1.803E-13  5.164E+12
  7.960E+03  7.988E+03  8.401E-06 -2.851E-02  8.118E+07  1.790E-13  5.201E+12
  8.017E+03  8.046E+03  8.340E-06 -2.801E-02  8.118E+07  1.777E-13  5.239E+12
  8.075E+03  8.104E+03  8.281E-06 -2.753E-02  8.118E+07  1.764E-13  5.277E+12
  8.133E+03  8.162E+03  8.222E-06 -2.707E-02  8.118E+07  1.751E-13  5.314E+12
  8.192E+03  8.221E+03  8.163E-06 -2.662E-02  8.118E+07  1.739E-13  5.352E+12
  8.251E+03  8.280E+03  8.106E-06 -2.620E-02  8.118E+07  1.727E-13  5.390E+12
  8.310E+03  8.340E+03  8.049E-06 -2.579E-02  8.118E+07  1.715E-13  5.429E+12
  8.370E+03  8.400E+03  7.992E-06 -2.541E-02  8.119E+07  1.703E-13  5.467E+12
  8.430E+03  8.461E+03  7.936E-06 -2.505E-02  8.119E+07  1.691E-13  5.505E+12
  8.491E+03  8.522E+03  7.881E-06 -2.471E-02  8.119E+07  1.679E-13  5.544E+12
  8.552E+03  8.583E+03  7.827E-06 -2.440E-02  8.119E+07  1.667E-13  5.583E+12
  8.614E+03  8.645E+03  7.773E-06 -2.411E-02  8.119E+07  1.656E-13  5.621E+12
  8.676E+03  8.707E+03  7.719E-06 -2.386E-02  8.119E+07  1.644E-13  5.660E+12
  8.738E+03  8.770E+03  7.667E-06 -2.363E-02  8.119E+07  1.633E-13  5.699E+12
  8.801E+03  8.833E+03  7.614E-06 -2.343E-02  8.119E+07  1.622E-13  5.738E+12
  8.865E+03  8.897E+03  7.563E-06 -2.326E-02  8.119E+07  1.611E-13  5.778E+12
  8.929E+03  8.961E+03  7.511E-06 -2.312E-02  8.119E+07  1.600E-13  5.817E+12
  8.993E+03  9.025E+03  7.511E-06 -2.312E-02  8.119E+07  1.600E-13  5.817E+12
