  5.000E-02  7.518E-02  1.056E+04 -7.174E+01  1.000E+04  2.770E-08  1.000E+00
  1.004E-01  1.257E-01  9.583E+02 -1.975E+02  1.000E+04  2.514E-09  1.000E+00
  1.511E-01  1.766E-01  2.670E+02 -3.195E+02  1.000E+04  7.006E-10  1.000E+00
  2.022E-01  2.279E-01  1.050E+02 -4.587E+02  1.000E+04  2.755E-10  1.000E+00
  2.536E-01  2.795E-01  5.125E+01 -5.963E+02  1.000E+04  1.345E-10  1.000E+00
  3.055E-01  3.316E-01  2.962E+01 -6.970E+02  1.000E+04  7.771E-11  1.000E+00
  3.577E-01  3.839E-01  2.019E+01 -7.272E+02  1.000E+04  5.298E-11  1.000E+00
  4.102E-01  4.367E-01  1.564E+01 -7.120E+02  1.000E+04  4.104E-11  1.000E+00
  4.632E-01  4.898E-01  1.258E+01 -6.870E+02  1.115E+06  3.302E-11  1.000E+00
  5.165E-01  5.434E-01  1.072E+01 -6.384E+02  3.791E+06  9.243E-09  1.589E+05
  5.702E-01  5.973E-01  9.825E+00 -5.786E+02  5.216E+06  1.255E-08  2.998E+05
  6.243E-01  6.516E-01  8.861E+00 -5.380E+02  6.339E+06  1.413E-08  4.487E+05
  6.788E-01  7.063E-01  8.010E+00 -5.051E+02  7.266E+06  1.484E-08  6.044E+05
  7.337E-01  7.614E-01  7.271E+00 -4.773E+02  8.055E+06  1.505E-08  7.676E+05
  7.890E-01  8.168E-01  6.631E+00 -4.534E+02  8.742E+06  1.497E-08  9.386E+05
  8.447E-01  8.727E-01  6.074E+00 -4.324E+02  9.350E+06  1.471E-08  1.118E+06
  9.008E-01  9.290E-01  5.587E+00 -4.139E+02  9.893E+06  1.435E-08  1.305E+06
  9.573E-01  9.857E-01  5.158E+00 -3.973E+02  1.038E+07  1.393E-08  1.501E+06
  1.014E+00  1.043E+00  4.778E+00 -3.824E+02  1.083E+07  1.348E-08  1.706E+06
  1.071E+00  1.100E+00  4.441E+00 -3.689E+02  1.124E+07  1.302E-08  1.919E+06
  1.129E+00  1.158E+00  4.139E+00 -3.565E+02  1.162E+07  1.255E-08  2.141E+06
  1.187E+00  1.217E+00  3.868E+00 -3.452E+02  1.197E+07  1.209E-08  2.372E+06
  1.246E+00  1.275E+00  3.624E+00 -3.348E+02  1.229E+07  1.164E-08  2.612E+06
  1.305E+00  1.335E+00  3.403E+00 -3.251E+02  1.260E+07  1.121E-08  2.860E+06
  1.364E+00  1.394E+00  3.203E+00 -3.161E+02  1.288E+07  1.079E-08  3.117E+06
  1.424E+00  1.454E+00  3.020E+00 -3.078E+02  1.315E+07  1.039E-08  3.384E+06
  1.484E+00  1.515E+00  2.853E+00 -3.000E+02  1.340E+07  1.001E-08  3.659E+06
  1.545E+00  1.576E+00  2.699E+00 -2.927E+02  1.364E+07  9.639E-09  3.943E+06
  1.606E+00  1.637E+00  2.558E+00 -2.858E+02  1.386E+07  9.289E-09  4.237E+06
  1.668E+00  1.699E+00  2.429E+00 -2.793E+02  1.408E+07  8.955E-09  4.539E+06
  1.730E+00  1.761E+00  2.309E+00 -2.731E+02  1.428E+07  8.638E-09  4.851E+06
  1.792E+00  1.824E+00  2.197E+00 -2.673E+02  1.448E+07  8.335E-09  5.172E+06
  1.855E+00  1.887E+00  2.094E+00 -2.618E+02  1.466E+07  8.047E-09  5.502E+06
  1.918E+00  1.950E+00  1.998E+00 -2.566E+02  1.484E+07  7.773E-09  5.841E+06
  1.982E+00  2.014E+00  1.909E+00 -2.516E+02  1.501E+07  7.512E-09  6.190E+06
  2.046E+00  2.079E+00  1.826E+00 -2.469E+02  1.518E+07  7.263E-09  6.548E+06
  2.111E+00  2.144E+00  1.748E+00 -2.423E+02  1.534E+07  7.025E-09  6.916E+06
  2.176E+00  2.209E+00  1.675E+00 -2.380E+02  1.549E+07  6.799E-09  7.293E+06
  2.242E+00  2.275E+00  1.606E+00 -2.338E+02  1.564E+07  6.584E-09  7.680E+06
  2.308E+00  2.342E+00  1.542E+00 -2.298E+02  1.578E+07  6.378E-09  8.077E+06
  2.375E+00  2.408E+00  1.481E+00 -2.260E+02  1.591E+07  6.181E-09  8.483E+06
  2.442E+00  2.476E+00  1.424E+00 -2.223E+02  1.605E+07  5.993E-09  8.900E+06
  2.510E+00  2.544E+00  1.371E+00 -2.187E+02  1.618E+07  5.814E-09  9.326E+06
  2.578E+00  2.612E+00  1.320E+00 -2.153E+02  1.630E+07  5.643E-09  9.762E+06
  2.646E+00  2.681E+00  1.272E+00 -2.120E+02  1.642E+07  5.479E-09  1.021E+07
  2.715E+00  2.750E+00  1.227E+00 -2.088E+02  1.654E+07  5.322E-09  1.067E+07
  2.785E+00  2.820E+00  1.184E+00 -2.057E+02  1.666E+07  5.171E-09  1.113E+07
  2.855E+00  2.890E+00  1.143E+00 -2.027E+02  1.677E+07  5.027E-09  1.161E+07
  2.925E+00  2.961E+00  1.104E+00 -1.998E+02  1.688E+07  4.889E-09  1.210E+07
  2.996E+00  3.032E+00  1.067E+00 -1.970E+02  1.699E+07  4.757E-09  1.260E+07
  3.068E+00  3.104E+00  1.032E+00 -1.943E+02  1.710E+07  4.630E-09  1.310E+07
  3.140E+00  3.176E+00  9.992E-01 -1.916E+02  1.720E+07  4.508E-09  1.362E+07
  3.213E+00  3.249E+00  9.675E-01 -1.891E+02  1.730E+07  4.391E-09  1.415E+07
  3.286E+00  3.323E+00  9.373E-01 -1.866E+02  1.740E+07  4.278E-09  1.470E+07
  3.359E+00  3.397E+00  9.085E-01 -1.841E+02  1.750E+07  4.170E-09  1.525E+07
  3.434E+00  3.471E+00  8.809E-01 -1.818E+02  1.760E+07  4.066E-09  1.581E+07
  3.508E+00  3.546E+00  8.546E-01 -1.795E+02  1.769E+07  3.966E-09  1.639E+07
  3.584E+00  3.622E+00  8.295E-01 -1.772E+02  1.779E+07  3.870E-09  1.697E+07
  3.659E+00  3.698E+00  8.054E-01 -1.750E+02  1.788E+07  3.777E-09  1.757E+07
  3.736E+00  3.774E+00  7.824E-01 -1.729E+02  1.797E+07  3.688E-09  1.818E+07
  3.813E+00  3.851E+00  7.603E-01 -1.708E+02  1.806E+07  3.602E-09  1.880E+07
  3.890E+00  3.929E+00  7.391E-01 -1.688E+02  1.815E+07  3.519E-09  1.944E+07
  3.968E+00  4.007E+00  7.188E-01 -1.668E+02  1.824E+07  3.439E-09  2.008E+07
  4.047E+00  4.086E+00  6.993E-01 -1.648E+02  1.832E+07  3.362E-09  2.074E+07
  4.126E+00  4.166E+00  6.806E-01 -1.629E+02  1.841E+07  3.287E-09  2.141E+07
  4.206E+00  4.246E+00  6.626E-01 -1.611E+02  1.850E+07  3.215E-09  2.209E+07
  4.286E+00  4.326E+00  6.453E-01 -1.592E+02  1.858E+07  3.146E-09  2.279E+07
  4.367E+00  4.407E+00  6.287E-01 -1.574E+02  1.867E+07  3.079E-09  2.349E+07
  4.448E+00  4.489E+00  6.127E-01 -1.557E+02  1.875E+07  3.014E-09  2.422E+07
  4.530E+00  4.571E+00  5.972E-01 -1.540E+02  1.883E+07  2.951E-09  2.495E+07
  4.613E+00  4.654E+00  5.824E-01 -1.523E+02  1.892E+07  2.890E-09  2.570E+07
  4.696E+00  4.738E+00  5.681E-01 -1.506E+02  1.900E+07  2.831E-09  2.646E+07
  4.780E+00  4.822E+00  5.542E-01 -1.490E+02  1.908E+07  2.774E-09  2.723E+07
  4.864E+00  4.907E+00  5.409E-01 -1.474E+02  1.916E+07  2.719E-09  2.802E+07
  4.949E+00  4.992E+00  5.281E-01 -1.459E+02  1.924E+07  2.666E-09  2.882E+07
  5.035E+00  5.078E+00  5.156E-01 -1.444E+02  1.932E+07  2.614E-09  2.963E+07
  5.121E+00  5.165E+00  5.036E-01 -1.428E+02  1.940E+07  2.564E-09  3.046E+07
  5.208E+00  5.252E+00  4.920E-01 -1.414E+02  1.948E+07  2.515E-09  3.130E+07
  5.295E+00  5.340E+00  4.808E-01 -1.399E+02  1.956E+07  2.468E-09  3.216E+07
  5.384E+00  5.428E+00  4.700E-01 -1.385E+02  1.964E+07  2.422E-09  3.303E+07
  5.472E+00  5.517E+00  4.595E-01 -1.371E+02  1.972E+07  2.378E-09  3.392E+07
  5.562E+00  5.607E+00  4.493E-01 -1.357E+02  1.980E+07  2.335E-09  3.482E+07
  5.652E+00  5.697E+00  4.395E-01 -1.344E+02  1.988E+07  2.293E-09  3.574E+07
  5.743E+00  5.788E+00  4.300E-01 -1.330E+02  1.996E+07  2.252E-09  3.667E+07
  5.834E+00  5.880E+00  4.208E-01 -1.317E+02  2.004E+07  2.213E-09  3.762E+07
  5.926E+00  5.972E+00  4.118E-01 -1.304E+02  2.012E+07  2.174E-09  3.858E+07
  6.019E+00  6.065E+00  4.031E-01 -1.291E+02  2.020E+07  2.137E-09  3.956E+07
  6.112E+00  6.159E+00  3.947E-01 -1.279E+02  2.028E+07  2.101E-09  4.056E+07
  6.206E+00  6.253E+00  3.866E-01 -1.267E+02  2.036E+07  2.065E-09  4.157E+07
  6.301E+00  6.348E+00  3.787E-01 -1.254E+02  2.044E+07  2.031E-09  4.260E+07
  6.396E+00  6.444E+00  3.710E-01 -1.242E+02  2.052E+07  1.998E-09  4.364E+07
  6.492E+00  6.540E+00  3.635E-01 -1.231E+02  2.060E+07  1.965E-09  4.470E+07
  6.589E+00  6.637E+00  3.562E-01 -1.219E+02  2.068E+07  1.933E-09  4.578E+07
  6.686E+00  6.735E+00  3.492E-01 -1.208E+02  2.077E+07  1.902E-09  4.688E+07
  6.784E+00  6.834E+00  3.424E-01 -1.196E+02  2.085E+07  1.872E-09  4.799E+07
  6.883E+00  6.933E+00  3.357E-01 -1.185E+02  2.093E+07  1.843E-09  4.912E+07
  6.983E+00  7.033E+00  3.292E-01 -1.174E+02  2.101E+07  1.815E-09  5.027E+07
  7.083E+00  7.133E+00  3.229E-01 -1.163E+02  2.109E+07  1.787E-09  5.144E+07
  7.184E+00  7.235E+00  3.168E-01 -1.153E+02  2.117E+07  1.760E-09  5.263E+07
  7.286E+00  7.337E+00  3.108E-01 -1.142E+02  2.125E+07  1.733E-09  5.383E+07
  7.388E+00  7.440E+00  3.050E-01 -1.132E+02  2.134E+07  1.707E-09  5.506E+07
  7.491E+00  7.543E+00  2.994E-01 -1.121E+02  2.142E+07  1.682E-09  5.630E+07
  7.595E+00  7.648E+00  2.938E-01 -1.111E+02  2.150E+07  1.658E-09  5.756E+07
  7.700E+00  7.753E+00  2.885E-01 -1.101E+02  2.158E+07  1.634E-09  5.884E+07
  7.805E+00  7.859E+00  2.833E-01 -1.092E+02  2.167E+07  1.610E-09  6.014E+07
  7.912E+00  7.965E+00  2.782E-01 -1.082E+02  2.175E+07  1.587E-09  6.147E+07
  8.019E+00  8.072E+00  2.732E-01 -1.072E+02  2.184E+07  1.565E-09  6.281E+07
  8.126E+00  8.181E+00  2.683E-01 -1.063E+02  2.192E+07  1.543E-09  6.417E+07
  8.235E+00  8.289E+00  2.636E-01 -1.053E+02  2.200E+07  1.522E-09  6.556E+07
  8.344E+00  8.399E+00  2.590E-01 -1.044E+02  2.209E+07  1.501E-09  6.696E+07
  8.454E+00  8.510E+00  2.545E-01 -1.035E+02  2.217E+07  1.481E-09  6.839E+07
  8.565E+00  8.621E+00  2.501E-01 -1.026E+02  2.226E+07  1.461E-09  6.984E+07
  8.677E+00  8.733E+00  2.458E-01 -1.017E+02  2.235E+07  1.441E-09  7.131E+07
  8.789E+00  8.846E+00  2.417E-01 -1.008E+02  2.243E+07  1.422E-09  7.280E+07
  8.902E+00  8.960E+00  2.376E-01 -9.997E+01  2.252E+07  1.404E-09  7.432E+07
  9.017E+00  9.074E+00  2.336E-01 -9.911E+01  2.261E+07  1.385E-09  7.586E+07
  9.131E+00  9.189E+00  2.297E-01 -9.827E+01  2.270E+07  1.368E-09  7.742E+07
  9.247E+00  9.306E+00  2.259E-01 -9.743E+01  2.278E+07  1.350E-09  7.900E+07
  9.364E+00  9.423E+00  2.221E-01 -9.660E+01  2.287E+07  1.333E-09  8.061E+07
  9.481E+00  9.540E+00  2.185E-01 -9.579E+01  2.296E+07  1.316E-09  8.225E+07
  9.600E+00  9.659E+00  2.149E-01 -9.498E+01  2.305E+07  1.300E-09  8.390E+07
  9.719E+00  9.779E+00  2.115E-01 -9.418E+01  2.314E+07  1.284E-09  8.559E+07
  9.839E+00  9.899E+00  2.081E-01 -9.339E+01  2.323E+07  1.268E-09  8.729E+07
  9.959E+00  1.002E+01  2.047E-01 -9.261E+01  2.332E+07  1.253E-09  8.903E+07
  1.008E+01  1.014E+01  2.015E-01 -9.184E+01  2.341E+07  1.238E-09  9.079E+07
  1.020E+01  1.027E+01  1.983E-01 -9.108E+01  2.350E+07  1.223E-09  9.257E+07
  1.033E+01  1.039E+01  1.952E-01 -9.033E+01  2.360E+07  1.208E-09  9.438E+07
  1.045E+01  1.051E+01  1.921E-01 -8.958E+01  2.369E+07  1.194E-09  9.622E+07
  1.058E+01  1.064E+01  1.891E-01 -8.885E+01  2.378E+07  1.180E-09  9.809E+07
  1.070E+01  1.077E+01  1.862E-01 -8.812E+01  2.388E+07  1.167E-09  9.998E+07
  1.083E+01  1.089E+01  1.834E-01 -8.740E+01  2.397E+07  1.153E-09  1.019E+08
  1.096E+01  1.102E+01  1.805E-01 -8.669E+01  2.406E+07  1.140E-09  1.039E+08
  1.109E+01  1.115E+01  1.778E-01 -8.599E+01  2.416E+07  1.127E-09  1.058E+08
  1.122E+01  1.128E+01  1.751E-01 -8.529E+01  2.425E+07  1.114E-09  1.078E+08
  1.135E+01  1.141E+01  1.725E-01 -8.460E+01  2.435E+07  1.102E-09  1.099E+08
  1.148E+01  1.155E+01  1.699E-01 -8.392E+01  2.445E+07  1.090E-09  1.119E+08
  1.161E+01  1.168E+01  1.674E-01 -8.325E+01  2.454E+07  1.078E-09  1.140E+08
  1.175E+01  1.181E+01  1.649E-01 -8.258E+01  2.464E+07  1.066E-09  1.162E+08
  1.188E+01  1.195E+01  1.624E-01 -8.192E+01  2.474E+07  1.054E-09  1.183E+08
  1.202E+01  1.208E+01  1.600E-01 -8.127E+01  2.484E+07  1.043E-09  1.205E+08
  1.215E+01  1.222E+01  1.577E-01 -8.063E+01  2.494E+07  1.032E-09  1.227E+08
  1.229E+01  1.236E+01  1.554E-01 -7.999E+01  2.504E+07  1.021E-09  1.250E+08
  1.243E+01  1.250E+01  1.532E-01 -7.936E+01  2.514E+07  1.010E-09  1.273E+08
  1.257E+01  1.264E+01  1.509E-01 -7.873E+01  2.524E+07  9.995E-10  1.296E+08
  1.271E+01  1.278E+01  1.488E-01 -7.811E+01  2.534E+07  9.891E-10  1.319E+08
  1.285E+01  1.292E+01  1.466E-01 -7.750E+01  2.544E+07  9.789E-10  1.343E+08
  1.299E+01  1.306E+01  1.446E-01 -7.690E+01  2.554E+07  9.688E-10  1.368E+08
  1.314E+01  1.321E+01  1.425E-01 -7.630E+01  2.565E+07  9.589E-10  1.392E+08
  1.328E+01  1.335E+01  1.405E-01 -7.571E+01  2.575E+07  9.492E-10  1.417E+08
  1.343E+01  1.350E+01  1.385E-01 -7.512E+01  2.585E+07  9.396E-10  1.442E+08
  1.357E+01  1.365E+01  1.366E-01 -7.454E+01  2.596E+07  9.302E-10  1.468E+08
  1.372E+01  1.379E+01  1.347E-01 -7.397E+01  2.606E+07  9.210E-10  1.494E+08
  1.387E+01  1.394E+01  1.328E-01 -7.340E+01  2.617E+07  9.118E-10  1.520E+08
  1.402E+01  1.409E+01  1.310E-01 -7.284E+01  2.627E+07  9.029E-10  1.547E+08
  1.417E+01  1.425E+01  1.292E-01 -7.228E+01  2.638E+07  8.940E-10  1.574E+08
  1.432E+01  1.440E+01  1.274E-01 -7.173E+01  2.649E+07  8.853E-10  1.602E+08
  1.447E+01  1.455E+01  1.257E-01 -7.118E+01  2.659E+07  8.768E-10  1.630E+08
  1.463E+01  1.471E+01  1.239E-01 -7.064E+01  2.670E+07  8.684E-10  1.658E+08
  1.478E+01  1.486E+01  1.223E-01 -7.011E+01  2.681E+07  8.601E-10  1.687E+08
  1.494E+01  1.502E+01  1.206E-01 -6.958E+01  2.692E+07  8.519E-10  1.716E+08
  1.510E+01  1.518E+01  1.190E-01 -6.906E+01  2.703E+07  8.438E-10  1.745E+08
  1.526E+01  1.534E+01  1.174E-01 -6.854E+01  2.714E+07  8.359E-10  1.775E+08
  1.542E+01  1.550E+01  1.158E-01 -6.802E+01  2.725E+07  8.281E-10  1.806E+08
  1.558E+01  1.566E+01  1.143E-01 -6.752E+01  2.736E+07  8.204E-10  1.837E+08
  1.574E+01  1.582E+01  1.127E-01 -6.701E+01  2.748E+07  8.128E-10  1.868E+08
  1.590E+01  1.599E+01  1.113E-01 -6.652E+01  2.759E+07  8.053E-10  1.900E+08
  1.607E+01  1.615E+01  1.098E-01 -6.602E+01  2.770E+07  7.980E-10  1.932E+08
  1.623E+01  1.632E+01  1.083E-01 -6.553E+01  2.781E+07  7.907E-10  1.964E+08
  1.640E+01  1.648E+01  1.069E-01 -6.505E+01  2.793E+07  7.835E-10  1.997E+08
  1.657E+01  1.665E+01  1.055E-01 -6.457E+01  2.804E+07  7.765E-10  2.031E+08
  1.674E+01  1.682E+01  1.041E-01 -6.410E+01  2.816E+07  7.695E-10  2.065E+08
  1.691E+01  1.699E+01  1.028E-01 -6.363E+01  2.828E+07  7.626E-10  2.099E+08
  1.708E+01  1.717E+01  1.015E-01 -6.316E+01  2.839E+07  7.559E-10  2.134E+08
  1.725E+01  1.734E+01  1.002E-01 -6.270E+01  2.851E+07  7.492E-10  2.170E+08
  1.743E+01  1.752E+01  9.886E-02 -6.225E+01  2.863E+07  7.426E-10  2.206E+08
  1.760E+01  1.769E+01  9.759E-02 -6.179E+01  2.875E+07  7.361E-10  2.242E+08
  1.778E+01  1.787E+01  9.634E-02 -6.135E+01  2.886E+07  7.297E-10  2.279E+08
  1.796E+01  1.805E+01  9.511E-02 -6.090E+01  2.898E+07  7.234E-10  2.317E+08
  1.814E+01  1.823E+01  9.390E-02 -6.047E+01  2.910E+07  7.171E-10  2.355E+08
  1.832E+01  1.841E+01  9.271E-02 -6.003E+01  2.922E+07  7.109E-10  2.393E+08
  1.850E+01  1.859E+01  9.154E-02 -5.960E+01  2.935E+07  7.049E-10  2.432E+08
  1.868E+01  1.877E+01  9.038E-02 -5.917E+01  2.947E+07  6.988E-10  2.472E+08
  1.887E+01  1.896E+01  8.924E-02 -5.875E+01  2.959E+07  6.929E-10  2.512E+08
  1.905E+01  1.915E+01  8.812E-02 -5.833E+01  2.971E+07  6.870E-10  2.553E+08
  1.924E+01  1.933E+01  8.702E-02 -5.792E+01  2.984E+07  6.813E-10  2.594E+08
  1.943E+01  1.952E+01  8.593E-02 -5.751E+01  2.996E+07  6.756E-10  2.636E+08
  1.962E+01  1.971E+01  8.486E-02 -5.710E+01  3.009E+07  6.699E-10  2.679E+08
  1.981E+01  1.991E+01  8.381E-02 -5.670E+01  3.021E+07  6.643E-10  2.722E+08
  2.000E+01  2.010E+01  8.277E-02 -5.630E+01  3.034E+07  6.588E-10  2.766E+08
  2.020E+01  2.029E+01  8.174E-02 -5.591E+01  3.046E+07  6.534E-10  2.810E+08
  2.039E+01  2.049E+01  8.073E-02 -5.551E+01  3.059E+07  6.480E-10  2.855E+08
  2.059E+01  2.069E+01  7.974E-02 -5.513E+01  3.072E+07  6.427E-10  2.900E+08
  2.079E+01  2.089E+01  7.876E-02 -5.474E+01  3.085E+07  6.375E-10  2.946E+08
  2.099E+01  2.109E+01  7.779E-02 -5.436E+01  3.097E+07  6.323E-10  2.993E+08
  2.119E+01  2.129E+01  7.684E-02 -5.398E+01  3.110E+07  6.271E-10  3.041E+08
  2.139E+01  2.149E+01  7.590E-02 -5.361E+01  3.123E+07  6.221E-10  3.089E+08
  2.159E+01  2.170E+01  7.498E-02 -5.324E+01  3.136E+07  6.171E-10  3.138E+08
  2.180E+01  2.190E+01  7.407E-02 -5.287E+01  3.150E+07  6.121E-10  3.187E+08
  2.201E+01  2.211E+01  7.317E-02 -5.251E+01  3.163E+07  6.072E-10  3.237E+08
  2.222E+01  2.232E+01  7.228E-02 -5.215E+01  3.176E+07  6.024E-10  3.288E+08
  2.243E+01  2.253E+01  7.141E-02 -5.179E+01  3.189E+07  5.976E-10  3.340E+08
  2.264E+01  2.274E+01  7.055E-02 -5.144E+01  3.203E+07  5.929E-10  3.392E+08
  2.285E+01  2.296E+01  6.970E-02 -5.109E+01  3.216E+07  5.882E-10  3.445E+08
  2.306E+01  2.317E+01  6.886E-02 -5.074E+01  3.230E+07  5.836E-10  3.499E+08
  2.328E+01  2.339E+01  6.804E-02 -5.040E+01  3.243E+07  5.790E-10  3.553E+08
  2.350E+01  2.361E+01  6.722E-02 -5.005E+01  3.257E+07  5.744E-10  3.608E+08
  2.372E+01  2.383E+01  6.642E-02 -4.972E+01  3.270E+07  5.700E-10  3.664E+08
  2.394E+01  2.405E+01  6.563E-02 -4.938E+01  3.284E+07  5.655E-10  3.721E+08
  2.416E+01  2.427E+01  6.485E-02 -4.905E+01  3.298E+07  5.611E-10  3.779E+08
  2.438E+01  2.450E+01  6.408E-02 -4.872E+01  3.312E+07  5.568E-10  3.837E+08
  2.461E+01  2.472E+01  6.332E-02 -4.839E+01  3.326E+07  5.525E-10  3.896E+08
  2.484E+01  2.495E+01  6.257E-02 -4.807E+01  3.339E+07  5.482E-10  3.956E+08
  2.507E+01  2.518E+01  6.183E-02 -4.775E+01  3.353E+07  5.440E-10  4.017E+08
  2.530E+01  2.541E+01  6.110E-02 -4.743E+01  3.368E+07  5.399E-10  4.078E+08
  2.553E+01  2.565E+01  6.038E-02 -4.712E+01  3.382E+07  5.357E-10  4.141E+08
  2.576E+01  2.588E+01  5.967E-02 -4.681E+01  3.396E+07  5.317E-10  4.204E+08
  2.600E+01  2.612E+01  5.897E-02 -4.650E+01  3.410E+07  5.276E-10  4.268E+08
  2.623E+01  2.635E+01  5.827E-02 -4.619E+01  3.424E+07  5.236E-10  4.333E+08
  2.647E+01  2.659E+01  5.759E-02 -4.589E+01  3.439E+07  5.197E-10  4.399E+08
  2.671E+01  2.684E+01  5.692E-02 -4.559E+01  3.453E+07  5.157E-10  4.466E+08
  2.696E+01  2.708E+01  5.625E-02 -4.529E+01  3.468E+07  5.119E-10  4.534E+08
  2.720E+01  2.732E+01  5.560E-02 -4.499E+01  3.482E+07  5.080E-10  4.603E+08
  2.745E+01  2.757E+01  5.495E-02 -4.470E+01  3.497E+07  5.042E-10  4.672E+08
  2.769E+01  2.782E+01  5.431E-02 -4.441E+01  3.511E+07  5.004E-10  4.743E+08
  2.794E+01  2.807E+01  5.368E-02 -4.412E+01  3.526E+07  4.967E-10  4.814E+08
  2.819E+01  2.832E+01  5.306E-02 -4.383E+01  3.541E+07  4.930E-10  4.887E+08
  2.845E+01  2.857E+01  5.244E-02 -4.355E+01  3.556E+07  4.893E-10  4.960E+08
  2.870E+01  2.883E+01  5.184E-02 -4.327E+01  3.571E+07  4.857E-10  5.035E+08
  2.896E+01  2.909E+01  5.124E-02 -4.299E+01  3.586E+07  4.821E-10  5.110E+08
  2.922E+01  2.935E+01  5.065E-02 -4.271E+01  3.601E+07  4.785E-10  5.187E+08
  2.948E+01  2.961E+01  5.006E-02 -4.244E+01  3.616E+07  4.750E-10  5.265E+08
  2.974E+01  2.987E+01  4.949E-02 -4.217E+01  3.631E+07  4.715E-10  5.343E+08
  3.000E+01  3.014E+01  4.892E-02 -4.190E+01  3.646E+07  4.680E-10  5.423E+08
  3.027E+01  3.040E+01  4.836E-02 -4.163E+01  3.661E+07  4.646E-10  5.504E+08
  3.054E+01  3.067E+01  4.780E-02 -4.137E+01  3.676E+07  4.611E-10  5.586E+08
  3.081E+01  3.094E+01  4.726E-02 -4.111E+01  3.692E+07  4.578E-10  5.669E+08
  3.108E+01  3.122E+01  4.671E-02 -4.085E+01  3.707E+07  4.544E-10  5.750E+08
  3.135E+01  3.149E+01  4.618E-02 -4.059E+01  3.723E+07  4.511E-10  5.832E+08
  3.163E+01  3.177E+01  4.565E-02 -4.033E+01  3.738E+07  4.478E-10  5.915E+08
  3.191E+01  3.205E+01  4.513E-02 -4.008E+01  3.754E+07  4.445E-10  6.000E+08
  3.219E+01  3.233E+01  4.462E-02 -3.983E+01  3.770E+07  4.413E-10  6.085E+08
  3.247E+01  3.261E+01  4.411E-02 -3.958E+01  3.785E+07  4.381E-10  6.172E+08
  3.275E+01  3.290E+01  4.361E-02 -3.933E+01  3.801E+07  4.349E-10  6.259E+08
  3.304E+01  3.318E+01  4.311E-02 -3.909E+01  3.817E+07  4.318E-10  6.348E+08
  3.333E+01  3.347E+01  4.262E-02 -3.885E+01  3.833E+07  4.286E-10  6.439E+08
  3.362E+01  3.376E+01  4.213E-02 -3.861E+01  3.849E+07  4.255E-10  6.530E+08
  3.391E+01  3.406E+01  4.166E-02 -3.837E+01  3.865E+07  4.225E-10  6.623E+08
  3.420E+01  3.435E+01  4.118E-02 -3.813E+01  3.881E+07  4.194E-10  6.717E+08
  3.450E+01  3.465E+01  4.072E-02 -3.790E+01  3.898E+07  4.164E-10  6.812E+08
  3.480E+01  3.495E+01  4.025E-02 -3.767E+01  3.914E+07  4.134E-10  6.908E+08
  3.510E+01  3.525E+01  3.980E-02 -3.744E+01  3.930E+07  4.104E-10  7.006E+08
  3.540E+01  3.555E+01  3.935E-02 -3.721E+01  3.947E+07  4.075E-10  7.105E+08
  3.571E+01  3.586E+01  3.890E-02 -3.698E+01  3.963E+07  4.046E-10  7.206E+08
  3.601E+01  3.617E+01  3.846E-02 -3.676E+01  3.980E+07  4.017E-10  7.308E+08
  3.632E+01  3.648E+01  3.803E-02 -3.654E+01  3.997E+07  3.988E-10  7.411E+08
  3.663E+01  3.679E+01  3.760E-02 -3.631E+01  4.013E+07  3.959E-10  7.515E+08
  3.695E+01  3.710E+01  3.717E-02 -3.610E+01  4.030E+07  3.931E-10  7.621E+08
  3.726E+01  3.742E+01  3.675E-02 -3.588E+01  4.047E+07  3.903E-10  7.729E+08
  3.758E+01  3.774E+01  3.634E-02 -3.567E+01  4.064E+07  3.875E-10  7.838E+08
  3.790E+01  3.806E+01  3.593E-02 -3.545E+01  4.081E+07  3.847E-10  7.948E+08
  3.822E+01  3.839E+01  3.552E-02 -3.524E+01  4.098E+07  3.820E-10  8.060E+08
  3.855E+01  3.871E+01  3.512E-02 -3.503E+01  4.115E+07  3.793E-10  8.173E+08
  3.888E+01  3.904E+01  3.473E-02 -3.482E+01  4.132E+07  3.766E-10  8.288E+08
  3.921E+01  3.937E+01  3.434E-02 -3.462E+01  4.149E+07  3.739E-10  8.405E+08
  3.954E+01  3.971E+01  3.395E-02 -3.441E+01  4.167E+07  3.712E-10  8.523E+08
  3.987E+01  4.004E+01  3.357E-02 -3.421E+01  4.184E+07  3.686E-10  8.642E+08
  4.021E+01  4.038E+01  3.319E-02 -3.401E+01  4.202E+07  3.660E-10  8.763E+08
  4.055E+01  4.072E+01  3.282E-02 -3.381E+01  4.219E+07  3.634E-10  8.886E+08
  4.089E+01  4.106E+01  3.245E-02 -3.361E+01  4.237E+07  3.608E-10  9.011E+08
  4.124E+01  4.141E+01  3.209E-02 -3.342E+01  4.254E+07  3.582E-10  9.137E+08
  4.158E+01  4.176E+01  3.173E-02 -3.322E+01  4.272E+07  3.557E-10  9.265E+08
  4.193E+01  4.211E+01  3.137E-02 -3.303E+01  4.290E+07  3.531E-10  9.394E+08
  4.229E+01  4.246E+01  3.102E-02 -3.284E+01  4.307E+07  3.506E-10  9.525E+08
  4.264E+01  4.282E+01  3.068E-02 -3.265E+01  4.325E+07  3.482E-10  9.658E+08
  4.300E+01  4.318E+01  3.033E-02 -3.246E+01  4.343E+07  3.457E-10  9.793E+08
  4.336E+01  4.354E+01  2.999E-02 -3.227E+01  4.361E+07  3.432E-10  9.930E+08
  4.372E+01  4.390E+01  2.966E-02 -3.209E+01  4.379E+07  3.408E-10  1.007E+09
  4.408E+01  4.427E+01  2.933E-02 -3.190E+01  4.397E+07  3.384E-10  1.021E+09
  4.445E+01  4.464E+01  2.900E-02 -3.172E+01  4.416E+07  3.360E-10  1.035E+09
  4.482E+01  4.501E+01  2.868E-02 -3.154E+01  4.434E+07  3.336E-10  1.049E+09
  4.519E+01  4.538E+01  2.836E-02 -3.136E+01  4.452E+07  3.313E-10  1.064E+09
  4.557E+01  4.576E+01  2.804E-02 -3.118E+01  4.470E+07  3.289E-10  1.079E+09
  4.595E+01  4.614E+01  2.773E-02 -3.101E+01  4.489E+07  3.266E-10  1.094E+09
  4.633E+01  4.652E+01  2.742E-02 -3.083E+01  4.507E+07  3.243E-10  1.109E+09
  4.671E+01  4.690E+01  2.711E-02 -3.066E+01  4.526E+07  3.220E-10  1.124E+09
  4.710E+01  4.729E+01  2.681E-02 -3.048E+01  4.544E+07  3.197E-10  1.140E+09
  4.749E+01  4.768E+01  2.651E-02 -3.031E+01  4.563E+07  3.174E-10  1.156E+09
  4.788E+01  4.808E+01  2.622E-02 -3.014E+01  4.581E+07  3.152E-10  1.172E+09
  4.827E+01  4.847E+01  2.593E-02 -2.997E+01  4.600E+07  3.130E-10  1.188E+09
  4.867E+01  4.887E+01  2.564E-02 -2.981E+01  4.619E+07  3.108E-10  1.204E+09
  4.907E+01  4.927E+01  2.536E-02 -2.964E+01  4.638E+07  3.086E-10  1.221E+09
  4.947E+01  4.968E+01  2.507E-02 -2.947E+01  4.656E+07  3.064E-10  1.238E+09
  4.988E+01  5.009E+01  2.480E-02 -2.931E+01  4.675E+07  3.042E-10  1.255E+09
  5.029E+01  5.050E+01  2.452E-02 -2.915E+01  4.694E+07  3.020E-10  1.272E+09
  5.070E+01  5.091E+01  2.425E-02 -2.899E+01  4.713E+07  2.999E-10  1.290E+09
  5.112E+01  5.133E+01  2.398E-02 -2.883E+01  4.732E+07  2.978E-10  1.307E+09
  5.154E+01  5.175E+01  2.372E-02 -2.867E+01  4.751E+07  2.957E-10  1.325E+09
  5.196E+01  5.217E+01  2.345E-02 -2.851E+01  4.770E+07  2.936E-10  1.344E+09
  5.238E+01  5.259E+01  2.319E-02 -2.836E+01  4.790E+07  2.915E-10  1.362E+09
  5.281E+01  5.302E+01  2.294E-02 -2.820E+01  4.809E+07  2.894E-10  1.381E+09
  5.324E+01  5.345E+01  2.268E-02 -2.805E+01  4.828E+07  2.874E-10  1.400E+09
  5.367E+01  5.389E+01  2.243E-02 -2.789E+01  4.847E+07  2.853E-10  1.419E+09
  5.411E+01  5.433E+01  2.219E-02 -2.774E+01  4.867E+07  2.833E-10  1.438E+09
  5.455E+01  5.477E+01  2.194E-02 -2.759E+01  4.886E+07  2.813E-10  1.458E+09
  5.499E+01  5.521E+01  2.170E-02 -2.744E+01  4.905E+07  2.793E-10  1.478E+09
  5.544E+01  5.566E+01  2.146E-02 -2.729E+01  4.925E+07  2.773E-10  1.498E+09
  5.588E+01  5.611E+01  2.122E-02 -2.715E+01  4.944E+07  2.753E-10  1.518E+09
  5.634E+01  5.657E+01  2.099E-02 -2.700E+01  4.964E+07  2.734E-10  1.539E+09
  5.679E+01  5.702E+01  2.076E-02 -2.686E+01  4.983E+07  2.714E-10  1.560E+09
  5.725E+01  5.748E+01  2.053E-02 -2.671E+01  5.003E+07  2.695E-10  1.581E+09
  5.771E+01  5.795E+01  2.030E-02 -2.657E+01  5.022E+07  2.676E-10  1.603E+09
  5.818E+01  5.841E+01  2.008E-02 -2.643E+01  5.042E+07  2.657E-10  1.625E+09
  5.865E+01  5.888E+01  1.986E-02 -2.629E+01  5.062E+07  2.638E-10  1.647E+09
  5.912E+01  5.936E+01  1.964E-02 -2.615E+01  5.081E+07  2.619E-10  1.669E+09
  5.960E+01  5.984E+01  1.943E-02 -2.601E+01  5.101E+07  2.600E-10  1.692E+09
  6.008E+01  6.032E+01  1.921E-02 -2.587E+01  5.121E+07  2.582E-10  1.714E+09
  6.056E+01  6.080E+01  1.900E-02 -2.574E+01  5.141E+07  2.563E-10  1.738E+09
  6.104E+01  6.129E+01  1.879E-02 -2.560E+01  5.160E+07  2.545E-10  1.761E+09
  6.153E+01  6.178E+01  1.859E-02 -2.547E+01  5.180E+07  2.527E-10  1.785E+09
  6.203E+01  6.227E+01  1.838E-02 -2.533E+01  5.200E+07  2.508E-10  1.809E+09
  6.252E+01  6.277E+01  1.818E-02 -2.520E+01  5.220E+07  2.490E-10  1.833E+09
  6.302E+01  6.328E+01  1.798E-02 -2.507E+01  5.240E+07  2.473E-10  1.858E+09
  6.353E+01  6.378E+01  1.779E-02 -2.494E+01  5.260E+07  2.455E-10  1.883E+09
  6.403E+01  6.429E+01  1.759E-02 -2.481E+01  5.280E+07  2.437E-10  1.908E+09
  6.455E+01  6.480E+01  1.740E-02 -2.468E+01  5.300E+07  2.420E-10  1.934E+09
  6.506E+01  6.532E+01  1.721E-02 -2.455E+01  5.319E+07  2.402E-10  1.960E+09
  6.558E+01  6.584E+01  1.702E-02 -2.442E+01  5.339E+07  2.385E-10  1.986E+09
  6.610E+01  6.636E+01  1.684E-02 -2.430E+01  5.359E+07  2.368E-10  2.013E+09
  6.663E+01  6.689E+01  1.665E-02 -2.417E+01  5.379E+07  2.350E-10  2.040E+09
  6.716E+01  6.742E+01  1.647E-02 -2.405E+01  5.399E+07  2.333E-10  2.067E+09
  6.769E+01  6.796E+01  1.629E-02 -2.393E+01  5.419E+07  2.317E-10  2.094E+09
  6.823E+01  6.850E+01  1.611E-02 -2.380E+01  5.439E+07  2.300E-10  2.122E+09
  6.877E+01  6.904E+01  1.594E-02 -2.368E+01  5.459E+07  2.283E-10  2.151E+09
  6.931E+01  6.959E+01  1.576E-02 -2.356E+01  5.479E+07  2.267E-10  2.179E+09
  6.986E+01  7.014E+01  1.559E-02 -2.344E+01  5.499E+07  2.250E-10  2.208E+09
  7.042E+01  7.069E+01  1.542E-02 -2.333E+01  5.519E+07  2.234E-10  2.237E+09
  7.097E+01  7.125E+01  1.526E-02 -2.321E+01  5.539E+07  2.217E-10  2.267E+09
  7.153E+01  7.182E+01  1.509E-02 -2.309E+01  5.559E+07  2.201E-10  2.297E+09
  7.210E+01  7.238E+01  1.493E-02 -2.297E+01  5.579E+07  2.185E-10  2.327E+09
  7.267E+01  7.295E+01  1.476E-02 -2.286E+01  5.599E+07  2.169E-10  2.358E+09
  7.324E+01  7.353E+01  1.460E-02 -2.275E+01  5.619E+07  2.153E-10  2.389E+09
  7.382E+01  7.411E+01  1.445E-02 -2.263E+01  5.639E+07  2.138E-10  2.421E+09
  7.440E+01  7.469E+01  1.429E-02 -2.252E+01  5.659E+07  2.122E-10  2.453E+09
  7.499E+01  7.528E+01  1.413E-02 -2.241E+01  5.679E+07  2.106E-10  2.485E+09
  7.558E+01  7.587E+01  1.398E-02 -2.230E+01  5.699E+07  2.091E-10  2.518E+09
  7.617E+01  7.647E+01  1.383E-02 -2.219E+01  5.719E+07  2.076E-10  2.551E+09
  7.677E+01  7.707E+01  1.368E-02 -2.208E+01  5.739E+07  2.060E-10  2.584E+09
  7.737E+01  7.767E+01  1.353E-02 -2.197E+01  5.759E+07  2.045E-10  2.618E+09
  7.798E+01  7.828E+01  1.339E-02 -2.186E+01  5.779E+07  2.030E-10  2.652E+09
  7.859E+01  7.890E+01  1.324E-02 -2.175E+01  5.799E+07  2.015E-10  2.687E+09
  7.921E+01  7.952E+01  1.310E-02 -2.165E+01  5.818E+07  2.000E-10  2.722E+09
  7.983E+01  8.014E+01  1.296E-02 -2.154E+01  5.838E+07  1.985E-10  2.757E+09
  8.045E+01  8.077E+01  1.282E-02 -2.144E+01  5.858E+07  1.970E-10  2.793E+09
  8.108E+01  8.140E+01  1.268E-02 -2.133E+01  5.878E+07  1.956E-10  2.829E+09
  8.171E+01  8.203E+01  1.254E-02 -2.123E+01  5.897E+07  1.941E-10  2.866E+09
  8.235E+01  8.267E+01  1.241E-02 -2.113E+01  5.917E+07  1.927E-10  2.903E+09
  8.299E+01  8.332E+01  1.228E-02 -2.102E+01  5.937E+07  1.912E-10  2.941E+09
  8.364E+01  8.397E+01  1.214E-02 -2.092E+01  5.956E+07  1.898E-10  2.979E+09
  8.429E+01  8.462E+01  1.201E-02 -2.082E+01  5.976E+07  1.884E-10  3.017E+09
  8.495E+01  8.528E+01  1.189E-02 -2.072E+01  5.995E+07  1.870E-10  3.056E+09
  8.561E+01  8.595E+01  1.176E-02 -2.062E+01  6.015E+07  1.856E-10  3.095E+09
  8.628E+01  8.662E+01  1.163E-02 -2.053E+01  6.034E+07  1.842E-10  3.135E+09
  8.695E+01  8.729E+01  1.151E-02 -2.043E+01  6.054E+07  1.828E-10  3.175E+09
  8.763E+01  8.797E+01  1.138E-02 -2.033E+01  6.073E+07  1.814E-10  3.216E+09
  8.831E+01  8.865E+01  1.126E-02 -2.024E+01  6.093E+07  1.800E-10  3.257E+09
  8.899E+01  8.934E+01  1.114E-02 -2.014E+01  6.112E+07  1.787E-10  3.299E+09
  8.968E+01  9.003E+01  1.102E-02 -2.005E+01  6.131E+07  1.773E-10  3.341E+09
  9.038E+01  9.073E+01  1.090E-02 -1.995E+01  6.150E+07  1.760E-10  3.383E+09
  9.108E+01  9.143E+01  1.079E-02 -1.986E+01  6.169E+07  1.746E-10  3.426E+09
  9.179E+01  9.214E+01  1.067E-02 -1.977E+01  6.188E+07  1.733E-10  3.470E+09
  9.250E+01  9.286E+01  1.056E-02 -1.968E+01  6.207E+07  1.720E-10  3.514E+09
  9.321E+01  9.357E+01  1.045E-02 -1.958E+01  6.226E+07  1.707E-10  3.558E+09
  9.393E+01  9.430E+01  1.034E-02 -1.949E+01  6.245E+07  1.694E-10  3.603E+09
  9.466E+01  9.503E+01  1.023E-02 -1.940E+01  6.264E+07  1.681E-10  3.649E+09
  9.539E+01  9.576E+01  1.012E-02 -1.932E+01  6.283E+07  1.668E-10  3.695E+09
  9.613E+01  9.650E+01  1.001E-02 -1.923E+01  6.301E+07  1.655E-10  3.741E+09
  9.687E+01  9.725E+01  9.903E-03 -1.914E+01  6.320E+07  1.642E-10  3.788E+09
  9.762E+01  9.800E+01  9.798E-03 -1.905E+01  6.338E+07  1.630E-10  3.836E+09
  9.837E+01  9.875E+01  9.694E-03 -1.896E+01  6.357E+07  1.617E-10  3.884E+09
  9.913E+01  9.951E+01  9.591E-03 -1.888E+01  6.375E+07  1.604E-10  3.933E+09
  9.989E+01  1.003E+02  9.489E-03 -1.879E+01  6.394E+07  1.592E-10  3.982E+09
  1.007E+02  1.011E+02  9.388E-03 -1.871E+01  6.412E+07  1.580E-10  4.032E+09
  1.014E+02  1.018E+02  9.289E-03 -1.862E+01  6.430E+07  1.567E-10  4.082E+09
  1.022E+02  1.026E+02  9.191E-03 -1.854E+01  6.448E+07  1.555E-10  4.133E+09
  1.030E+02  1.034E+02  9.093E-03 -1.846E+01  6.466E+07  1.543E-10  4.184E+09
  1.038E+02  1.042E+02  8.997E-03 -1.838E+01  6.484E+07  1.531E-10  4.236E+09
  1.046E+02  1.050E+02  8.902E-03 -1.829E+01  6.502E+07  1.519E-10  4.288E+09
  1.054E+02  1.058E+02  8.808E-03 -1.821E+01  6.520E+07  1.507E-10  4.341E+09
  1.062E+02  1.066E+02  8.715E-03 -1.813E+01  6.537E+07  1.495E-10  4.395E+09
  1.070E+02  1.074E+02  8.623E-03 -1.805E+01  6.555E+07  1.483E-10  4.449E+09
  1.078E+02  1.083E+02  8.532E-03 -1.798E+01  6.573E+07  1.471E-10  4.504E+09
  1.087E+02  1.091E+02  8.442E-03 -1.790E+01  6.590E+07  1.460E-10  4.559E+09
  1.095E+02  1.099E+02  8.353E-03 -1.782E+01  6.607E+07  1.448E-10  4.615E+09
  1.103E+02  1.108E+02  8.265E-03 -1.774E+01  6.624E+07  1.437E-10  4.672E+09
  1.112E+02  1.116E+02  8.178E-03 -1.766E+01  6.642E+07  1.425E-10  4.729E+09
  1.120E+02  1.125E+02  8.092E-03 -1.759E+01  6.659E+07  1.414E-10  4.787E+09
  1.129E+02  1.133E+02  8.006E-03 -1.751E+01  6.676E+07  1.402E-10  4.845E+09
  1.138E+02  1.142E+02  7.922E-03 -1.744E+01  6.692E+07  1.391E-10  4.904E+09
  1.146E+02  1.151E+02  7.839E-03 -1.736E+01  6.709E+07  1.380E-10  4.964E+09
  1.155E+02  1.159E+02  7.757E-03 -1.729E+01  6.726E+07  1.369E-10  5.025E+09
  1.164E+02  1.168E+02  7.675E-03 -1.721E+01  6.742E+07  1.358E-10  5.086E+09
  1.173E+02  1.177E+02  7.594E-03 -1.714E+01  6.759E+07  1.347E-10  5.147E+09
  1.182E+02  1.186E+02  7.515E-03 -1.707E+01  6.775E+07  1.336E-10  5.210E+09
  1.191E+02  1.195E+02  7.436E-03 -1.700E+01  6.791E+07  1.325E-10  5.272E+09
  1.200E+02  1.204E+02  7.358E-03 -1.692E+01  6.807E+07  1.314E-10  5.336E+09
  1.209E+02  1.213E+02  7.280E-03 -1.685E+01  6.823E+07  1.304E-10  5.400E+09
  1.218E+02  1.223E+02  7.204E-03 -1.678E+01  6.839E+07  1.293E-10  5.465E+09
  1.227E+02  1.232E+02  7.129E-03 -1.671E+01  6.855E+07  1.282E-10  5.531E+09
  1.237E+02  1.241E+02  7.054E-03 -1.665E+01  6.871E+07  1.272E-10  5.598E+09
  1.246E+02  1.251E+02  6.980E-03 -1.658E+01  6.886E+07  1.261E-10  5.665E+09
  1.255E+02  1.260E+02  6.907E-03 -1.651E+01  6.902E+07  1.251E-10  5.733E+09
  1.265E+02  1.270E+02  6.834E-03 -1.644E+01  6.917E+07  1.240E-10  5.801E+09
  1.275E+02  1.279E+02  6.763E-03 -1.637E+01  6.933E+07  1.230E-10  5.870E+09
  1.284E+02  1.289E+02  6.692E-03 -1.631E+01  6.948E+07  1.220E-10  5.940E+09
  1.294E+02  1.299E+02  6.622E-03 -1.624E+01  6.963E+07  1.210E-10  6.011E+09
  1.304E+02  1.309E+02  6.553E-03 -1.617E+01  6.978E+07  1.200E-10  6.083E+09
  1.314E+02  1.319E+02  6.484E-03 -1.611E+01  6.992E+07  1.190E-10  6.155E+09
  1.324E+02  1.329E+02  6.416E-03 -1.604E+01  7.007E+07  1.180E-10  6.228E+09
  1.334E+02  1.339E+02  6.349E-03 -1.598E+01  7.022E+07  1.170E-10  6.302E+09
  1.344E+02  1.349E+02  6.282E-03 -1.592E+01  7.036E+07  1.160E-10  6.377E+09
  1.354E+02  1.359E+02  6.217E-03 -1.585E+01  7.050E+07  1.150E-10  6.452E+09
  1.364E+02  1.369E+02  6.152E-03 -1.579E+01  7.065E+07  1.140E-10  6.528E+09
  1.375E+02  1.380E+02  6.087E-03 -1.573E+01  7.079E+07  1.131E-10  6.605E+09
  1.385E+02  1.390E+02  6.023E-03 -1.566E+01  7.093E+07  1.121E-10  6.683E+09
  1.395E+02  1.401E+02  5.960E-03 -1.560E+01  7.106E+07  1.111E-10  6.762E+09
  1.406E+02  1.411E+02  5.898E-03 -1.554E+01  7.120E+07  1.102E-10  6.842E+09
  1.417E+02  1.422E+02  5.836E-03 -1.548E+01  7.134E+07  1.092E-10  6.922E+09
  1.427E+02  1.433E+02  5.775E-03 -1.542E+01  7.147E+07  1.083E-10  7.003E+09
  1.438E+02  1.444E+02  5.715E-03 -1.536E+01  7.161E+07  1.074E-10  7.085E+09
  1.449E+02  1.454E+02  5.655E-03 -1.530E+01  7.174E+07  1.064E-10  7.168E+09
  1.460E+02  1.465E+02  5.596E-03 -1.524E+01  7.187E+07  1.055E-10  7.252E+09
  1.471E+02  1.476E+02  5.537E-03 -1.519E+01  7.200E+07  1.046E-10  7.337E+09
  1.482E+02  1.488E+02  5.479E-03 -1.513E+01  7.213E+07  1.037E-10  7.423E+09
  1.493E+02  1.499E+02  5.421E-03 -1.507E+01  7.226E+07  1.028E-10  7.510E+09
  1.504E+02  1.510E+02  5.365E-03 -1.501E+01  7.238E+07  1.019E-10  7.597E+09
  1.516E+02  1.521E+02  5.308E-03 -1.496E+01  7.251E+07  1.010E-10  7.686E+09
  1.527E+02  1.533E+02  5.253E-03 -1.490E+01  7.263E+07  1.001E-10  7.776E+09
  1.539E+02  1.544E+02  5.198E-03 -1.484E+01  7.275E+07  9.923E-11  7.866E+09
  1.550E+02  1.556E+02  5.143E-03 -1.479E+01  7.288E+07  9.835E-11  7.958E+09
  1.562E+02  1.568E+02  5.089E-03 -1.473E+01  7.300E+07  9.748E-11  8.050E+09
  1.574E+02  1.580E+02  5.036E-03 -1.468E+01  7.312E+07  9.661E-11  8.144E+09
  1.586E+02  1.591E+02  4.983E-03 -1.462E+01  7.323E+07  9.575E-11  8.238E+09
  1.597E+02  1.603E+02  4.930E-03 -1.457E+01  7.335E+07  9.489E-11  8.334E+09
  1.609E+02  1.615E+02  4.878E-03 -1.451E+01  7.347E+07  9.404E-11  8.431E+09
  1.622E+02  1.628E+02  4.827E-03 -1.446E+01  7.358E+07  9.320E-11  8.528E+09
  1.634E+02  1.640E+02  4.776E-03 -1.441E+01  7.369E+07  9.236E-11  8.627E+09
  1.646E+02  1.652E+02  4.726E-03 -1.436E+01  7.381E+07  9.152E-11  8.727E+09
  1.658E+02  1.665E+02  4.676E-03 -1.430E+01  7.392E+07  9.070E-11  8.828E+09
  1.671E+02  1.677E+02  4.627E-03 -1.425E+01  7.403E+07  8.987E-11  8.930E+09
  1.683E+02  1.690E+02  4.578E-03 -1.420E+01  7.414E+07  8.905E-11  9.034E+09
  1.696E+02  1.702E+02  4.529E-03 -1.415E+01  7.424E+07  8.824E-11  9.138E+09
  1.709E+02  1.715E+02  4.482E-03 -1.410E+01  7.435E+07  8.743E-11  9.244E+09
  1.721E+02  1.728E+02  4.434E-03 -1.405E+01  7.445E+07  8.663E-11  9.351E+09
  1.734E+02  1.741E+02  4.387E-03 -1.400E+01  7.456E+07  8.583E-11  9.459E+09
  1.747E+02  1.754E+02  4.341E-03 -1.395E+01  7.466E+07  8.504E-11  9.568E+09
  1.760E+02  1.767E+02  4.295E-03 -1.390E+01  7.476E+07  8.425E-11  9.678E+09
  1.774E+02  1.780E+02  4.249E-03 -1.385E+01  7.486E+07  8.347E-11  9.790E+09
  1.787E+02  1.793E+02  4.204E-03 -1.380E+01  7.496E+07  8.270E-11  9.903E+09
  1.800E+02  1.807E+02  4.159E-03 -1.375E+01  7.506E+07  8.192E-11  1.002E+10
  1.814E+02  1.820E+02  4.115E-03 -1.371E+01  7.516E+07  8.116E-11  1.013E+10
  1.827E+02  1.834E+02  4.071E-03 -1.366E+01  7.525E+07  8.040E-11  1.025E+10
  1.841E+02  1.848E+02  4.028E-03 -1.361E+01  7.535E+07  7.964E-11  1.037E+10
  1.855E+02  1.862E+02  3.985E-03 -1.356E+01  7.544E+07  7.889E-11  1.049E+10
  1.868E+02  1.875E+02  3.943E-03 -1.352E+01  7.553E+07  7.814E-11  1.061E+10
  1.882E+02  1.889E+02  3.900E-03 -1.347E+01  7.563E+07  7.740E-11  1.073E+10
  1.896E+02  1.904E+02  3.859E-03 -1.342E+01  7.572E+07  7.667E-11  1.086E+10
  1.911E+02  1.918E+02  3.817E-03 -1.338E+01  7.581E+07  7.593E-11  1.098E+10
  1.925E+02  1.932E+02  3.777E-03 -1.333E+01  7.589E+07  7.521E-11  1.111E+10
  1.939E+02  1.946E+02  3.736E-03 -1.329E+01  7.598E+07  7.449E-11  1.124E+10
  1.954E+02  1.961E+02  3.696E-03 -1.324E+01  7.607E+07  7.377E-11  1.137E+10
  1.968E+02  1.976E+02  3.656E-03 -1.320E+01  7.615E+07  7.306E-11  1.150E+10
  1.983E+02  1.990E+02  3.617E-03 -1.315E+01  7.624E+07  7.235E-11  1.163E+10
  1.998E+02  2.005E+02  3.578E-03 -1.311E+01  7.632E+07  7.165E-11  1.176E+10
  2.013E+02  2.020E+02  3.539E-03 -1.307E+01  7.640E+07  7.096E-11  1.190E+10
  2.028E+02  2.035E+02  3.501E-03 -1.302E+01  7.648E+07  7.026E-11  1.204E+10
  2.043E+02  2.050E+02  3.463E-03 -1.298E+01  7.656E+07  6.958E-11  1.218E+10
  2.058E+02  2.066E+02  3.426E-03 -1.294E+01  7.664E+07  6.890E-11  1.232E+10
  2.073E+02  2.081E+02  3.389E-03 -1.289E+01  7.672E+07  6.822E-11  1.246E+10
  2.089E+02  2.096E+02  3.352E-03 -1.285E+01  7.680E+07  6.755E-11  1.260E+10
  2.104E+02  2.112E+02  3.316E-03 -1.281E+01  7.687E+07  6.688E-11  1.275E+10
  2.120E+02  2.128E+02  3.279E-03 -1.277E+01  7.695E+07  6.622E-11  1.290E+10
  2.136E+02  2.144E+02  3.244E-03 -1.272E+01  7.702E+07  6.556E-11  1.305E+10
  2.151E+02  2.159E+02  3.208E-03 -1.268E+01  7.709E+07  6.490E-11  1.320E+10
  2.167E+02  2.176E+02  3.173E-03 -1.264E+01  7.717E+07  6.426E-11  1.335E+10
  2.184E+02  2.192E+02  3.139E-03 -1.260E+01  7.724E+07  6.361E-11  1.351E+10
  2.200E+02  2.208E+02  3.104E-03 -1.256E+01  7.731E+07  6.297E-11  1.366E+10
  2.216E+02  2.224E+02  3.070E-03 -1.252E+01  7.738E+07  6.234E-11  1.382E+10
  2.233E+02  2.241E+02  3.037E-03 -1.248E+01  7.745E+07  6.171E-11  1.398E+10
  2.249E+02  2.257E+02  3.003E-03 -1.244E+01  7.751E+07  6.108E-11  1.415E+10
  2.266E+02  2.274E+02  2.970E-03 -1.240E+01  7.758E+07  6.046E-11  1.431E+10
  2.283E+02  2.291E+02  2.937E-03 -1.236E+01  7.765E+07  5.985E-11  1.448E+10
  2.300E+02  2.308E+02  2.905E-03 -1.232E+01  7.771E+07  5.923E-11  1.465E+10
  2.317E+02  2.325E+02  2.873E-03 -1.228E+01  7.777E+07  5.863E-11  1.482E+10
  2.334E+02  2.342E+02  2.841E-03 -1.224E+01  7.784E+07  5.803E-11  1.499E+10
  2.351E+02  2.360E+02  2.809E-03 -1.220E+01  7.790E+07  5.743E-11  1.517E+10
  2.369E+02  2.377E+02  2.778E-03 -1.216E+01  7.796E+07  5.684E-11  1.535E+10
  2.386E+02  2.395E+02  2.747E-03 -1.213E+01  7.802E+07  5.625E-11  1.553E+10
  2.404E+02  2.413E+02  2.717E-03 -1.209E+01  7.808E+07  5.566E-11  1.571E+10
  2.422E+02  2.431E+02  2.686E-03 -1.205E+01  7.814E+07  5.508E-11  1.589E+10
  2.440E+02  2.449E+02  2.656E-03 -1.201E+01  7.820E+07  5.451E-11  1.608E+10
  2.458E+02  2.467E+02  2.627E-03 -1.198E+01  7.826E+07  5.394E-11  1.627E+10
  2.476E+02  2.485E+02  2.597E-03 -1.194E+01  7.831E+07  5.337E-11  1.646E+10
  2.494E+02  2.503E+02  2.568E-03 -1.190E+01  7.837E+07  5.281E-11  1.665E+10
  2.513E+02  2.522E+02  2.539E-03 -1.186E+01  7.842E+07  5.225E-11  1.685E+10
  2.531E+02  2.541E+02  2.511E-03 -1.183E+01  7.848E+07  5.170E-11  1.705E+10
  2.550E+02  2.559E+02  2.482E-03 -1.179E+01  7.853E+07  5.115E-11  1.725E+10
  2.569E+02  2.578E+02  2.454E-03 -1.175E+01  7.858E+07  5.061E-11  1.746E+10
  2.588E+02  2.597E+02  2.426E-03 -1.172E+01  7.863E+07  5.007E-11  1.766E+10
  2.607E+02  2.617E+02  2.399E-03 -1.168E+01  7.868E+07  4.953E-11  1.787E+10
  2.626E+02  2.636E+02  2.372E-03 -1.165E+01  7.874E+07  4.900E-11  1.808E+10
  2.646E+02  2.655E+02  2.345E-03 -1.161E+01  7.878E+07  4.847E-11  1.830E+10
  2.665E+02  2.675E+02  2.318E-03 -1.157E+01  7.883E+07  4.795E-11  1.852E+10
  2.685E+02  2.695E+02  2.292E-03 -1.154E+01  7.888E+07  4.743E-11  1.874E+10
  2.705E+02  2.715E+02  2.265E-03 -1.150E+01  7.893E+07  4.692E-11  1.896E+10
  2.725E+02  2.735E+02  2.239E-03 -1.147E+01  7.898E+07  4.641E-11  1.919E+10
  2.745E+02  2.755E+02  2.214E-03 -1.143E+01  7.902E+07  4.590E-11  1.942E+10
  2.765E+02  2.775E+02  2.188E-03 -1.140E+01  7.907E+07  4.540E-11  1.965E+10
  2.785E+02  2.796E+02  2.163E-03 -1.136E+01  7.911E+07  4.490E-11  1.989E+10
  2.806E+02  2.816E+02  2.138E-03 -1.133E+01  7.916E+07  4.441E-11  2.012E+10
  2.827E+02  2.837E+02  2.113E-03 -1.130E+01  7.920E+07  4.392E-11  2.037E+10
  2.847E+02  2.858E+02  2.089E-03 -1.126E+01  7.924E+07  4.344E-11  2.061E+10
  2.868E+02  2.879E+02  2.065E-03 -1.123E+01  7.928E+07  4.296E-11  2.086E+10
  2.890E+02  2.900E+02  2.041E-03 -1.119E+01  7.933E+07  4.248E-11  2.111E+10
  2.911E+02  2.922E+02  2.017E-03 -1.116E+01  7.937E+07  4.201E-11  2.137E+10
  2.932E+02  2.943E+02  1.994E-03 -1.113E+01  7.941E+07  4.154E-11  2.163E+10
  2.954E+02  2.965E+02  1.970E-03 -1.109E+01  7.945E+07  4.107E-11  2.189E+10
  2.976E+02  2.987E+02  1.947E-03 -1.106E+01  7.949E+07  4.061E-11  2.215E+10
  2.998E+02  3.009E+02  1.924E-03 -1.103E+01  7.952E+07  4.016E-11  2.242E+10
  3.020E+02  3.031E+02  1.902E-03 -1.099E+01  7.956E+07  3.971E-11  2.269E+10
  3.042E+02  3.053E+02  1.880E-03 -1.096E+01  7.960E+07  3.926E-11  2.297E+10
  3.064E+02  3.076E+02  1.857E-03 -1.093E+01  7.963E+07  3.881E-11  2.325E+10
  3.087E+02  3.098E+02  1.836E-03 -1.089E+01  7.967E+07  3.837E-11  2.353E+10
  3.110E+02  3.121E+02  1.814E-03 -1.086E+01  7.971E+07  3.794E-11  2.382E+10
  3.133E+02  3.144E+02  1.792E-03 -1.083E+01  7.974E+07  3.750E-11  2.411E+10
  3.156E+02  3.167E+02  1.771E-03 -1.080E+01  7.978E+07  3.707E-11  2.441E+10
  3.179E+02  3.191E+02  1.750E-03 -1.076E+01  7.981E+07  3.665E-11  2.471E+10
  3.202E+02  3.214E+02  1.729E-03 -1.073E+01  7.984E+07  3.623E-11  2.501E+10
  3.226E+02  3.238E+02  1.709E-03 -1.070E+01  7.988E+07  3.581E-11  2.532E+10
  3.250E+02  3.262E+02  1.688E-03 -1.067E+01  7.991E+07  3.540E-11  2.563E+10
  3.273E+02  3.286E+02  1.668E-03 -1.064E+01  7.994E+07  3.499E-11  2.595E+10
  3.298E+02  3.310E+02  1.648E-03 -1.060E+01  7.997E+07  3.458E-11  2.627E+10
  3.322E+02  3.334E+02  1.628E-03 -1.057E+01  8.000E+07  3.418E-11  2.660E+10
  3.346E+02  3.358E+02  1.609E-03 -1.054E+01  8.003E+07  3.378E-11  2.693E+10
  3.371E+02  3.383E+02  1.589E-03 -1.051E+01  8.006E+07  3.339E-11  2.726E+10
  3.396E+02  3.408E+02  1.570E-03 -1.048E+01  8.009E+07  3.300E-11  2.760E+10
  3.421E+02  3.433E+02  1.551E-03 -1.045E+01  8.012E+07  3.261E-11  2.794E+10
  3.446E+02  3.458E+02  1.532E-03 -1.042E+01  8.015E+07  3.223E-11  2.829E+10
  3.471E+02  3.484E+02  1.514E-03 -1.038E+01  8.017E+07  3.185E-11  2.865E+10
  3.496E+02  3.509E+02  1.495E-03 -1.035E+01  8.020E+07  3.147E-11  2.900E+10
  3.522E+02  3.535E+02  1.477E-03 -1.032E+01  8.023E+07  3.110E-11  2.937E+10
  3.548E+02  3.561E+02  1.459E-03 -1.029E+01  8.025E+07  3.073E-11  2.974E+10
  3.574E+02  3.587E+02  1.441E-03 -1.026E+01  8.028E+07  3.036E-11  3.011E+10
  3.600E+02  3.613E+02  1.424E-03 -1.023E+01  8.031E+07  3.000E-11  3.049E+10
  3.627E+02  3.640E+02  1.406E-03 -1.020E+01  8.033E+07  2.964E-11  3.087E+10
  3.653E+02  3.667E+02  1.389E-03 -1.017E+01  8.036E+07  2.929E-11  3.126E+10
  3.680E+02  3.694E+02  1.372E-03 -1.014E+01  8.038E+07  2.894E-11  3.166E+10
  3.707E+02  3.721E+02  1.355E-03 -1.011E+01  8.040E+07  2.859E-11  3.206E+10
  3.734E+02  3.748E+02  1.338E-03 -1.008E+01  8.043E+07  2.824E-11  3.246E+10
  3.762E+02  3.775E+02  1.322E-03 -1.005E+01  8.045E+07  2.790E-11  3.287E+10
  3.789E+02  3.803E+02  1.305E-03 -1.002E+01  8.047E+07  2.756E-11  3.329E+10
  3.817E+02  3.831E+02  1.289E-03 -9.990E+00  8.049E+07  2.723E-11  3.372E+10
  3.845E+02  3.859E+02  1.273E-03 -9.959E+00  8.052E+07  2.690E-11  3.415E+10
  3.873E+02  3.887E+02  1.257E-03 -9.929E+00  8.054E+07  2.657E-11  3.458E+10
  3.902E+02  3.916E+02  1.242E-03 -9.899E+00  8.056E+07  2.625E-11  3.502E+10
  3.930E+02  3.945E+02  1.226E-03 -9.870E+00  8.058E+07  2.593E-11  3.547E+10
  3.959E+02  3.973E+02  1.211E-03 -9.841E+00  8.060E+07  2.561E-11  3.593E+10
  3.988E+02  4.003E+02  1.196E-03 -9.812E+00  8.062E+07  2.529E-11  3.639E+10
  4.017E+02  4.032E+02  1.181E-03 -9.782E+00  8.064E+07  2.498E-11  3.686E+10
  4.047E+02  4.061E+02  1.166E-03 -9.752E+00  8.066E+07  2.467E-11  3.733E+10
  4.076E+02  4.091E+02  1.151E-03 -9.722E+00  8.068E+07  2.437E-11  3.781E+10
  4.106E+02  4.121E+02  1.137E-03 -9.693E+00  8.069E+07  2.407E-11  3.830E+10
  4.136E+02  4.151E+02  1.122E-03 -9.664E+00  8.071E+07  2.377E-11  3.879E+10
  4.166E+02  4.182E+02  1.108E-03 -9.635E+00  8.073E+07  2.347E-11  3.930E+10
  4.197E+02  4.212E+02  1.094E-03 -9.607E+00  8.075E+07  2.318E-11  3.981E+10
  4.228E+02  4.243E+02  1.080E-03 -9.577E+00  8.076E+07  2.289E-11  4.032E+10
  4.259E+02  4.274E+02  1.066E-03 -9.548E+00  8.078E+07  2.261E-11  4.085E+10
  4.290E+02  4.305E+02  1.053E-03 -9.518E+00  8.080E+07  2.232E-11  4.138E+10
  4.321E+02  4.337E+02  1.039E-03 -9.489E+00  8.081E+07  2.204E-11  4.192E+10
  4.353E+02  4.369E+02  1.026E-03 -9.460E+00  8.083E+07  2.176E-11  4.246E+10
  4.385E+02  4.401E+02  1.013E-03 -9.432E+00  8.084E+07  2.149E-11  4.302E+10
  4.417E+02  4.433E+02  1.000E-03 -9.404E+00  8.086E+07  2.122E-11  4.358E+10
  4.449E+02  4.465E+02  9.873E-04 -9.376E+00  8.087E+07  2.095E-11  4.415E+10
  4.481E+02  4.498E+02  9.746E-04 -9.346E+00  8.089E+07  2.069E-11  4.473E+10
  4.514E+02  4.531E+02  9.620E-04 -9.317E+00  8.090E+07  2.042E-11  4.532E+10
  4.547E+02  4.564E+02  9.497E-04 -9.288E+00  8.092E+07  2.016E-11  4.592E+10
  4.581E+02  4.597E+02  9.374E-04 -9.260E+00  8.093E+07  1.991E-11  4.652E+10
  4.614E+02  4.631E+02  9.253E-04 -9.233E+00  8.094E+07  1.965E-11  4.714E+10
  4.648E+02  4.665E+02  9.133E-04 -9.205E+00  8.096E+07  1.940E-11  4.776E+10
  4.682E+02  4.699E+02  9.015E-04 -9.176E+00  8.097E+07  1.915E-11  4.839E+10
  4.716E+02  4.733E+02  8.898E-04 -9.147E+00  8.098E+07  1.891E-11  4.903E+10
  4.750E+02  4.768E+02  8.782E-04 -9.118E+00  8.099E+07  1.866E-11  4.968E+10
  4.785E+02  4.803E+02  8.668E-04 -9.090E+00  8.101E+07  1.842E-11  5.034E+10
  4.820E+02  4.838E+02  8.555E-04 -9.063E+00  8.102E+07  1.819E-11  5.101E+10
  4.855E+02  4.873E+02  8.443E-04 -9.035E+00  8.103E+07  1.795E-11  5.169E+10
  4.891E+02  4.909E+02  8.333E-04 -9.007E+00  8.104E+07  1.772E-11  5.238E+10
  4.926E+02  4.944E+02  8.224E-04 -8.979E+00  8.105E+07  1.749E-11  5.308E+10
  4.962E+02  4.980E+02  8.116E-04 -8.950E+00  8.106E+07  1.726E-11  5.379E+10
  4.999E+02  5.017E+02  8.010E-04 -8.922E+00  8.107E+07  1.704E-11  5.451E+10
  5.035E+02  5.053E+02  7.904E-04 -8.894E+00  8.108E+07  1.682E-11  5.523E+10
  5.072E+02  5.090E+02  7.800E-04 -8.868E+00  8.109E+07  1.660E-11  5.598E+10
  5.109E+02  5.127E+02  7.698E-04 -8.840E+00  8.110E+07  1.638E-11  5.673E+10
  5.146E+02  5.165E+02  7.596E-04 -8.811E+00  8.111E+07  1.617E-11  5.749E+10
  5.184E+02  5.203E+02  7.496E-04 -8.783E+00  8.112E+07  1.596E-11  5.826E+10
  5.221E+02  5.241E+02  7.397E-04 -8.755E+00  8.113E+07  1.575E-11  5.905E+10
  5.260E+02  5.279E+02  7.299E-04 -8.728E+00  8.114E+07  1.554E-11  5.984E+10
  5.298E+02  5.317E+02  7.202E-04 -8.701E+00  8.115E+07  1.534E-11  6.065E+10
  5.337E+02  5.356E+02  7.106E-04 -8.674E+00  8.116E+07  1.513E-11  6.147E+10
  5.376E+02  5.395E+02  7.012E-04 -8.646E+00  8.117E+07  1.493E-11  6.230E+10
  5.415E+02  5.434E+02  6.919E-04 -8.617E+00  8.117E+07  1.474E-11  6.315E+10
  5.454E+02  5.474E+02  6.826E-04 -8.590E+00  8.118E+07  1.454E-11  6.400E+10
  5.494E+02  5.514E+02  6.735E-04 -8.563E+00  8.119E+07  1.435E-11  6.487E+10
  5.534E+02  5.554E+02  6.646E-04 -8.537E+00  8.120E+07  1.416E-11  6.575E+10
  5.574E+02  5.595E+02  6.557E-04 -8.509E+00  8.120E+07  1.397E-11  6.665E+10
  5.615E+02  5.635E+02  6.469E-04 -8.481E+00  8.121E+07  1.379E-11  6.756E+10
  5.656E+02  5.677E+02  6.382E-04 -8.453E+00  8.122E+07  1.360E-11  6.848E+10
  5.697E+02  5.718E+02  6.297E-04 -8.426E+00  8.122E+07  1.342E-11  6.941E+10
  5.739E+02  5.760E+02  6.212E-04 -8.400E+00  8.123E+07  1.324E-11  7.036E+10
  5.780E+02  5.802E+02  6.129E-04 -8.373E+00  8.124E+07  1.306E-11  7.132E+10
  5.823E+02  5.844E+02  6.046E-04 -8.345E+00  8.124E+07  1.289E-11  7.230E+10
  5.865E+02  5.886E+02  5.965E-04 -8.317E+00  8.125E+07  1.272E-11  7.329E+10
  5.908E+02  5.929E+02  5.884E-04 -8.290E+00  8.126E+07  1.255E-11  7.429E+10
  5.951E+02  5.972E+02  5.805E-04 -8.264E+00  8.126E+07  1.238E-11  7.531E+10
  5.994E+02  6.016E+02  5.727E-04 -8.238E+00  8.127E+07  1.221E-11  7.635E+10
  6.038E+02  6.060E+02  5.649E-04 -8.211E+00  8.127E+07  1.205E-11  7.740E+10
  6.082E+02  6.104E+02  5.573E-04 -8.183E+00  8.128E+07  1.188E-11  7.846E+10
  6.126E+02  6.148E+02  5.497E-04 -8.155E+00  8.128E+07  1.172E-11  7.954E+10
  6.171E+02  6.193E+02  5.423E-04 -8.130E+00  8.129E+07  1.157E-11  8.064E+10
  6.216E+02  6.238E+02  5.349E-04 -8.104E+00  8.129E+07  1.141E-11  8.175E+10
  6.261E+02  6.284E+02  5.276E-04 -8.077E+00  8.130E+07  1.126E-11  8.288E+10
  6.306E+02  6.329E+02  5.204E-04 -8.049E+00  8.130E+07  1.110E-11  8.403E+10
  6.352E+02  6.375E+02  5.134E-04 -8.022E+00  8.131E+07  1.095E-11  8.519E+10
  6.399E+02  6.422E+02  5.064E-04 -7.996E+00  8.131E+07  1.080E-11  8.637E+10
  6.445E+02  6.469E+02  4.995E-04 -7.971E+00  8.131E+07  1.066E-11  8.756E+10
  6.492E+02  6.516E+02  4.927E-04 -7.944E+00  8.132E+07  1.051E-11  8.878E+10
  6.539E+02  6.563E+02  4.859E-04 -7.915E+00  8.132E+07  1.037E-11  9.001E+10
  6.587E+02  6.611E+02  4.793E-04 -7.889E+00  8.133E+07  1.023E-11  9.126E+10
  6.635E+02  6.659E+02  4.727E-04 -7.864E+00  8.133E+07  1.009E-11  9.253E+10
  6.683E+02  6.707E+02  4.663E-04 -7.838E+00  8.133E+07  9.951E-12  9.381E+10
  6.732E+02  6.756E+02  4.599E-04 -7.811E+00  8.134E+07  9.815E-12  9.512E+10
  6.781E+02  6.805E+02  4.536E-04 -7.783E+00  8.134E+07  9.680E-12  9.644E+10
  6.830E+02  6.855E+02  4.473E-04 -7.757E+00  8.134E+07  9.548E-12  9.779E+10
  6.880E+02  6.905E+02  4.412E-04 -7.732E+00  8.135E+07  9.417E-12  9.915E+10
  6.930E+02  6.955E+02  4.351E-04 -7.706E+00  8.135E+07  9.288E-12  1.005E+11
  6.980E+02  7.005E+02  4.292E-04 -7.679E+00  8.135E+07  9.161E-12  1.019E+11
  7.031E+02  7.056E+02  4.232E-04 -7.651E+00  8.135E+07  9.035E-12  1.034E+11
  7.082E+02  7.108E+02  4.174E-04 -7.626E+00  8.136E+07  8.911E-12  1.048E+11
  7.133E+02  7.159E+02  4.117E-04 -7.602E+00  8.136E+07  8.788E-12  1.063E+11
  7.185E+02  7.211E+02  4.060E-04 -7.575E+00  8.136E+07  8.668E-12  1.078E+11
  7.238E+02  7.264E+02  4.004E-04 -7.547E+00  8.136E+07  8.548E-12  1.093E+11
  7.290E+02  7.317E+02  3.949E-04 -7.521E+00  8.136E+07  8.431E-12  1.108E+11
  7.343E+02  7.370E+02  3.894E-04 -7.497E+00  8.137E+07  8.314E-12  1.124E+11
  7.397E+02  7.423E+02  3.840E-04 -7.472E+00  8.137E+07  8.200E-12  1.139E+11
  7.450E+02  7.477E+02  3.787E-04 -7.444E+00  8.137E+07  8.086E-12  1.155E+11
  7.504E+02  7.532E+02  3.735E-04 -7.417E+00  8.137E+07  7.975E-12  1.171E+11
  7.559E+02  7.586E+02  3.683E-04 -7.393E+00  8.137E+07  7.865E-12  1.188E+11
  7.614E+02  7.642E+02  3.632E-04 -7.369E+00  8.138E+07  7.756E-12  1.205E+11
  7.669E+02  7.697E+02  3.582E-04 -7.341E+00  8.138E+07  7.649E-12  1.222E+11
  7.725E+02  7.753E+02  3.532E-04 -7.314E+00  8.138E+07  7.543E-12  1.239E+11
  7.781E+02  7.809E+02  3.483E-04 -7.290E+00  8.138E+07  7.438E-12  1.256E+11
  7.838E+02  7.866E+02  3.435E-04 -7.266E+00  8.138E+07  7.335E-12  1.274E+11
  7.894E+02  7.923E+02  3.387E-04 -7.239E+00  8.138E+07  7.234E-12  1.292E+11
  7.952E+02  7.981E+02  3.340E-04 -7.211E+00  8.138E+07  7.133E-12  1.310E+11
  8.010E+02  8.039E+02  3.294E-04 -7.187E+00  8.138E+07  7.034E-12  1.328E+11
  8.068E+02  8.097E+02  3.248E-04 -7.164E+00  8.138E+07  6.937E-12  1.347E+11
  8.126E+02  8.156E+02  3.203E-04 -7.137E+00  8.139E+07  6.840E-12  1.366E+11
  8.185E+02  8.215E+02  3.159E-04 -7.110E+00  8.139E+07  6.745E-12  1.385E+11
  8.245E+02  8.275E+02  3.115E-04 -7.085E+00  8.139E+07  6.652E-12  1.405E+11
  8.305E+02  8.335E+02  3.071E-04 -7.062E+00  8.139E+07  6.559E-12  1.425E+11
  8.365E+02  8.395E+02  3.029E-04 -7.036E+00  8.139E+07  6.468E-12  1.445E+11
  8.426E+02  8.456E+02  2.986E-04 -7.008E+00  8.139E+07  6.378E-12  1.465E+11
  8.487E+02  8.518E+02  2.945E-04 -6.984E+00  8.139E+07  6.289E-12  1.486E+11
  8.548E+02  8.579E+02  2.904E-04 -6.961E+00  8.139E+07  6.202E-12  1.507E+11
  8.610E+02  8.642E+02  2.863E-04 -6.934E+00  8.139E+07  6.115E-12  1.528E+11
  8.673E+02  8.704E+02  2.824E-04 -6.907E+00  8.139E+07  6.030E-12  1.550E+11
  8.736E+02  8.768E+02  2.784E-04 -6.885E+00  8.139E+07  5.946E-12  1.572E+11
  8.799E+02  8.831E+02  2.745E-04 -6.861E+00  8.139E+07  5.863E-12  1.594E+11
  8.863E+02  8.895E+02  2.707E-04 -6.834E+00  8.139E+07  5.782E-12  1.616E+11
  8.927E+02  8.960E+02  2.669E-04 -6.808E+00  8.139E+07  5.701E-12  1.639E+11
  8.992E+02  9.025E+02  2.632E-04 -6.786E+00  8.139E+07  5.622E-12  1.662E+11
  9.058E+02  9.090E+02  2.596E-04 -6.761E+00  8.139E+07  5.543E-12  1.686E+11
  9.123E+02  9.156E+02  2.559E-04 -6.733E+00  8.139E+07  5.466E-12  1.710E+11
  9.189E+02  9.223E+02  2.524E-04 -6.710E+00  8.139E+07  5.390E-12  1.734E+11
  9.256E+02  9.290E+02  2.489E-04 -6.688E+00  8.139E+07  5.315E-12  1.758E+11
  9.323E+02  9.357E+02  2.454E-04 -6.661E+00  8.139E+07  5.241E-12  1.783E+11
  9.391E+02  9.425E+02  2.420E-04 -6.634E+00  8.139E+07  5.167E-12  1.808E+11
  9.459E+02  9.493E+02  2.386E-04 -6.613E+00  8.139E+07  5.095E-12  1.834E+11
  9.528E+02  9.562E+02  2.353E-04 -6.589E+00  8.139E+07  5.024E-12  1.860E+11
  9.597E+02  9.631E+02  2.320E-04 -6.561E+00  8.139E+07  4.954E-12  1.886E+11
  9.666E+02  9.701E+02  2.288E-04 -6.538E+00  8.139E+07  4.885E-12  1.913E+11
  9.736E+02  9.772E+02  2.256E-04 -6.517E+00  8.138E+07  4.817E-12  1.940E+11
  9.807E+02  9.843E+02  2.224E-04 -6.489E+00  8.138E+07  4.750E-12  1.967E+11
  9.878E+02  9.914E+02  2.193E-04 -6.463E+00  8.138E+07  4.684E-12  1.995E+11
  9.950E+02  9.986E+02  2.163E-04 -6.443E+00  8.138E+07  4.618E-12  2.023E+11
  1.002E+03  1.006E+03  2.133E-04 -6.418E+00  8.138E+07  4.554E-12  2.052E+11
  1.009E+03  1.013E+03  2.103E-04 -6.390E+00  8.138E+07  4.491E-12  2.081E+11
  1.017E+03  1.020E+03  2.074E-04 -6.370E+00  8.138E+07  4.428E-12  2.110E+11
  1.024E+03  1.028E+03  2.045E-04 -6.347E+00  8.138E+07  4.366E-12  2.140E+11
  1.032E+03  1.035E+03  2.016E-04 -6.319E+00  8.138E+07  4.306E-12  2.170E+11
  1.039E+03  1.043E+03  1.988E-04 -6.296E+00  8.138E+07  4.246E-12  2.201E+11
  1.047E+03  1.050E+03  1.961E-04 -6.276E+00  8.138E+07  4.187E-12  2.232E+11
  1.054E+03  1.058E+03  1.933E-04 -6.248E+00  8.138E+07  4.128E-12  2.263E+11
  1.062E+03  1.066E+03  1.906E-04 -6.224E+00  8.137E+07  4.071E-12  2.295E+11
  1.069E+03  1.073E+03  1.880E-04 -6.205E+00  8.137E+07  4.014E-12  2.327E+11
  1.077E+03  1.081E+03  1.854E-04 -6.177E+00  8.137E+07  3.958E-12  2.360E+11
  1.085E+03  1.089E+03  1.828E-04 -6.152E+00  8.137E+07  3.903E-12  2.393E+11
  1.093E+03  1.097E+03  1.803E-04 -6.134E+00  8.137E+07  3.849E-12  2.427E+11
  1.101E+03  1.105E+03  1.778E-04 -6.107E+00  8.137E+07  3.796E-12  2.461E+11
  1.109E+03  1.113E+03  1.753E-04 -6.081E+00  8.137E+07  3.743E-12  2.496E+11
  1.117E+03  1.121E+03  1.729E-04 -6.064E+00  8.137E+07  3.691E-12  2.531E+11
  1.125E+03  1.129E+03  1.705E-04 -6.037E+00  8.136E+07  3.640E-12  2.566E+11
  1.133E+03  1.137E+03  1.681E-04 -6.011E+00  8.136E+07  3.589E-12  2.602E+11
  1.141E+03  1.145E+03  1.658E-04 -5.995E+00  8.136E+07  3.540E-12  2.639E+11
  1.150E+03  1.154E+03  1.635E-04 -5.967E+00  8.136E+07  3.490E-12  2.676E+11
  1.158E+03  1.162E+03  1.612E-04 -5.942E+00  8.136E+07  3.442E-12  2.713E+11
  1.166E+03  1.170E+03  1.590E-04 -5.926E+00  8.136E+07  3.394E-12  2.751E+11
  1.175E+03  1.179E+03  1.568E-04 -5.897E+00  8.136E+07  3.347E-12  2.790E+11
  1.183E+03  1.188E+03  1.546E-04 -5.874E+00  8.136E+07  3.301E-12  2.829E+11
  1.192E+03  1.196E+03  1.525E-04 -5.857E+00  8.135E+07  3.256E-12  2.869E+11
  1.200E+03  1.205E+03  1.504E-04 -5.827E+00  8.135E+07  3.211E-12  2.909E+11
  1.209E+03  1.213E+03  1.483E-04 -5.807E+00  8.135E+07  3.166E-12  2.949E+11
  1.218E+03  1.222E+03  1.463E-04 -5.789E+00  8.135E+07  3.123E-12  2.991E+11
  1.227E+03  1.231E+03  1.443E-04 -5.757E+00  8.135E+07  3.080E-12  3.032E+11
  1.236E+03  1.240E+03  1.423E-04 -5.742E+00  8.135E+07  3.037E-12  3.075E+11
  1.245E+03  1.249E+03  1.403E-04 -5.719E+00  8.135E+07  2.995E-12  3.117E+11
  1.254E+03  1.258E+03  1.384E-04 -5.689E+00  8.134E+07  2.954E-12  3.161E+11
  1.263E+03  1.267E+03  1.365E-04 -5.677E+00  8.134E+07  2.913E-12  3.205E+11
  1.272E+03  1.276E+03  1.346E-04 -5.648E+00  8.134E+07  2.873E-12  3.249E+11
  1.281E+03  1.286E+03  1.328E-04 -5.625E+00  8.134E+07  2.834E-12  3.294E+11
  1.290E+03  1.295E+03  1.310E-04 -5.611E+00  8.134E+07  2.795E-12  3.340E+11
  1.300E+03  1.304E+03  1.292E-04 -5.577E+00  8.134E+07  2.757E-12  3.387E+11
  1.309E+03  1.314E+03  1.274E-04 -5.564E+00  8.133E+07  2.719E-12  3.433E+11
  1.318E+03  1.323E+03  1.257E-04 -5.541E+00  8.133E+07  2.682E-12  3.481E+11
  1.328E+03  1.333E+03  1.239E-04 -5.511E+00  8.133E+07  2.645E-12  3.529E+11
  1.338E+03  1.342E+03  1.222E-04 -5.503E+00  8.133E+07  2.609E-12  3.578E+11
  1.347E+03  1.352E+03  1.206E-04 -5.468E+00  8.133E+07  2.573E-12  3.627E+11
  1.357E+03  1.362E+03  1.189E-04 -5.454E+00  8.133E+07  2.538E-12  3.677E+11
  1.367E+03  1.372E+03  1.173E-04 -5.434E+00  8.132E+07  2.504E-12  3.728E+11
  1.377E+03  1.382E+03  1.157E-04 -5.402E+00  8.132E+07  2.469E-12  3.780E+11
  1.387E+03  1.392E+03  1.142E-04 -5.396E+00  8.132E+07  2.436E-12  3.832E+11
  1.397E+03  1.402E+03  1.126E-04 -5.359E+00  8.132E+07  2.403E-12  3.884E+11
  1.407E+03  1.412E+03  1.111E-04 -5.347E+00  8.132E+07  2.370E-12  3.938E+11
  1.417E+03  1.422E+03  1.096E-04 -5.325E+00  8.132E+07  2.338E-12  3.992E+11
  1.427E+03  1.432E+03  1.081E-04 -5.296E+00  8.131E+07  2.306E-12  4.046E+11
  1.438E+03  1.443E+03  1.066E-04 -5.290E+00  8.131E+07  2.275E-12  4.102E+11
  1.448E+03  1.453E+03  1.052E-04 -5.250E+00  8.131E+07  2.244E-12  4.158E+11
  1.458E+03  1.464E+03  1.038E-04 -5.247E+00  8.131E+07  2.214E-12  4.215E+11
  1.469E+03  1.474E+03  1.024E-04 -5.213E+00  8.131E+07  2.184E-12  4.272E+11
  1.480E+03  1.485E+03  1.010E-04 -5.198E+00  8.131E+07  2.155E-12  4.330E+11
  1.490E+03  1.496E+03  9.963E-05 -5.181E+00  8.130E+07  2.125E-12  4.389E+11
  1.501E+03  1.507E+03  9.829E-05 -5.148E+00  8.130E+07  2.097E-12  4.449E+11
  1.512E+03  1.517E+03  9.697E-05 -5.147E+00  8.130E+07  2.069E-12  4.510E+11
  1.523E+03  1.528E+03  9.567E-05 -5.103E+00  8.130E+07  2.041E-12  4.571E+11
  1.534E+03  1.539E+03  9.439E-05 -5.108E+00  8.130E+07  2.014E-12  4.633E+11
  1.545E+03  1.551E+03  9.313E-05 -5.064E+00  8.130E+07  1.987E-12  4.696E+11
  1.556E+03  1.562E+03  9.188E-05 -5.064E+00  8.129E+07  1.960E-12  4.759E+11
  1.567E+03  1.573E+03  9.066E-05 -5.029E+00  8.129E+07  1.934E-12  4.823E+11
  1.579E+03  1.585E+03  8.945E-05 -5.017E+00  8.129E+07  1.908E-12  4.888E+11
  1.590E+03  1.596E+03  8.826E-05 -4.996E+00  8.129E+07  1.883E-12  4.954E+11
  1.602E+03  1.608E+03  8.709E-05 -4.971E+00  8.129E+07  1.858E-12  5.021E+11
  1.613E+03  1.619E+03  8.593E-05 -4.963E+00  8.128E+07  1.833E-12  5.089E+11
  1.625E+03  1.631E+03  8.479E-05 -4.926E+00  8.128E+07  1.808E-12  5.157E+11
  1.637E+03  1.643E+03  8.367E-05 -4.930E+00  8.128E+07  1.784E-12  5.226E+11
  1.649E+03  1.655E+03  8.256E-05 -4.883E+00  8.128E+07  1.761E-12  5.296E+11
  1.660E+03  1.666E+03  8.147E-05 -4.895E+00  8.128E+07  1.738E-12  5.367E+11
  1.672E+03  1.679E+03  8.039E-05 -4.842E+00  8.128E+07  1.715E-12  5.439E+11
  1.685E+03  1.691E+03  7.933E-05 -4.860E+00  8.127E+07  1.692E-12  5.511E+11
  1.697E+03  1.703E+03  7.829E-05 -4.802E+00  8.127E+07  1.670E-12  5.584E+11
  1.709E+03  1.715E+03  7.726E-05 -4.825E+00  8.127E+07  1.648E-12  5.659E+11
  1.721E+03  1.728E+03  7.625E-05 -4.763E+00  8.127E+07  1.626E-12  5.734E+11
  1.734E+03  1.740E+03  7.525E-05 -4.790E+00  8.127E+07  1.605E-12  5.810E+11
  1.746E+03  1.753E+03  7.427E-05 -4.726E+00  8.127E+07  1.584E-12  5.887E+11
  1.759E+03  1.765E+03  7.330E-05 -4.756E+00  8.126E+07  1.563E-12  5.965E+11
  1.772E+03  1.778E+03  7.234E-05 -4.690E+00  8.126E+07  1.543E-12  6.043E+11
  1.784E+03  1.791E+03  7.140E-05 -4.721E+00  8.126E+07  1.522E-12  6.123E+11
  1.797E+03  1.804E+03  7.047E-05 -4.658E+00  8.126E+07  1.503E-12  6.204E+11
  1.810E+03  1.817E+03  6.955E-05 -4.684E+00  8.126E+07  1.483E-12  6.285E+11
  1.823E+03  1.830E+03  6.865E-05 -4.631E+00  8.126E+07  1.464E-12  6.368E+11
  1.837E+03  1.843E+03  6.776E-05 -4.644E+00  8.125E+07  1.445E-12  6.451E+11
  1.850E+03  1.857E+03  6.689E-05 -4.614E+00  8.125E+07  1.426E-12  6.535E+11
  1.863E+03  1.870E+03  6.602E-05 -4.597E+00  8.125E+07  1.408E-12  6.621E+11
  1.877E+03  1.884E+03  6.517E-05 -4.606E+00  8.125E+07  1.390E-12  6.707E+11
  1.890E+03  1.897E+03  6.433E-05 -4.547E+00  8.125E+07  1.372E-12  6.795E+11
  1.904E+03  1.911E+03  6.351E-05 -4.600E+00  8.125E+07  1.354E-12  6.883E+11
  1.918E+03  1.925E+03  6.269E-05 -4.504E+00  8.124E+07  1.337E-12  6.972E+11
  1.932E+03  1.939E+03  6.189E-05 -4.582E+00  8.124E+07  1.319E-12  7.063E+11
  1.946E+03  1.953E+03  6.110E-05 -4.488E+00  8.124E+07  1.303E-12  7.154E+11
  1.960E+03  1.967E+03  6.032E-05 -4.535E+00  8.123E+07  1.286E-12  7.246E+11
  1.974E+03  1.981E+03  5.955E-05 -4.509E+00  8.124E+07  1.269E-12  7.340E+11
  1.988E+03  1.995E+03  5.879E-05 -4.463E+00  8.123E+07  1.253E-12  7.434E+11
  2.002E+03  2.010E+03  5.805E-05 -4.545E+00  8.123E+07  1.237E-12  7.530E+11
  2.017E+03  2.024E+03  5.731E-05 -4.417E+00  8.123E+07  1.222E-12  7.626E+11
  2.031E+03  2.039E+03  5.658E-05 -4.530E+00  8.122E+07  1.206E-12  7.724E+11
  2.046E+03  2.054E+03  5.587E-05 -4.458E+00  8.123E+07  1.191E-12  7.822E+11
  2.061E+03  2.068E+03  5.516E-05 -4.441E+00  8.122E+07  1.176E-12  7.923E+11
  2.076E+03  2.083E+03  5.447E-05 -4.551E+00  8.122E+07  1.161E-12  8.023E+11
  2.091E+03  2.098E+03  5.379E-05 -4.393E+00  8.122E+07  1.146E-12  8.125E+11
  2.106E+03  2.113E+03  5.311E-05 -4.536E+00  8.121E+07  1.132E-12  8.229E+11
  2.121E+03  2.129E+03  5.245E-05 -4.520E+00  8.121E+07  1.118E-12  8.332E+11
  2.136E+03  2.144E+03  5.179E-05 -4.412E+00  8.121E+07  1.104E-12  8.438E+11
  2.152E+03  2.160E+03  5.114E-05 -4.637E+00  8.120E+07  1.090E-12  8.545E+11
  2.167E+03  2.175E+03  5.051E-05 -4.504E+00  8.121E+07  1.076E-12  8.652E+11
  2.183E+03  2.191E+03  4.987E-05 -4.493E+00  8.120E+07  1.063E-12  8.761E+11
  2.199E+03  2.207E+03  4.925E-05 -4.750E+00  8.119E+07  1.049E-12  8.871E+11
  2.215E+03  2.223E+03  4.865E-05 -4.547E+00  8.120E+07  1.037E-12  8.982E+11
  2.231E+03  2.239E+03  4.804E-05 -4.598E+00  8.118E+07  1.023E-12  9.095E+11
  2.247E+03  2.255E+03  4.745E-05 -4.920E+00  8.118E+07  1.011E-12  9.209E+11
  2.263E+03  2.271E+03  4.687E-05 -4.691E+00  8.119E+07  9.985E-13  9.322E+11
  2.279E+03  2.288E+03  4.628E-05 -4.714E+00  8.117E+07  9.857E-13  9.439E+11
  2.296E+03  2.304E+03  4.571E-05 -5.198E+00  8.116E+07  9.733E-13  9.557E+11
  2.312E+03  2.321E+03  4.516E-05 -5.069E+00  8.117E+07  9.618E-13  9.674E+11
  2.329E+03  2.338E+03  4.460E-05 -4.907E+00  8.115E+07  9.497E-13  9.795E+11
  2.346E+03  2.354E+03  4.403E-05 -5.560E+00  8.112E+07  9.373E-13  9.918E+11
  2.363E+03  2.371E+03  4.350E-05 -5.910E+00  8.112E+07  9.260E-13  1.004E+12
  2.380E+03  2.389E+03  4.298E-05 -5.514E+00  8.113E+07  9.150E-13  1.016E+12
  2.397E+03  2.406E+03  4.243E-05 -5.793E+00  8.109E+07  9.030E-13  1.029E+12
  2.414E+03  2.423E+03  4.189E-05 -6.875E+00  8.106E+07  8.911E-13  1.042E+12
  2.432E+03  2.441E+03  4.140E-05 -7.095E+00  8.107E+07  8.808E-13  1.054E+12
  2.449E+03  2.458E+03  4.093E-05 -6.281E+00  8.109E+07  8.709E-13  1.067E+12
  2.467E+03  2.476E+03  4.041E-05 -6.238E+00  8.106E+07  8.596E-13  1.080E+12
  2.485E+03  2.494E+03  3.989E-05 -7.530E+00  8.100E+07  8.478E-13  1.094E+12
  2.503E+03  2.512E+03  3.942E-05 -8.348E+00  8.101E+07  8.378E-13  1.107E+12
  2.521E+03  2.530E+03  3.901E-05 -7.094E+00  8.109E+07  8.299E-13  1.119E+12
  2.539E+03  2.548E+03  3.860E-05 -4.758E+00  8.116E+07  8.219E-13  1.132E+12
  2.557E+03  2.567E+03  3.812E-05 -3.874E+00  8.114E+07  8.117E-13  1.146E+12
  2.576E+03  2.585E+03  3.758E-05 -5.808E+00  8.101E+07  7.989E-13  1.161E+12
  2.595E+03  2.604E+03  3.701E-05 -9.884E+00  8.082E+07  7.850E-13  1.177E+12
  2.613E+03  2.623E+03  3.646E-05 -1.444E+01  8.065E+07  7.716E-13  1.193E+12
  2.632E+03  2.642E+03  3.596E-05 -1.801E+01  8.053E+07  7.599E-13  1.209E+12
  2.651E+03  2.661E+03  3.551E-05 -1.996E+01  8.047E+07  7.498E-13  1.224E+12
  2.670E+03  2.680E+03  3.510E-05 -2.040E+01  8.047E+07  7.410E-13  1.238E+12
  2.690E+03  2.699E+03  3.471E-05 -1.980E+01  8.049E+07  7.331E-13  1.252E+12
  2.709E+03  2.719E+03  3.434E-05 -1.860E+01  8.054E+07  7.257E-13  1.266E+12
  2.729E+03  2.738E+03  3.397E-05 -1.716E+01  8.059E+07  7.185E-13  1.280E+12
  2.748E+03  2.758E+03  3.362E-05 -1.568E+01  8.064E+07  7.113E-13  1.294E+12
  2.768E+03  2.778E+03  3.326E-05 -1.429E+01  8.069E+07  7.042E-13  1.309E+12
  2.788E+03  2.798E+03  3.290E-05 -1.303E+01  8.073E+07  6.970E-13  1.323E+12
  2.808E+03  2.818E+03  3.255E-05 -1.192E+01  8.076E+07  6.898E-13  1.338E+12
  2.828E+03  2.839E+03  3.220E-05 -1.095E+01  8.079E+07  6.825E-13  1.353E+12
  2.849E+03  2.859E+03  3.184E-05 -1.010E+01  8.082E+07  6.753E-13  1.368E+12
  2.869E+03  2.880E+03  3.150E-05 -9.352E+00  8.085E+07  6.681E-13  1.384E+12
  2.890E+03  2.901E+03  3.115E-05 -8.689E+00  8.087E+07  6.610E-13  1.399E+12
  2.911E+03  2.921E+03  3.081E-05 -8.096E+00  8.089E+07  6.539E-13  1.415E+12
  2.932E+03  2.943E+03  3.047E-05 -7.561E+00  8.090E+07  6.468E-13  1.431E+12
  2.953E+03  2.964E+03  3.013E-05 -7.075E+00  8.092E+07  6.398E-13  1.447E+12
  2.974E+03  2.985E+03  2.980E-05 -6.631E+00  8.093E+07  6.329E-13  1.463E+12
  2.996E+03  3.007E+03  2.948E-05 -6.225E+00  8.095E+07  6.261E-13  1.480E+12
  3.018E+03  3.028E+03  2.915E-05 -5.852E+00  8.096E+07  6.193E-13  1.496E+12
  3.039E+03  3.050E+03  2.883E-05 -5.510E+00  8.097E+07  6.126E-13  1.513E+12
  3.061E+03  3.072E+03  2.852E-05 -5.194E+00  8.098E+07  6.059E-13  1.530E+12
  3.083E+03  3.094E+03  2.820E-05 -4.903E+00  8.099E+07  5.993E-13  1.547E+12
  3.106E+03  3.117E+03  2.789E-05 -4.634E+00  8.100E+07  5.928E-13  1.564E+12
  3.128E+03  3.139E+03  2.759E-05 -4.385E+00  8.100E+07  5.864E-13  1.582E+12
  3.151E+03  3.162E+03  2.729E-05 -4.154E+00  8.101E+07  5.801E-13  1.599E+12
  3.173E+03  3.185E+03  2.699E-05 -3.940E+00  8.102E+07  5.738E-13  1.617E+12
  3.196E+03  3.208E+03  2.670E-05 -3.742E+00  8.102E+07  5.676E-13  1.635E+12
  3.219E+03  3.231E+03  2.641E-05 -3.557E+00  8.103E+07  5.615E-13  1.653E+12
  3.242E+03  3.254E+03  2.612E-05 -3.385E+00  8.104E+07  5.554E-13  1.671E+12
  3.266E+03  3.278E+03  2.584E-05 -3.225E+00  8.104E+07  5.495E-13  1.689E+12
  3.289E+03  3.301E+03  2.556E-05 -3.075E+00  8.105E+07  5.436E-13  1.708E+12
  3.313E+03  3.325E+03  2.528E-05 -2.935E+00  8.105E+07  5.377E-13  1.726E+12
  3.337E+03  3.349E+03  2.501E-05 -2.804E+00  8.106E+07  5.320E-13  1.745E+12
  3.361E+03  3.373E+03  2.474E-05 -2.681E+00  8.106E+07  5.263E-13  1.764E+12
  3.385E+03  3.398E+03  2.448E-05 -2.566E+00  8.106E+07  5.207E-13  1.783E+12
  3.410E+03  3.422E+03  2.422E-05 -2.457E+00  8.107E+07  5.152E-13  1.803E+12
  3.434E+03  3.447E+03  2.396E-05 -2.356E+00  8.107E+07  5.097E-13  1.822E+12
  3.459E+03  3.472E+03  2.371E-05 -2.260E+00  8.107E+07  5.043E-13  1.842E+12
  3.484E+03  3.497E+03  2.346E-05 -2.169E+00  8.108E+07  4.990E-13  1.861E+12
  3.509E+03  3.522E+03  2.321E-05 -2.084E+00  8.108E+07  4.937E-13  1.881E+12
  3.535E+03  3.547E+03  2.296E-05 -2.003E+00  8.108E+07  4.885E-13  1.901E+12
  3.560E+03  3.573E+03  2.272E-05 -1.927E+00  8.108E+07  4.834E-13  1.922E+12
  3.586E+03  3.599E+03  2.248E-05 -1.854E+00  8.109E+07  4.784E-13  1.942E+12
  3.612E+03  3.625E+03  2.225E-05 -1.786E+00  8.109E+07  4.734E-13  1.963E+12
  3.638E+03  3.651E+03  2.202E-05 -1.721E+00  8.109E+07  4.685E-13  1.983E+12
  3.664E+03  3.677E+03  2.179E-05 -1.659E+00  8.109E+07  4.636E-13  2.004E+12
  3.690E+03  3.704E+03  2.156E-05 -1.600E+00  8.110E+07  4.588E-13  2.025E+12
  3.717E+03  3.730E+03  2.134E-05 -1.545E+00  8.110E+07  4.541E-13  2.046E+12
  3.744E+03  3.757E+03  2.112E-05 -1.491E+00  8.110E+07  4.494E-13  2.068E+12
  3.771E+03  3.784E+03  2.090E-05 -1.441E+00  8.110E+07  4.448E-13  2.089E+12
  3.798E+03  3.812E+03  2.068E-05 -1.393E+00  8.110E+07  4.402E-13  2.111E+12
  3.825E+03  3.839E+03  2.047E-05 -1.346E+00  8.111E+07  4.357E-13  2.133E+12
  3.853E+03  3.867E+03  2.026E-05 -1.302E+00  8.111E+07  4.313E-13  2.155E+12
  3.881E+03  3.895E+03  2.006E-05 -1.260E+00  8.111E+07  4.269E-13  2.177E+12
  3.909E+03  3.923E+03  1.985E-05 -1.220E+00  8.111E+07  4.226E-13  2.199E+12
  3.937E+03  3.951E+03  1.965E-05 -1.182E+00  8.111E+07  4.183E-13  2.222E+12
  3.965E+03  3.980E+03  1.946E-05 -1.145E+00  8.111E+07  4.141E-13  2.245E+12
  3.994E+03  4.008E+03  1.926E-05 -1.109E+00  8.111E+07  4.099E-13  2.267E+12
  4.023E+03  4.037E+03  1.907E-05 -1.076E+00  8.112E+07  4.058E-13  2.290E+12
  4.052E+03  4.066E+03  1.888E-05 -1.043E+00  8.112E+07  4.018E-13  2.314E+12
  4.081E+03  4.096E+03  1.869E-05 -1.012E+00  8.112E+07  3.978E-13  2.337E+12
  4.110E+03  4.125E+03  1.850E-05 -9.819E-01  8.112E+07  3.938E-13  2.360E+12
  4.140E+03  4.155E+03  1.832E-05 -9.531E-01  8.112E+07  3.899E-13  2.384E+12
  4.170E+03  4.185E+03  1.814E-05 -9.254E-01  8.112E+07  3.861E-13  2.408E+12
  4.200E+03  4.215E+03  1.796E-05 -8.987E-01  8.112E+07  3.823E-13  2.432E+12
  4.230E+03  4.246E+03  1.778E-05 -8.731E-01  8.112E+07  3.785E-13  2.456E+12
  4.261E+03  4.276E+03  1.761E-05 -8.484E-01  8.113E+07  3.748E-13  2.480E+12
  4.292E+03  4.307E+03  1.744E-05 -8.246E-01  8.113E+07  3.712E-13  2.505E+12
  4.323E+03  4.338E+03  1.727E-05 -8.017E-01  8.113E+07  3.676E-13  2.529E+12
  4.354E+03  4.369E+03  1.710E-05 -7.796E-01  8.113E+07  3.640E-13  2.554E+12
  4.385E+03  4.401E+03  1.693E-05 -7.583E-01  8.113E+07  3.605E-13  2.579E+12
  4.417E+03  4.433E+03  1.677E-05 -7.377E-01  8.113E+07  3.570E-13  2.604E+12
  4.449E+03  4.465E+03  1.661E-05 -7.179E-01  8.113E+07  3.536E-13  2.630E+12
  4.481E+03  4.497E+03  1.645E-05 -6.987E-01  8.113E+07  3.502E-13  2.655E+12
  4.513E+03  4.529E+03  1.629E-05 -6.802E-01  8.113E+07  3.469E-13  2.681E+12
  4.546E+03  4.562E+03  1.614E-05 -6.623E-01  8.113E+07  3.436E-13  2.707E+12
  4.578E+03  4.595E+03  1.598E-05 -6.449E-01  8.113E+07  3.403E-13  2.732E+12
  4.611E+03  4.628E+03  1.583E-05 -6.282E-01  8.114E+07  3.371E-13  2.759E+12
  4.645E+03  4.661E+03  1.568E-05 -6.120E-01  8.114E+07  3.339E-13  2.785E+12
  4.678E+03  4.695E+03  1.554E-05 -5.963E-01  8.114E+07  3.308E-13  2.811E+12
  4.712E+03  4.729E+03  1.539E-05 -5.812E-01  8.114E+07  3.277E-13  2.838E+12
  4.746E+03  4.763E+03  1.525E-05 -5.665E-01  8.114E+07  3.246E-13  2.865E+12
  4.780E+03  4.797E+03  1.510E-05 -5.523E-01  8.114E+07  3.216E-13  2.892E+12
  4.814E+03  4.832E+03  1.496E-05 -5.385E-01  8.114E+07  3.186E-13  2.919E+12
  4.849E+03  4.867E+03  1.483E-05 -5.251E-01  8.114E+07  3.157E-13  2.946E+12
  4.884E+03  4.902E+03  1.469E-05 -5.122E-01  8.114E+07  3.128E-13  2.973E+12
  4.919E+03  4.937E+03  1.455E-05 -4.996E-01  8.114E+07  3.099E-13  3.001E+12
  4.955E+03  4.973E+03  1.442E-05 -4.874E-01  8.114E+07  3.071E-13  3.029E+12
  4.991E+03  5.009E+03  1.429E-05 -4.756E-01  8.114E+07  3.043E-13  3.057E+12
  5.027E+03  5.045E+03  1.416E-05 -4.642E-01  8.114E+07  3.015E-13  3.085E+12
  5.063E+03  5.081E+03  1.403E-05 -4.530E-01  8.114E+07  2.988E-13  3.113E+12
  5.099E+03  5.118E+03  1.390E-05 -4.422E-01  8.114E+07  2.961E-13  3.141E+12
  5.136E+03  5.155E+03  1.378E-05 -4.317E-01  8.115E+07  2.934E-13  3.170E+12
  5.173E+03  5.192E+03  1.366E-05 -4.215E-01  8.115E+07  2.908E-13  3.199E+12
  5.210E+03  5.229E+03  1.353E-05 -4.116E-01  8.115E+07  2.882E-13  3.228E+12
  5.248E+03  5.267E+03  1.341E-05 -4.020E-01  8.115E+07  2.856E-13  3.257E+12
  5.286E+03  5.305E+03  1.329E-05 -3.927E-01  8.115E+07  2.831E-13  3.286E+12
  5.324E+03  5.343E+03  1.318E-05 -3.836E-01  8.115E+07  2.806E-13  3.315E+12
  5.362E+03  5.382E+03  1.306E-05 -3.747E-01  8.115E+07  2.781E-13  3.345E+12
  5.401E+03  5.420E+03  1.294E-05 -3.662E-01  8.115E+07  2.756E-13  3.374E+12
  5.440E+03  5.459E+03  1.283E-05 -3.578E-01  8.115E+07  2.732E-13  3.404E+12
  5.479E+03  5.499E+03  1.272E-05 -3.497E-01  8.115E+07  2.708E-13  3.434E+12
  5.519E+03  5.538E+03  1.261E-05 -3.418E-01  8.115E+07  2.685E-13  3.464E+12
  5.558E+03  5.578E+03  1.250E-05 -3.341E-01  8.115E+07  2.662E-13  3.495E+12
  5.598E+03  5.619E+03  1.239E-05 -3.266E-01  8.115E+07  2.639E-13  3.525E+12
  5.639E+03  5.659E+03  1.228E-05 -3.193E-01  8.115E+07  2.616E-13  3.556E+12
  5.679E+03  5.700E+03  1.218E-05 -3.122E-01  8.115E+07  2.593E-13  3.587E+12
  5.720E+03  5.741E+03  1.207E-05 -3.052E-01  8.115E+07  2.571E-13  3.618E+12
  5.762E+03  5.782E+03  1.197E-05 -2.985E-01  8.115E+07  2.549E-13  3.649E+12
  5.803E+03  5.824E+03  1.187E-05 -2.919E-01  8.115E+07  2.528E-13  3.680E+12
  5.845E+03  5.866E+03  1.177E-05 -2.856E-01  8.115E+07  2.506E-13  3.711E+12
  5.887E+03  5.908E+03  1.167E-05 -2.793E-01  8.115E+07  2.485E-13  3.743E+12
  5.930E+03  5.951E+03  1.157E-05 -2.733E-01  8.116E+07  2.464E-13  3.775E+12
  5.972E+03  5.994E+03  1.148E-05 -2.673E-01  8.116E+07  2.444E-13  3.807E+12
  6.015E+03  6.037E+03  1.138E-05 -2.616E-01  8.116E+07  2.423E-13  3.839E+12
  6.059E+03  6.081E+03  1.129E-05 -2.559E-01  8.116E+07  2.403E-13  3.871E+12
  6.102E+03  6.124E+03  1.119E-05 -2.505E-01  8.116E+07  2.383E-13  3.903E+12
  6.146E+03  6.168E+03  1.110E-05 -2.451E-01  8.116E+07  2.364E-13  3.936E+12
  6.191E+03  6.213E+03  1.101E-05 -2.399E-01  8.116E+07  2.344E-13  3.968E+12
  6.235E+03  6.258E+03  1.092E-05 -2.348E-01  8.116E+07  2.325E-13  4.001E+12
  6.280E+03  6.303E+03  1.083E-05 -2.299E-01  8.116E+07  2.306E-13  4.034E+12
  6.325E+03  6.348E+03  1.074E-05 -2.250E-01  8.116E+07  2.287E-13  4.067E+12
  6.371E+03  6.394E+03  1.065E-05 -2.203E-01  8.116E+07  2.269E-13  4.100E+12
  6.417E+03  6.440E+03  1.057E-05 -2.157E-01  8.116E+07  2.251E-13  4.134E+12
  6.463E+03  6.487E+03  1.048E-05 -2.112E-01  8.116E+07  2.232E-13  4.167E+12
  6.510E+03  6.533E+03  1.040E-05 -2.068E-01  8.116E+07  2.215E-13  4.201E+12
  6.557E+03  6.580E+03  1.032E-05 -2.025E-01  8.116E+07  2.197E-13  4.235E+12
  6.604E+03  6.628E+03  1.023E-05 -1.984E-01  8.116E+07  2.179E-13  4.269E+12
  6.652E+03  6.676E+03  1.015E-05 -1.943E-01  8.116E+07  2.162E-13  4.303E+12
  6.700E+03  6.724E+03  1.007E-05 -1.904E-01  8.116E+07  2.145E-13  4.337E+12
  6.748E+03  6.772E+03  9.993E-06 -1.865E-01  8.116E+07  2.128E-13  4.372E+12
  6.796E+03  6.821E+03  9.915E-06 -1.827E-01  8.116E+07  2.112E-13  4.406E+12
  6.845E+03  6.870E+03  9.837E-06 -1.791E-01  8.116E+07  2.095E-13  4.441E+12
  6.895E+03  6.920E+03  9.761E-06 -1.755E-01  8.116E+07  2.079E-13  4.476E+12
  6.944E+03  6.970E+03  9.685E-06 -1.720E-01  8.116E+07  2.063E-13  4.511E+12
  6.995E+03  7.020E+03  9.610E-06 -1.686E-01  8.116E+07  2.047E-13  4.546E+12
  7.045E+03  7.070E+03  9.536E-06 -1.653E-01  8.116E+07  2.031E-13  4.581E+12
  7.096E+03  7.121E+03  9.463E-06 -1.621E-01  8.116E+07  2.015E-13  4.616E+12
  7.147E+03  7.173E+03  9.391E-06 -1.590E-01  8.116E+07  2.000E-13  4.652E+12
  7.198E+03  7.224E+03  9.320E-06 -1.559E-01  8.116E+07  1.985E-13  4.688E+12
  7.250E+03  7.276E+03  9.249E-06 -1.530E-01  8.117E+07  1.970E-13  4.723E+12
  7.302E+03  7.329E+03  9.179E-06 -1.501E-01  8.117E+07  1.955E-13  4.759E+12
  7.355E+03  7.382E+03  9.110E-06 -1.473E-01  8.117E+07  1.940E-13  4.795E+12
  7.408E+03  7.435E+03  9.042E-06 -1.446E-01  8.117E+07  1.926E-13  4.832E+12
  7.462E+03  7.488E+03  8.974E-06 -1.420E-01  8.117E+07  1.911E-13  4.868E+12
  7.515E+03  7.542E+03  8.908E-06 -1.395E-01  8.117E+07  1.897E-13  4.904E+12
  7.569E+03  7.597E+03  8.842E-06 -1.370E-01  8.117E+07  1.883E-13  4.941E+12
  7.624E+03  7.651E+03  8.777E-06 -1.346E-01  8.117E+07  1.869E-13  4.978E+12
  7.679E+03  7.707E+03  8.712E-06 -1.323E-01  8.117E+07  1.856E-13  5.014E+12
  7.734E+03  7.762E+03  8.648E-06 -1.301E-01  8.117E+07  1.842E-13  5.051E+12
  7.790E+03  7.818E+03  8.585E-06 -1.280E-01  8.117E+07  1.829E-13  5.089E+12
  7.846E+03  7.874E+03  8.523E-06 -1.259E-01  8.117E+07  1.815E-13  5.126E+12
  7.903E+03  7.931E+03  8.461E-06 -1.239E-01  8.117E+07  1.802E-13  5.163E+12
  7.960E+03  7.988E+03  8.400E-06 -1.220E-01  8.117E+07  1.789E-13  5.201E+12
  8.017E+03  8.046E+03  8.340E-06 -1.202E-01  8.117E+07  1.776E-13  5.238E+12
  8.075E+03  8.104E+03  8.281E-06 -1.184E-01  8.117E+07  1.764E-13  5.276E+12
  8.133E+03  8.162E+03  8.222E-06 -1.168E-01  8.117E+07  1.751E-13  5.314E+12
  8.192E+03  8.221E+03  8.163E-06 -1.152E-01  8.117E+07  1.739E-13  5.352E+12
  8.251E+03  8.280E+03  8.106E-06 -1.137E-01  8.117E+07  1.726E-13  5.390E+12
  8.310E+03  8.340E+03  8.049E-06 -1.123E-01  8.117E+07  1.714E-13  5.428E+12
  8.370E+03  8.400E+03  7.992E-06 -1.109E-01  8.117E+07  1.702E-13  5.466E+12
  8.430E+03  8.461E+03  7.936E-06 -1.097E-01  8.117E+07  1.690E-13  5.505E+12
  8.491E+03  8.522E+03  7.881E-06 -1.085E-01  8.117E+07  1.679E-13  5.543E+12
  8.552E+03  8.583E+03  7.827E-06 -1.074E-01  8.117E+07  1.667E-13  5.582E+12
  8.614E+03  8.645E+03  7.773E-06 -1.064E-01  8.117E+07  1.656E-13  5.621E+12
  8.676E+03  8.707E+03  7.719E-06 -1.055E-01  8.117E+07  1.644E-13  5.660E+12
  8.738E+03  8.770E+03  7.667E-06 -1.046E-01  8.117E+07  1.633E-13  5.699E+12
  8.801E+03  8.833E+03  7.614E-06 -1.039E-01  8.117E+07  1.622E-13  5.738E+12
  8.865E+03  8.897E+03  7.563E-06 -1.032E-01  8.117E+07  1.611E-13  5.777E+12
  8.929E+03  8.961E+03  7.512E-06 -1.027E-01  8.117E+07  1.600E-13  5.816E+12
  8.993E+03  9.025E+03  7.512E-06 -1.027E-01  8.117E+07  1.600E-13  5.816E+12
