  5.0000E-02  7.9343E-07  3.5635E-08  5.5775E-06  6.4066E-06
  1.0036E-01  7.7471E-07  3.5630E-08  1.3844E-06  2.1947E-06
  1.5108E-01  7.5651E-07  3.5624E-08  6.1087E-07  1.4030E-06
  2.0217E-01  7.3882E-07  3.5619E-08  3.4115E-07  1.1156E-06
  2.5363E-01  7.2163E-07  3.5613E-08  2.1677E-07  9.7401E-07
  3.0545E-01  7.0491E-07  3.5608E-08  1.4945E-07  8.8996E-07
  3.5765E-01  6.8865E-07  3.5602E-08  1.0901E-07  8.3326E-07
  4.1023E-01  6.7283E-07  3.5597E-08  8.2858E-08  7.9129E-07
  4.6318E-01  6.5745E-07  3.5591E-08  6.4995E-08  7.5803E-07
  5.1651E-01  6.4248E-07  3.5586E-08  5.2265E-08  7.3033E-07
  5.7023E-01  6.2792E-07  3.5580E-08  4.2882E-08  7.0638E-07
  6.2434E-01  6.1374E-07  3.5574E-08  3.5772E-08  6.8509E-07
  6.7883E-01  5.9995E-07  3.5569E-08  3.0259E-08  6.6577E-07
  7.3372E-01  5.8651E-07  3.5563E-08  2.5901E-08  6.4798E-07
  7.8901E-01  5.7344E-07  3.5557E-08  2.2399E-08  6.3139E-07
  8.4469E-01  5.6070E-07  3.5551E-08  1.9543E-08  6.1580E-07
  9.0077E-01  5.4830E-07  3.5545E-08  1.7185E-08  6.0103E-07
  9.5725E-01  5.3622E-07  3.5539E-08  1.5217E-08  5.8698E-07
  1.0141E+00  5.2445E-07  3.5533E-08  1.3558E-08  5.7354E-07
  1.0714E+00  5.1299E-07  3.5527E-08  1.2146E-08  5.6066E-07
  1.1292E+00  5.0182E-07  3.5521E-08  1.0936E-08  5.4827E-07
  1.1873E+00  4.9093E-07  3.5515E-08  9.8916E-09  5.3634E-07
  1.2458E+00  4.8032E-07  3.5509E-08  8.9837E-09  5.2481E-07
  1.3048E+00  4.6997E-07  3.5503E-08  8.1900E-09  5.1367E-07
  1.3642E+00  4.5989E-07  3.5497E-08  7.4924E-09  5.0288E-07
  1.4240E+00  4.5006E-07  3.5490E-08  6.8761E-09  4.9242E-07
  1.4843E+00  4.4047E-07  3.5484E-08  6.3292E-09  4.8228E-07
  1.5450E+00  4.3112E-07  3.5478E-08  5.8417E-09  4.7244E-07
  1.6061E+00  4.2200E-07  3.5471E-08  5.4056E-09  4.6288E-07
  1.6677E+00  4.1310E-07  3.5465E-08  5.0138E-09  4.5358E-07
  1.7297E+00  4.0443E-07  3.5458E-08  4.6608E-09  4.4454E-07
  1.7921E+00  3.9596E-07  3.5452E-08  4.3416E-09  4.3575E-07
  1.8550E+00  3.8769E-07  3.5445E-08  4.0521E-09  4.2719E-07
  1.9184E+00  3.7963E-07  3.5438E-08  3.7889E-09  4.1886E-07
  1.9822E+00  3.7176E-07  3.5432E-08  3.5489E-09  4.1074E-07
  2.0465E+00  3.6408E-07  3.5425E-08  3.3295E-09  4.0283E-07
  2.1112E+00  3.5658E-07  3.5418E-08  3.1284E-09  3.9513E-07
  2.1764E+00  3.4926E-07  3.5411E-08  2.9438E-09  3.8761E-07
  2.2421E+00  3.4211E-07  3.5405E-08  2.7739E-09  3.8029E-07
  2.3082E+00  3.3513E-07  3.5398E-08  2.6172E-09  3.7315E-07
  2.3748E+00  3.2831E-07  3.5391E-08  2.4724E-09  3.6618E-07
  2.4419E+00  3.2166E-07  3.5384E-08  2.3384E-09  3.5938E-07
  2.5095E+00  3.1515E-07  3.5377E-08  2.2141E-09  3.5274E-07
  2.5776E+00  3.0880E-07  3.5370E-08  2.0987E-09  3.4627E-07
  2.6461E+00  3.0260E-07  3.5362E-08  1.9914E-09  3.3995E-07
  2.7152E+00  2.9653E-07  3.5355E-08  1.8914E-09  3.3378E-07
  2.7847E+00  2.9061E-07  3.5348E-08  1.7981E-09  3.2775E-07
  2.8548E+00  2.8482E-07  3.5341E-08  1.7109E-09  3.2187E-07
  2.9253E+00  2.7916E-07  3.5333E-08  1.6294E-09  3.1612E-07
  2.9964E+00  2.7363E-07  3.5326E-08  1.5530E-09  3.1051E-07
  3.0680E+00  2.6822E-07  3.5318E-08  1.4814E-09  3.0502E-07
  3.1401E+00  2.6294E-07  3.5311E-08  1.4142E-09  2.9966E-07
  3.2127E+00  2.5777E-07  3.5303E-08  1.3510E-09  2.9443E-07
  3.2858E+00  2.5272E-07  3.5296E-08  1.2915E-09  2.8931E-07
  3.3595E+00  2.4778E-07  3.5288E-08  1.2355E-09  2.8431E-07
  3.4337E+00  2.4295E-07  3.5280E-08  1.1827E-09  2.7942E-07
  3.5084E+00  2.3823E-07  3.5273E-08  1.1328E-09  2.7464E-07
  3.5836E+00  2.3361E-07  3.5265E-08  1.0858E-09  2.6996E-07
  3.6594E+00  2.2910E-07  3.5257E-08  1.0412E-09  2.6539E-07
  3.7358E+00  2.2468E-07  3.5249E-08  9.9912E-10  2.6092E-07
  3.8127E+00  2.2035E-07  3.5241E-08  9.5922E-10  2.5655E-07
  3.8901E+00  2.1612E-07  3.5233E-08  9.2141E-10  2.5228E-07
  3.9681E+00  2.1199E-07  3.5225E-08  8.8554E-10  2.4810E-07
  4.0467E+00  2.0794E-07  3.5217E-08  8.5148E-10  2.4401E-07
  4.1258E+00  2.0398E-07  3.5209E-08  8.1913E-10  2.4000E-07
  4.2056E+00  2.0010E-07  3.5200E-08  7.8838E-10  2.3609E-07
  4.2858E+00  1.9631E-07  3.5192E-08  7.5912E-10  2.3226E-07
  4.3667E+00  1.9259E-07  3.5184E-08  7.3127E-10  2.2851E-07
  4.4481E+00  1.8896E-07  3.5175E-08  7.0473E-10  2.2484E-07
  4.5302E+00  1.8540E-07  3.5167E-08  6.7944E-10  2.2125E-07
  4.6128E+00  1.8192E-07  3.5158E-08  6.5532E-10  2.1773E-07
  4.6960E+00  1.7851E-07  3.5150E-08  6.3230E-10  2.1429E-07
  4.7798E+00  1.7517E-07  3.5141E-08  6.1032E-10  2.1092E-07
  4.8642E+00  1.7190E-07  3.5132E-08  5.8933E-10  2.0762E-07
  4.9492E+00  1.6870E-07  3.5124E-08  5.6925E-10  2.0440E-07
  5.0349E+00  1.6557E-07  3.5115E-08  5.5005E-10  2.0123E-07
  5.1211E+00  1.6250E-07  3.5106E-08  5.3168E-10  1.9814E-07
  5.2080E+00  1.5949E-07  3.5097E-08  5.1409E-10  1.9511E-07
  5.2955E+00  1.5655E-07  3.5088E-08  4.9724E-10  1.9214E-07
  5.3836E+00  1.5367E-07  3.5079E-08  4.8110E-10  1.8923E-07
  5.4724E+00  1.5084E-07  3.5070E-08  4.6562E-10  1.8638E-07
  5.5618E+00  1.4808E-07  3.5061E-08  4.5077E-10  1.8359E-07
  5.6518E+00  1.4537E-07  3.5051E-08  4.3652E-10  1.8085E-07
  5.7425E+00  1.4271E-07  3.5042E-08  4.2284E-10  1.7818E-07
  5.8339E+00  1.4011E-07  3.5033E-08  4.0970E-10  1.7555E-07
  5.9259E+00  1.3756E-07  3.5023E-08  3.9708E-10  1.7298E-07
  6.0185E+00  1.3506E-07  3.5014E-08  3.8494E-10  1.7046E-07
  6.1119E+00  1.3262E-07  3.5004E-08  3.7328E-10  1.6799E-07
  6.2059E+00  1.3022E-07  3.4994E-08  3.6205E-10  1.6557E-07
  6.3006E+00  1.2787E-07  3.4985E-08  3.5125E-10  1.6320E-07
  6.3959E+00  1.2556E-07  3.4975E-08  3.4086E-10  1.6088E-07
  6.4920E+00  1.2330E-07  3.4965E-08  3.3085E-10  1.5860E-07
  6.5887E+00  1.2109E-07  3.4955E-08  3.2120E-10  1.5637E-07
  6.6862E+00  1.1892E-07  3.4945E-08  3.1191E-10  1.5418E-07
  6.7843E+00  1.1679E-07  3.4935E-08  3.0295E-10  1.5203E-07
  6.8831E+00  1.1471E-07  3.4925E-08  2.9431E-10  1.4993E-07
  6.9827E+00  1.1267E-07  3.4915E-08  2.8598E-10  1.4787E-07
  7.0830E+00  1.1066E-07  3.4905E-08  2.7794E-10  1.4584E-07
  7.1840E+00  1.0870E-07  3.4894E-08  2.7018E-10  1.4386E-07
  7.2857E+00  1.0677E-07  3.4884E-08  2.6269E-10  1.4192E-07
  7.3882E+00  1.0488E-07  3.4874E-08  2.5545E-10  1.4001E-07
  7.4913E+00  1.0303E-07  3.4863E-08  2.4846E-10  1.3814E-07
  7.5953E+00  1.0121E-07  3.4853E-08  2.4171E-10  1.3631E-07
  7.7000E+00  9.9431E-08  3.4842E-08  2.3518E-10  1.3451E-07
  7.8054E+00  9.7684E-08  3.4831E-08  2.2887E-10  1.3274E-07
  7.9116E+00  9.5970E-08  3.4820E-08  2.2277E-10  1.3101E-07
  8.0186E+00  9.4289E-08  3.4810E-08  2.1686E-10  1.2932E-07
  8.1263E+00  9.2641E-08  3.4799E-08  2.1115E-10  1.2765E-07
  8.2348E+00  9.1023E-08  3.4788E-08  2.0562E-10  1.2602E-07
  8.3441E+00  8.9437E-08  3.4776E-08  2.0027E-10  1.2441E-07
  8.4542E+00  8.7881E-08  3.4765E-08  1.9509E-10  1.2284E-07
  8.5651E+00  8.6354E-08  3.4754E-08  1.9007E-10  1.2130E-07
  8.6767E+00  8.4856E-08  3.4743E-08  1.8521E-10  1.1978E-07
  8.7892E+00  8.3386E-08  3.4731E-08  1.8050E-10  1.1830E-07
  8.9025E+00  8.1944E-08  3.4720E-08  1.7594E-10  1.1684E-07
  9.0166E+00  8.0529E-08  3.4708E-08  1.7151E-10  1.1541E-07
  9.1315E+00  7.9141E-08  3.4697E-08  1.6722E-10  1.1400E-07
  9.2472E+00  7.7778E-08  3.4685E-08  1.6306E-10  1.1263E-07
  9.3638E+00  7.6442E-08  3.4673E-08  1.5903E-10  1.1127E-07
  9.4812E+00  7.5130E-08  3.4661E-08  1.5511E-10  1.0995E-07
  9.5995E+00  7.3842E-08  3.4650E-08  1.5132E-10  1.0864E-07
  9.7186E+00  7.2578E-08  3.4638E-08  1.4763E-10  1.0736E-07
  9.8386E+00  7.1338E-08  3.4625E-08  1.4405E-10  1.0611E-07
  9.9594E+00  7.0121E-08  3.4613E-08  1.4058E-10  1.0487E-07
  1.0081E+01  6.8926E-08  3.4601E-08  1.3720E-10  1.0366E-07
  1.0204E+01  6.7753E-08  3.4589E-08  1.3393E-10  1.0248E-07
  1.0327E+01  6.6601E-08  3.4576E-08  1.3074E-10  1.0131E-07
  1.0452E+01  6.5471E-08  3.4564E-08  1.2765E-10  1.0016E-07
  1.0577E+01  6.4362E-08  3.4551E-08  1.2464E-10  9.9038E-08
  1.0703E+01  6.3272E-08  3.4539E-08  1.2172E-10  9.7933E-08
  1.0830E+01  6.2203E-08  3.4526E-08  1.1888E-10  9.6848E-08
  1.0958E+01  6.1153E-08  3.4513E-08  1.1612E-10  9.5782E-08
  1.1087E+01  6.0122E-08  3.4500E-08  1.1344E-10  9.4736E-08
  1.1217E+01  5.9110E-08  3.4487E-08  1.1083E-10  9.3708E-08
  1.1347E+01  5.8116E-08  3.4474E-08  1.0829E-10  9.2699E-08
  1.1479E+01  5.7141E-08  3.4461E-08  1.0582E-10  9.1707E-08
  1.1612E+01  5.6182E-08  3.4448E-08  1.0341E-10  9.0734E-08
  1.1745E+01  5.5241E-08  3.4434E-08  1.0107E-10  8.9777E-08
  1.1880E+01  5.4317E-08  3.4421E-08  9.8798E-11  8.8837E-08
  1.2016E+01  5.3410E-08  3.4408E-08  9.6581E-11  8.7914E-08
  1.2152E+01  5.2519E-08  3.4394E-08  9.4424E-11  8.7007E-08
  1.2290E+01  5.1644E-08  3.4380E-08  9.2323E-11  8.6116E-08
  1.2428E+01  5.0784E-08  3.4366E-08  9.0277E-11  8.5241E-08
  1.2568E+01  4.9940E-08  3.4353E-08  8.8284E-11  8.4381E-08
  1.2708E+01  4.9110E-08  3.4339E-08  8.6343E-11  8.3535E-08
  1.2849E+01  4.8296E-08  3.4325E-08  8.4452E-11  8.2705E-08
  1.2992E+01  4.7496E-08  3.4311E-08  8.2609E-11  8.1889E-08
  1.3136E+01  4.6710E-08  3.4296E-08  8.0813E-11  8.1087E-08
  1.3280E+01  4.5938E-08  3.4282E-08  7.9063E-11  8.0299E-08
  1.3426E+01  4.5180E-08  3.4268E-08  7.7358E-11  7.9524E-08
  1.3572E+01  4.4434E-08  3.4253E-08  7.5695E-11  7.8763E-08
  1.3720E+01  4.3703E-08  3.4238E-08  7.4074E-11  7.8015E-08
  1.3869E+01  4.2984E-08  3.4224E-08  7.2493E-11  7.7280E-08
  1.4019E+01  4.2277E-08  3.4209E-08  7.0951E-11  7.6557E-08
  1.4170E+01  4.1583E-08  3.4194E-08  6.9448E-11  7.5847E-08
  1.4322E+01  4.0901E-08  3.4179E-08  6.7981E-11  7.5148E-08
  1.4475E+01  4.0231E-08  3.4164E-08  6.6551E-11  7.4462E-08
  1.4629E+01  3.9573E-08  3.4149E-08  6.5155E-11  7.3787E-08
  1.4784E+01  3.8926E-08  3.4134E-08  6.3793E-11  7.3123E-08
  1.4941E+01  3.8290E-08  3.4118E-08  6.2464E-11  7.2471E-08
  1.5098E+01  3.7666E-08  3.4103E-08  6.1167E-11  7.1830E-08
  1.5257E+01  3.7052E-08  3.4087E-08  5.9901E-11  7.1199E-08
  1.5417E+01  3.6449E-08  3.4072E-08  5.8665E-11  7.0579E-08
  1.5578E+01  3.5856E-08  3.4056E-08  5.7459E-11  6.9969E-08
  1.5740E+01  3.5273E-08  3.4040E-08  5.6281E-11  6.9370E-08
  1.5903E+01  3.4701E-08  3.4024E-08  5.5131E-11  6.8780E-08
  1.6068E+01  3.4138E-08  3.4008E-08  5.4008E-11  6.8200E-08
  1.6234E+01  3.3585E-08  3.3992E-08  5.2911E-11  6.7630E-08
  1.6401E+01  3.3042E-08  3.3975E-08  5.1840E-11  6.7069E-08
  1.6569E+01  3.2508E-08  3.3959E-08  5.0793E-11  6.6518E-08
  1.6738E+01  3.1983E-08  3.3943E-08  4.9771E-11  6.5975E-08
  1.6908E+01  3.1467E-08  3.3926E-08  4.8772E-11  6.5442E-08
  1.7080E+01  3.0960E-08  3.3909E-08  4.7796E-11  6.4917E-08
  1.7253E+01  3.0461E-08  3.3893E-08  4.6843E-11  6.4400E-08
  1.7427E+01  2.9971E-08  3.3876E-08  4.5911E-11  6.3892E-08
  1.7603E+01  2.9489E-08  3.3859E-08  4.5000E-11  6.3393E-08
  1.7780E+01  2.9016E-08  3.3841E-08  4.4110E-11  6.2901E-08
  1.7958E+01  2.8550E-08  3.3824E-08  4.3240E-11  6.2417E-08
  1.8137E+01  2.8092E-08  3.3807E-08  4.2389E-11  6.1942E-08
  1.8317E+01  2.7642E-08  3.3789E-08  4.1557E-11  6.1473E-08
  1.8499E+01  2.7200E-08  3.3772E-08  4.0744E-11  6.1013E-08
  1.8683E+01  2.6765E-08  3.3754E-08  3.9949E-11  6.0559E-08
  1.8867E+01  2.6338E-08  3.3736E-08  3.9172E-11  6.0113E-08
  1.9053E+01  2.5917E-08  3.3719E-08  3.8411E-11  5.9674E-08
  1.9240E+01  2.5504E-08  3.3701E-08  3.7667E-11  5.9242E-08
  1.9429E+01  2.5098E-08  3.3682E-08  3.6940E-11  5.8817E-08
  1.9619E+01  2.4698E-08  3.3664E-08  3.6228E-11  5.8398E-08
  1.9810E+01  2.4305E-08  3.3646E-08  3.5532E-11  5.7987E-08
  2.0002E+01  2.3919E-08  3.3627E-08  3.4851E-11  5.7581E-08
  2.0196E+01  2.3539E-08  3.3609E-08  3.4185E-11  5.7182E-08
  2.0392E+01  2.3166E-08  3.3590E-08  3.3533E-11  5.6789E-08
  2.0589E+01  2.2798E-08  3.3571E-08  3.2895E-11  5.6403E-08
  2.0787E+01  2.2437E-08  3.3552E-08  3.2270E-11  5.6022E-08
  2.0987E+01  2.2082E-08  3.3533E-08  3.1659E-11  5.5647E-08
  2.1188E+01  2.1733E-08  3.3514E-08  3.1061E-11  5.5278E-08
  2.1390E+01  2.1389E-08  3.3495E-08  3.0475E-11  5.4915E-08
  2.1594E+01  2.1052E-08  3.3475E-08  2.9902E-11  5.4557E-08
  2.1800E+01  2.0719E-08  3.3456E-08  2.9341E-11  5.4205E-08
  2.2007E+01  2.0393E-08  3.3436E-08  2.8792E-11  5.3858E-08
  2.2215E+01  2.0072E-08  3.3416E-08  2.8254E-11  5.3516E-08
  2.2425E+01  1.9756E-08  3.3397E-08  2.7728E-11  5.3180E-08
  2.2637E+01  1.9445E-08  3.3377E-08  2.7212E-11  5.2849E-08
  2.2850E+01  1.9139E-08  3.3356E-08  2.6707E-11  5.2522E-08
  2.3064E+01  1.8838E-08  3.3336E-08  2.6213E-11  5.2201E-08
  2.3280E+01  1.8543E-08  3.3316E-08  2.5728E-11  5.1884E-08
  2.3498E+01  1.8252E-08  3.3295E-08  2.5254E-11  5.1572E-08
  2.3717E+01  1.7966E-08  3.3275E-08  2.4789E-11  5.1265E-08
  2.3938E+01  1.7685E-08  3.3254E-08  2.4334E-11  5.0963E-08
  2.4160E+01  1.7408E-08  3.3233E-08  2.3888E-11  5.0665E-08
  2.4384E+01  1.7135E-08  3.3212E-08  2.3452E-11  5.0371E-08
  2.4610E+01  1.6868E-08  3.3191E-08  2.3024E-11  5.0081E-08
  2.4837E+01  1.6604E-08  3.3169E-08  2.2604E-11  4.9796E-08
  2.5066E+01  1.6345E-08  3.3148E-08  2.2194E-11  4.9515E-08
  2.5296E+01  1.6090E-08  3.3127E-08  2.1791E-11  4.9238E-08
  2.5528E+01  1.5839E-08  3.3105E-08  2.1396E-11  4.8966E-08
  2.5762E+01  1.5593E-08  3.3083E-08  2.1010E-11  4.8697E-08
  2.5997E+01  1.5350E-08  3.3061E-08  2.0631E-11  4.8432E-08
  2.6235E+01  1.5111E-08  3.3039E-08  2.0260E-11  4.8170E-08
  2.6473E+01  1.4876E-08  3.3017E-08  1.9896E-11  4.7913E-08
  2.6714E+01  1.4645E-08  3.2994E-08  1.9539E-11  4.7659E-08
  2.6956E+01  1.4418E-08  3.2972E-08  1.9189E-11  4.7409E-08
  2.7201E+01  1.4194E-08  3.2949E-08  1.8846E-11  4.7162E-08
  2.7446E+01  1.3974E-08  3.2927E-08  1.8510E-11  4.6919E-08
  2.7694E+01  1.3758E-08  3.2904E-08  1.8181E-11  4.6679E-08
  2.7943E+01  1.3544E-08  3.2881E-08  1.7858E-11  4.6443E-08
  2.8195E+01  1.3335E-08  3.2858E-08  1.7541E-11  4.6210E-08
  2.8448E+01  1.3129E-08  3.2834E-08  1.7230E-11  4.5980E-08
  2.8702E+01  1.2926E-08  3.2811E-08  1.6926E-11  4.5753E-08
  2.8959E+01  1.2726E-08  3.2787E-08  1.6627E-11  4.5530E-08
  2.9218E+01  1.2530E-08  3.2764E-08  1.6334E-11  4.5309E-08
  2.9478E+01  1.2336E-08  3.2740E-08  1.6047E-11  4.5092E-08
  2.9740E+01  1.2146E-08  3.2716E-08  1.5765E-11  4.4877E-08
  3.0004E+01  1.1959E-08  3.2692E-08  1.5489E-11  4.4666E-08
  3.0270E+01  1.1775E-08  3.2667E-08  1.5218E-11  4.4457E-08
  3.0538E+01  1.1593E-08  3.2643E-08  1.4952E-11  4.4251E-08
  3.0808E+01  1.1415E-08  3.2618E-08  1.4691E-11  4.4048E-08
  3.1080E+01  1.1240E-08  3.2594E-08  1.4435E-11  4.3848E-08
  3.1354E+01  1.1067E-08  3.2569E-08  1.4184E-11  4.3650E-08
  3.1629E+01  1.0897E-08  3.2544E-08  1.3938E-11  4.3454E-08
  3.1907E+01  1.0730E-08  3.2518E-08  1.3696E-11  4.3262E-08
  3.2187E+01  1.0565E-08  3.2493E-08  1.3459E-11  4.3072E-08
  3.2469E+01  1.0403E-08  3.2468E-08  1.3227E-11  4.2884E-08
  3.2752E+01  1.0244E-08  3.2442E-08  1.2998E-11  4.2699E-08
  3.3038E+01  1.0087E-08  3.2416E-08  1.2775E-11  4.2516E-08
  3.3326E+01  9.9324E-09  3.2390E-08  1.2555E-11  4.2335E-08
  3.3616E+01  9.7804E-09  3.2364E-08  1.2339E-11  4.2157E-08
  3.3908E+01  9.6308E-09  3.2338E-08  1.2128E-11  4.1981E-08
  3.4202E+01  9.4837E-09  3.2312E-08  1.1920E-11  4.1807E-08
  3.4499E+01  9.3388E-09  3.2285E-08  1.1716E-11  4.1636E-08
  3.4797E+01  9.1962E-09  3.2259E-08  1.1516E-11  4.1466E-08
  3.5097E+01  9.0559E-09  3.2232E-08  1.1320E-11  4.1299E-08
  3.5400E+01  8.9178E-09  3.2205E-08  1.1127E-11  4.1134E-08
  3.5705E+01  8.7818E-09  3.2178E-08  1.0938E-11  4.0970E-08
  3.6012E+01  8.6480E-09  3.2150E-08  1.0752E-11  4.0809E-08
  3.6321E+01  8.5163E-09  3.2123E-08  1.0570E-11  4.0650E-08
  3.6633E+01  8.3867E-09  3.2095E-08  1.0391E-11  4.0492E-08
  3.6947E+01  8.2591E-09  3.2067E-08  1.0215E-11  4.0337E-08
  3.7263E+01  8.1335E-09  3.2040E-08  1.0042E-11  4.0183E-08
  3.7581E+01  8.0099E-09  3.2011E-08  9.8729E-12  4.0031E-08
  3.7902E+01  7.8882E-09  3.1983E-08  9.7066E-12  3.9881E-08
  3.8224E+01  7.7684E-09  3.1955E-08  9.5433E-12  3.9733E-08
  3.8550E+01  7.6505E-09  3.1926E-08  9.3829E-12  3.9586E-08
  3.8877E+01  7.5345E-09  3.1897E-08  9.2255E-12  3.9441E-08
  3.9207E+01  7.4202E-09  3.1869E-08  9.0709E-12  3.9298E-08
  3.9539E+01  7.3077E-09  3.1840E-08  8.9191E-12  3.9156E-08
  3.9874E+01  7.1970E-09  3.1810E-08  8.7700E-12  3.9016E-08
  4.0211E+01  7.0881E-09  3.1781E-08  8.6235E-12  3.8878E-08
  4.0551E+01  6.9808E-09  3.1751E-08  8.4797E-12  3.8741E-08
  4.0893E+01  6.8752E-09  3.1722E-08  8.3385E-12  3.8605E-08
  4.1237E+01  6.7712E-09  3.1692E-08  8.1998E-12  3.8471E-08
  4.1584E+01  6.6688E-09  3.1662E-08  8.0636E-12  3.8339E-08
  4.1933E+01  6.5681E-09  3.1631E-08  7.9297E-12  3.8207E-08
  4.2285E+01  6.4689E-09  3.1601E-08  7.7983E-12  3.8078E-08
  4.2640E+01  6.3712E-09  3.1571E-08  7.6692E-12  3.7949E-08
  4.2997E+01  6.2751E-09  3.1540E-08  7.5424E-12  3.7822E-08
  4.3356E+01  6.1804E-09  3.1509E-08  7.4178E-12  3.7697E-08
  4.3719E+01  6.0873E-09  3.1478E-08  7.2954E-12  3.7572E-08
  4.4083E+01  5.9955E-09  3.1447E-08  7.1751E-12  3.7449E-08
  4.4451E+01  5.9052E-09  3.1415E-08  7.0570E-12  3.7327E-08
  4.4821E+01  5.8163E-09  3.1384E-08  6.9410E-12  3.7207E-08
  4.5194E+01  5.7287E-09  3.1352E-08  6.8270E-12  3.7087E-08
  4.5569E+01  5.6425E-09  3.1320E-08  6.7150E-12  3.6969E-08
  4.5947E+01  5.5577E-09  3.1288E-08  6.6049E-12  3.6852E-08
  4.6328E+01  5.4741E-09  3.1255E-08  6.4968E-12  3.6736E-08
  4.6711E+01  5.3919E-09  3.1223E-08  6.3905E-12  3.6621E-08
  4.7098E+01  5.3109E-09  3.1190E-08  6.2861E-12  3.6507E-08
  4.7487E+01  5.2311E-09  3.1158E-08  6.1835E-12  3.6395E-08
  4.7879E+01  5.1526E-09  3.1125E-08  6.0827E-12  3.6283E-08
  4.8273E+01  5.0753E-09  3.1091E-08  5.9836E-12  3.6173E-08
  4.8671E+01  4.9991E-09  3.1058E-08  5.8863E-12  3.6063E-08
  4.9071E+01  4.9242E-09  3.1024E-08  5.7906E-12  3.5954E-08
  4.9475E+01  4.8504E-09  3.0991E-08  5.6966E-12  3.5847E-08
  4.9881E+01  4.7777E-09  3.0957E-08  5.6042E-12  3.5740E-08
  5.0290E+01  4.7062E-09  3.0923E-08  5.5133E-12  3.5634E-08
  5.0702E+01  4.6357E-09  3.0889E-08  5.4241E-12  3.5530E-08
  5.1117E+01  4.5663E-09  3.0854E-08  5.3364E-12  3.5426E-08
  5.1535E+01  4.4980E-09  3.0819E-08  5.2501E-12  3.5323E-08
  5.1956E+01  4.4308E-09  3.0785E-08  5.1654E-12  3.5221E-08
  5.2380E+01  4.3645E-09  3.0750E-08  5.0821E-12  3.5119E-08
  5.2808E+01  4.2993E-09  3.0715E-08  5.0002E-12  3.5019E-08
  5.3238E+01  4.2351E-09  3.0679E-08  4.9197E-12  3.4919E-08
  5.3671E+01  4.1718E-09  3.0644E-08  4.8406E-12  3.4820E-08
  5.4108E+01  4.1095E-09  3.0608E-08  4.7628E-12  3.4722E-08
  5.4547E+01  4.0482E-09  3.0572E-08  4.6864E-12  3.4625E-08
  5.4990E+01  3.9878E-09  3.0536E-08  4.6112E-12  3.4528E-08
  5.5436E+01  3.9283E-09  3.0500E-08  4.5373E-12  3.4432E-08
  5.5885E+01  3.8698E-09  3.0463E-08  4.4647E-12  3.4337E-08
  5.6337E+01  3.8121E-09  3.0426E-08  4.3933E-12  3.4243E-08
  5.6793E+01  3.7553E-09  3.0390E-08  4.3231E-12  3.4149E-08
  5.7252E+01  3.6994E-09  3.0353E-08  4.2540E-12  3.4056E-08
  5.7714E+01  3.6443E-09  3.0315E-08  4.1862E-12  3.3964E-08
  5.8180E+01  3.5901E-09  3.0278E-08  4.1194E-12  3.3872E-08
  5.8649E+01  3.5366E-09  3.0240E-08  4.0538E-12  3.3781E-08
  5.9121E+01  3.4840E-09  3.0202E-08  3.9893E-12  3.3691E-08
  5.9596E+01  3.4322E-09  3.0164E-08  3.9259E-12  3.3601E-08
  6.0076E+01  3.3812E-09  3.0126E-08  3.8635E-12  3.3511E-08
  6.0558E+01  3.3310E-09  3.0088E-08  3.8022E-12  3.3423E-08
  6.1044E+01  3.2815E-09  3.0049E-08  3.7419E-12  3.3335E-08
  6.1534E+01  3.2327E-09  3.0011E-08  3.6826E-12  3.3247E-08
  6.2027E+01  3.1847E-09  2.9972E-08  3.6243E-12  3.3160E-08
  6.2523E+01  3.1375E-09  2.9932E-08  3.5670E-12  3.3073E-08
  6.3023E+01  3.0909E-09  2.9893E-08  3.5106E-12  3.2988E-08
  6.3527E+01  3.0451E-09  2.9854E-08  3.4551E-12  3.2902E-08
  6.4035E+01  2.9999E-09  2.9814E-08  3.4006E-12  3.2817E-08
  6.4546E+01  2.9554E-09  2.9774E-08  3.3469E-12  3.2733E-08
  6.5060E+01  2.9116E-09  2.9734E-08  3.2942E-12  3.2649E-08
  6.5579E+01  2.8685E-09  2.9693E-08  3.2423E-12  3.2565E-08
  6.6101E+01  2.8260E-09  2.9653E-08  3.1913E-12  3.2482E-08
  6.6627E+01  2.7842E-09  2.9612E-08  3.1411E-12  3.2399E-08
  6.7157E+01  2.7429E-09  2.9571E-08  3.0917E-12  3.2317E-08
  6.7690E+01  2.7023E-09  2.9530E-08  3.0432E-12  3.2235E-08
  6.8228E+01  2.6624E-09  2.9489E-08  2.9954E-12  3.2154E-08
  6.8769E+01  2.6230E-09  2.9447E-08  2.9485E-12  3.2073E-08
  6.9314E+01  2.5842E-09  2.9405E-08  2.9023E-12  3.1993E-08
  6.9863E+01  2.5460E-09  2.9364E-08  2.8568E-12  3.1912E-08
  7.0416E+01  2.5084E-09  2.9321E-08  2.8121E-12  3.1833E-08
  7.0973E+01  2.4713E-09  2.9279E-08  2.7682E-12  3.1753E-08
  7.1534E+01  2.4348E-09  2.9237E-08  2.7249E-12  3.1674E-08
  7.2099E+01  2.3988E-09  2.9194E-08  2.6824E-12  3.1595E-08
  7.2668E+01  2.3634E-09  2.9151E-08  2.6405E-12  3.1517E-08
  7.3241E+01  2.3285E-09  2.9108E-08  2.5994E-12  3.1439E-08
  7.3819E+01  2.2942E-09  2.9064E-08  2.5589E-12  3.1361E-08
  7.4400E+01  2.2603E-09  2.9021E-08  2.5190E-12  3.1284E-08
  7.4986E+01  2.2270E-09  2.8977E-08  2.4798E-12  3.1207E-08
  7.5576E+01  2.1942E-09  2.8933E-08  2.4413E-12  3.1130E-08
  7.6170E+01  2.1618E-09  2.8889E-08  2.4033E-12  3.1053E-08
  7.6768E+01  2.1300E-09  2.8845E-08  2.3660E-12  3.0977E-08
  7.7371E+01  2.0986E-09  2.8800E-08  2.3293E-12  3.0901E-08
  7.7978E+01  2.0677E-09  2.8755E-08  2.2932E-12  3.0825E-08
  7.8590E+01  2.0372E-09  2.8710E-08  2.2576E-12  3.0750E-08
  7.9205E+01  2.0072E-09  2.8665E-08  2.2226E-12  3.0675E-08
  7.9826E+01  1.9777E-09  2.8620E-08  2.1882E-12  3.0600E-08
  8.0450E+01  1.9486E-09  2.8574E-08  2.1544E-12  3.0525E-08
  8.1080E+01  1.9199E-09  2.8528E-08  2.1211E-12  3.0451E-08
  8.1713E+01  1.8917E-09  2.8483E-08  2.0883E-12  3.0376E-08
  8.2352E+01  1.8638E-09  2.8436E-08  2.0561E-12  3.0302E-08
  8.2995E+01  1.8364E-09  2.8390E-08  2.0243E-12  3.0228E-08
  8.3642E+01  1.8094E-09  2.8343E-08  1.9931E-12  3.0155E-08
  8.4294E+01  1.7829E-09  2.8296E-08  1.9624E-12  3.0081E-08
  8.4951E+01  1.7567E-09  2.8249E-08  1.9321E-12  3.0008E-08
  8.5613E+01  1.7309E-09  2.8202E-08  1.9024E-12  2.9935E-08
  8.6279E+01  1.7054E-09  2.8155E-08  1.8731E-12  2.9862E-08
  8.6951E+01  1.6804E-09  2.8107E-08  1.8443E-12  2.9789E-08
  8.7627E+01  1.6557E-09  2.8059E-08  1.8160E-12  2.9717E-08
  8.8308E+01  1.6314E-09  2.8011E-08  1.7881E-12  2.9644E-08
  8.8993E+01  1.6075E-09  2.7963E-08  1.7606E-12  2.9572E-08
  8.9684E+01  1.5839E-09  2.7915E-08  1.7336E-12  2.9500E-08
  9.0380E+01  1.5607E-09  2.7866E-08  1.7070E-12  2.9428E-08
  9.1081E+01  1.5378E-09  2.7817E-08  1.6808E-12  2.9356E-08
  9.1786E+01  1.5153E-09  2.7768E-08  1.6551E-12  2.9285E-08
  9.2497E+01  1.4930E-09  2.7719E-08  1.6298E-12  2.9213E-08
  9.3213E+01  1.4712E-09  2.7669E-08  1.6048E-12  2.9142E-08
  9.3934E+01  1.4496E-09  2.7619E-08  1.5803E-12  2.9071E-08
  9.4661E+01  1.4284E-09  2.7570E-08  1.5561E-12  2.8999E-08
  9.5392E+01  1.4075E-09  2.7519E-08  1.5323E-12  2.8928E-08
  9.6129E+01  1.3868E-09  2.7469E-08  1.5089E-12  2.8857E-08
  9.6871E+01  1.3665E-09  2.7419E-08  1.4859E-12  2.8787E-08
  9.7619E+01  1.3465E-09  2.7368E-08  1.4632E-12  2.8716E-08
  9.8372E+01  1.3268E-09  2.7317E-08  1.4409E-12  2.8645E-08
  9.9130E+01  1.3074E-09  2.7266E-08  1.4190E-12  2.8575E-08
  9.9894E+01  1.2883E-09  2.7214E-08  1.3973E-12  2.8504E-08
  1.0066E+02  1.2695E-09  2.7163E-08  1.3761E-12  2.8434E-08
  1.0144E+02  1.2509E-09  2.7111E-08  1.3551E-12  2.8363E-08
  1.0222E+02  1.2326E-09  2.7059E-08  1.3345E-12  2.8293E-08
  1.0300E+02  1.2146E-09  2.7007E-08  1.3142E-12  2.8223E-08
  1.0380E+02  1.1968E-09  2.6954E-08  1.2943E-12  2.8153E-08
  1.0459E+02  1.1793E-09  2.6902E-08  1.2746E-12  2.8083E-08
  1.0540E+02  1.1621E-09  2.6849E-08  1.2553E-12  2.8012E-08
  1.0620E+02  1.1451E-09  2.6796E-08  1.2362E-12  2.7942E-08
  1.0702E+02  1.1284E-09  2.6743E-08  1.2175E-12  2.7873E-08
  1.0784E+02  1.1119E-09  2.6689E-08  1.1990E-12  2.7803E-08
  1.0867E+02  1.0957E-09  2.6636E-08  1.1808E-12  2.7733E-08
  1.0950E+02  1.0797E-09  2.6582E-08  1.1630E-12  2.7663E-08
  1.1034E+02  1.0640E-09  2.6528E-08  1.1453E-12  2.7593E-08
  1.1118E+02  1.0484E-09  2.6474E-08  1.1280E-12  2.7523E-08
  1.1203E+02  1.0331E-09  2.6419E-08  1.1110E-12  2.7454E-08
  1.1289E+02  1.0181E-09  2.6365E-08  1.0942E-12  2.7384E-08
  1.1375E+02  1.0032E-09  2.6310E-08  1.0776E-12  2.7314E-08
  1.1462E+02  9.8860E-10  2.6255E-08  1.0613E-12  2.7245E-08
  1.1550E+02  9.7419E-10  2.6200E-08  1.0453E-12  2.7175E-08
  1.1638E+02  9.5999E-10  2.6144E-08  1.0295E-12  2.7105E-08
  1.1727E+02  9.4600E-10  2.6089E-08  1.0140E-12  2.7036E-08
  1.1816E+02  9.3221E-10  2.6033E-08  9.9871E-13  2.6966E-08
  1.1906E+02  9.1863E-10  2.5977E-08  9.8366E-13  2.6896E-08
  1.1997E+02  9.0525E-10  2.5920E-08  9.6884E-13  2.6827E-08
  1.2088E+02  8.9206E-10  2.5864E-08  9.5425E-13  2.6757E-08
  1.2180E+02  8.7907E-10  2.5807E-08  9.3988E-13  2.6687E-08
  1.2273E+02  8.6628E-10  2.5751E-08  9.2574E-13  2.6618E-08
  1.2366E+02  8.5367E-10  2.5694E-08  9.1181E-13  2.6548E-08
  1.2460E+02  8.4124E-10  2.5636E-08  8.9810E-13  2.6478E-08
  1.2555E+02  8.2900E-10  2.5579E-08  8.8460E-13  2.6409E-08
  1.2650E+02  8.1694E-10  2.5521E-08  8.7131E-13  2.6339E-08
  1.2746E+02  8.0505E-10  2.5463E-08  8.5822E-13  2.6269E-08
  1.2843E+02  7.9334E-10  2.5405E-08  8.4534E-13  2.6200E-08
  1.2941E+02  7.8180E-10  2.5347E-08  8.3265E-13  2.6130E-08
  1.3039E+02  7.7043E-10  2.5289E-08  8.2016E-13  2.6060E-08
  1.3138E+02  7.5923E-10  2.5230E-08  8.0786E-13  2.5990E-08
  1.3237E+02  7.4819E-10  2.5171E-08  7.9575E-13  2.5920E-08
  1.3338E+02  7.3732E-10  2.5112E-08  7.8383E-13  2.5851E-08
  1.3439E+02  7.2660E-10  2.5053E-08  7.7209E-13  2.5781E-08
  1.3540E+02  7.1605E-10  2.4994E-08  7.6052E-13  2.5711E-08
  1.3643E+02  7.0564E-10  2.4934E-08  7.4914E-13  2.5641E-08
  1.3746E+02  6.9539E-10  2.4875E-08  7.3793E-13  2.5571E-08
  1.3850E+02  6.8529E-10  2.4815E-08  7.2689E-13  2.5501E-08
  1.3955E+02  6.7534E-10  2.4755E-08  7.1603E-13  2.5431E-08
  1.4060E+02  6.6553E-10  2.4694E-08  7.0532E-13  2.5361E-08
  1.4167E+02  6.5587E-10  2.4634E-08  6.9478E-13  2.5290E-08
  1.4274E+02  6.4635E-10  2.4573E-08  6.8441E-13  2.5220E-08
  1.4381E+02  6.3697E-10  2.4512E-08  6.7419E-13  2.5150E-08
  1.4490E+02  6.2772E-10  2.4451E-08  6.6412E-13  2.5080E-08
  1.4599E+02  6.1861E-10  2.4390E-08  6.5421E-13  2.5009E-08
  1.4709E+02  6.0964E-10  2.4329E-08  6.4446E-13  2.4939E-08
  1.4820E+02  6.0079E-10  2.4267E-08  6.3485E-13  2.4868E-08
  1.4932E+02  5.9208E-10  2.4205E-08  6.2538E-13  2.4798E-08
  1.5044E+02  5.8349E-10  2.4143E-08  6.1607E-13  2.4727E-08
  1.5158E+02  5.7503E-10  2.4081E-08  6.0689E-13  2.4657E-08
  1.5272E+02  5.6669E-10  2.4019E-08  5.9785E-13  2.4586E-08
  1.5387E+02  5.5848E-10  2.3956E-08  5.8895E-13  2.4515E-08
  1.5503E+02  5.5038E-10  2.3894E-08  5.8019E-13  2.4445E-08
  1.5619E+02  5.4240E-10  2.3831E-08  5.7155E-13  2.4374E-08
  1.5737E+02  5.3454E-10  2.3768E-08  5.6305E-13  2.4303E-08
  1.5855E+02  5.2680E-10  2.3705E-08  5.5468E-13  2.4232E-08
  1.5974E+02  5.1917E-10  2.3641E-08  5.4644E-13  2.4161E-08
  1.6094E+02  5.1164E-10  2.3578E-08  5.3832E-13  2.4090E-08
  1.6215E+02  5.0423E-10  2.3514E-08  5.3032E-13  2.4019E-08
  1.6337E+02  4.9693E-10  2.3450E-08  5.2245E-13  2.3948E-08
  1.6459E+02  4.8973E-10  2.3386E-08  5.1469E-13  2.3876E-08
  1.6583E+02  4.8264E-10  2.3322E-08  5.0705E-13  2.3805E-08
  1.6707E+02  4.7565E-10  2.3258E-08  4.9953E-13  2.3734E-08
  1.6833E+02  4.6877E-10  2.3193E-08  4.9212E-13  2.3662E-08
  1.6959E+02  4.6198E-10  2.3128E-08  4.8483E-13  2.3591E-08
  1.7086E+02  4.5530E-10  2.3064E-08  4.7764E-13  2.3519E-08
  1.7214E+02  4.4871E-10  2.2999E-08  4.7056E-13  2.3448E-08
  1.7343E+02  4.4222E-10  2.2933E-08  4.6359E-13  2.3376E-08
  1.7473E+02  4.3582E-10  2.2868E-08  4.5673E-13  2.3304E-08
  1.7604E+02  4.2951E-10  2.2803E-08  4.4996E-13  2.3233E-08
  1.7735E+02  4.2330E-10  2.2737E-08  4.4330E-13  2.3161E-08
  1.7868E+02  4.1718E-10  2.2671E-08  4.3674E-13  2.3089E-08
  1.8002E+02  4.1114E-10  2.2605E-08  4.3028E-13  2.3017E-08
  1.8136E+02  4.0520E-10  2.2539E-08  4.2392E-13  2.2945E-08
  1.8272E+02  3.9934E-10  2.2473E-08  4.1765E-13  2.2873E-08
  1.8408E+02  3.9357E-10  2.2407E-08  4.1148E-13  2.2801E-08
  1.8546E+02  3.8788E-10  2.2340E-08  4.0540E-13  2.2728E-08
  1.8685E+02  3.8227E-10  2.2273E-08  3.9941E-13  2.2656E-08
  1.8824E+02  3.7675E-10  2.2206E-08  3.9351E-13  2.2584E-08
  1.8965E+02  3.7130E-10  2.2139E-08  3.8770E-13  2.2511E-08
  1.9106E+02  3.6594E-10  2.2072E-08  3.8198E-13  2.2439E-08
  1.9249E+02  3.6065E-10  2.2005E-08  3.7634E-13  2.2366E-08
  1.9392E+02  3.5544E-10  2.1938E-08  3.7079E-13  2.2294E-08
  1.9537E+02  3.5030E-10  2.1870E-08  3.6532E-13  2.2221E-08
  1.9683E+02  3.4524E-10  2.1803E-08  3.5993E-13  2.2148E-08
  1.9829E+02  3.4026E-10  2.1735E-08  3.5462E-13  2.2075E-08
  1.9977E+02  3.3534E-10  2.1667E-08  3.4940E-13  2.2002E-08
  2.0126E+02  3.3050E-10  2.1599E-08  3.4425E-13  2.1930E-08
  2.0276E+02  3.2573E-10  2.1530E-08  3.3918E-13  2.1857E-08
  2.0427E+02  3.2103E-10  2.1462E-08  3.3418E-13  2.1783E-08
  2.0579E+02  3.1639E-10  2.1394E-08  3.2926E-13  2.1710E-08
  2.0732E+02  3.1183E-10  2.1325E-08  3.2441E-13  2.1637E-08
  2.0886E+02  3.0733E-10  2.1256E-08  3.1964E-13  2.1564E-08
  2.1042E+02  3.0289E-10  2.1188E-08  3.1493E-13  2.1491E-08
  2.1198E+02  2.9852E-10  2.1119E-08  3.1030E-13  2.1417E-08
  2.1356E+02  2.9421E-10  2.1050E-08  3.0574E-13  2.1344E-08
  2.1515E+02  2.8997E-10  2.0980E-08  3.0124E-13  2.1271E-08
  2.1674E+02  2.8579E-10  2.0911E-08  2.9681E-13  2.1197E-08
  2.1836E+02  2.8166E-10  2.0842E-08  2.9245E-13  2.1124E-08
  2.1998E+02  2.7760E-10  2.0772E-08  2.8815E-13  2.1050E-08
  2.2161E+02  2.7360E-10  2.0702E-08  2.8392E-13  2.0976E-08
  2.2326E+02  2.6965E-10  2.0633E-08  2.7975E-13  2.0903E-08
  2.2491E+02  2.6576E-10  2.0563E-08  2.7564E-13  2.0829E-08
  2.2658E+02  2.6193E-10  2.0493E-08  2.7160E-13  2.0755E-08
  2.2827E+02  2.5816E-10  2.0423E-08  2.6761E-13  2.0681E-08
  2.2996E+02  2.5443E-10  2.0353E-08  2.6368E-13  2.0607E-08
  2.3166E+02  2.5077E-10  2.0282E-08  2.5981E-13  2.0533E-08
  2.3338E+02  2.4715E-10  2.0212E-08  2.5600E-13  2.0459E-08
  2.3511E+02  2.4359E-10  2.0141E-08  2.5225E-13  2.0385E-08
  2.3686E+02  2.4008E-10  2.0071E-08  2.4855E-13  2.0311E-08
  2.3861E+02  2.3662E-10  2.0000E-08  2.4491E-13  2.0237E-08
  2.4038E+02  2.3321E-10  1.9930E-08  2.4132E-13  2.0163E-08
  2.4216E+02  2.2985E-10  1.9859E-08  2.3778E-13  2.0089E-08
  2.4395E+02  2.2654E-10  1.9788E-08  2.3430E-13  2.0015E-08
  2.4576E+02  2.2328E-10  1.9717E-08  2.3087E-13  1.9940E-08
  2.4758E+02  2.2006E-10  1.9646E-08  2.2748E-13  1.9866E-08
  2.4941E+02  2.1689E-10  1.9574E-08  2.2415E-13  1.9792E-08
  2.5126E+02  2.1377E-10  1.9503E-08  2.2087E-13  1.9717E-08
  2.5312E+02  2.1069E-10  1.9432E-08  2.1764E-13  1.9643E-08
  2.5499E+02  2.0765E-10  1.9360E-08  2.1446E-13  1.9568E-08
  2.5687E+02  2.0466E-10  1.9289E-08  2.1132E-13  1.9494E-08
  2.5877E+02  2.0172E-10  1.9217E-08  2.0823E-13  1.9419E-08
  2.6069E+02  1.9881E-10  1.9146E-08  2.0518E-13  1.9345E-08
  2.6261E+02  1.9595E-10  1.9074E-08  2.0218E-13  1.9270E-08
  2.6456E+02  1.9313E-10  1.9002E-08  1.9923E-13  1.9196E-08
  2.6651E+02  1.9035E-10  1.8931E-08  1.9631E-13  1.9121E-08
  2.6848E+02  1.8761E-10  1.8859E-08  1.9345E-13  1.9046E-08
  2.7046E+02  1.8491E-10  1.8787E-08  1.9062E-13  1.8972E-08
  2.7246E+02  1.8225E-10  1.8715E-08  1.8784E-13  1.8897E-08
  2.7447E+02  1.7963E-10  1.8643E-08  1.8509E-13  1.8822E-08
  2.7650E+02  1.7704E-10  1.8571E-08  1.8239E-13  1.8748E-08
  2.7854E+02  1.7450E-10  1.8498E-08  1.7973E-13  1.8673E-08
  2.8059E+02  1.7199E-10  1.8426E-08  1.7710E-13  1.8598E-08
  2.8266E+02  1.6951E-10  1.8354E-08  1.7452E-13  1.8524E-08
  2.8475E+02  1.6708E-10  1.8282E-08  1.7197E-13  1.8449E-08
  2.8685E+02  1.6467E-10  1.8209E-08  1.6946E-13  1.8374E-08
  2.8896E+02  1.6230E-10  1.8137E-08  1.6699E-13  1.8299E-08
  2.9109E+02  1.5997E-10  1.8064E-08  1.6455E-13  1.8225E-08
  2.9324E+02  1.5767E-10  1.7992E-08  1.6216E-13  1.8150E-08
  2.9540E+02  1.5540E-10  1.7919E-08  1.5979E-13  1.8075E-08
  2.9758E+02  1.5317E-10  1.7847E-08  1.5746E-13  1.8000E-08
  2.9977E+02  1.5097E-10  1.7774E-08  1.5517E-13  1.7926E-08
  3.0198E+02  1.4880E-10  1.7702E-08  1.5291E-13  1.7851E-08
  3.0420E+02  1.4666E-10  1.7629E-08  1.5068E-13  1.7776E-08
  3.0644E+02  1.4455E-10  1.7557E-08  1.4848E-13  1.7701E-08
  3.0870E+02  1.4247E-10  1.7484E-08  1.4632E-13  1.7626E-08
  3.1097E+02  1.4042E-10  1.7411E-08  1.4419E-13  1.7552E-08
  3.1326E+02  1.3841E-10  1.7338E-08  1.4209E-13  1.7477E-08
  3.1557E+02  1.3642E-10  1.7266E-08  1.4002E-13  1.7402E-08
  3.1789E+02  1.3446E-10  1.7193E-08  1.3798E-13  1.7328E-08
  3.2023E+02  1.3252E-10  1.7120E-08  1.3598E-13  1.7253E-08
  3.2258E+02  1.3062E-10  1.7048E-08  1.3400E-13  1.7178E-08
  3.2496E+02  1.2874E-10  1.6975E-08  1.3205E-13  1.7104E-08
  3.2735E+02  1.2689E-10  1.6902E-08  1.3013E-13  1.7029E-08
  3.2975E+02  1.2507E-10  1.6829E-08  1.2823E-13  1.6954E-08
  3.3218E+02  1.2327E-10  1.6756E-08  1.2637E-13  1.6880E-08
  3.3462E+02  1.2150E-10  1.6684E-08  1.2453E-13  1.6805E-08
  3.3708E+02  1.1976E-10  1.6611E-08  1.2272E-13  1.6731E-08
  3.3956E+02  1.1804E-10  1.6538E-08  1.2094E-13  1.6656E-08
  3.4205E+02  1.1634E-10  1.6465E-08  1.1918E-13  1.6582E-08
  3.4456E+02  1.1467E-10  1.6393E-08  1.1745E-13  1.6507E-08
  3.4709E+02  1.1303E-10  1.6320E-08  1.1574E-13  1.6433E-08
  3.4964E+02  1.1140E-10  1.6247E-08  1.1406E-13  1.6359E-08
  3.5221E+02  1.0980E-10  1.6175E-08  1.1240E-13  1.6285E-08
  3.5480E+02  1.0823E-10  1.6102E-08  1.1077E-13  1.6210E-08
  3.5740E+02  1.0667E-10  1.6029E-08  1.0916E-13  1.6136E-08
  3.6002E+02  1.0514E-10  1.5957E-08  1.0758E-13  1.6062E-08
  3.6267E+02  1.0363E-10  1.5884E-08  1.0601E-13  1.5988E-08
  3.6533E+02  1.0215E-10  1.5811E-08  1.0448E-13  1.5914E-08
  3.6801E+02  1.0068E-10  1.5739E-08  1.0296E-13  1.5840E-08
  3.7071E+02  9.9235E-11  1.5666E-08  1.0147E-13  1.5766E-08
  3.7343E+02  9.7811E-11  1.5594E-08  9.9993E-14  1.5692E-08
  3.7617E+02  9.6407E-11  1.5522E-08  9.8542E-14  1.5618E-08
  3.7892E+02  9.5024E-11  1.5449E-08  9.7113E-14  1.5544E-08
  3.8170E+02  9.3660E-11  1.5377E-08  9.5704E-14  1.5471E-08
  3.8450E+02  9.2316E-11  1.5305E-08  9.4316E-14  1.5397E-08
  3.8732E+02  9.0992E-11  1.5232E-08  9.2949E-14  1.5323E-08
  3.9016E+02  8.9686E-11  1.5160E-08  9.1601E-14  1.5250E-08
  3.9302E+02  8.8400E-11  1.5088E-08  9.0273E-14  1.5176E-08
  3.9590E+02  8.7132E-11  1.5016E-08  8.8964E-14  1.5103E-08
  3.9880E+02  8.5882E-11  1.4944E-08  8.7675E-14  1.5030E-08
  4.0172E+02  8.4650E-11  1.4872E-08  8.6405E-14  1.4956E-08
  4.0466E+02  8.3436E-11  1.4800E-08  8.5153E-14  1.4883E-08
  4.0762E+02  8.2239E-11  1.4728E-08  8.3919E-14  1.4810E-08
  4.1061E+02  8.1060E-11  1.4656E-08  8.2703E-14  1.4737E-08
  4.1362E+02  7.9897E-11  1.4584E-08  8.1505E-14  1.4664E-08
  4.1664E+02  7.8751E-11  1.4513E-08  8.0325E-14  1.4592E-08
  4.1969E+02  7.7622E-11  1.4441E-08  7.9162E-14  1.4519E-08
  4.2277E+02  7.6509E-11  1.4370E-08  7.8016E-14  1.4446E-08
  4.2586E+02  7.5412E-11  1.4298E-08  7.6886E-14  1.4374E-08
  4.2898E+02  7.4331E-11  1.4227E-08  7.5773E-14  1.4301E-08
  4.3211E+02  7.3265E-11  1.4156E-08  7.4676E-14  1.4229E-08
  4.3528E+02  7.2215E-11  1.4084E-08  7.3596E-14  1.4157E-08
  4.3846E+02  7.1179E-11  1.4013E-08  7.2531E-14  1.4084E-08
  4.4167E+02  7.0159E-11  1.3942E-08  7.1481E-14  1.4012E-08
  4.4490E+02  6.9153E-11  1.3871E-08  7.0447E-14  1.3940E-08
  4.4815E+02  6.8162E-11  1.3800E-08  6.9428E-14  1.3869E-08
  4.5143E+02  6.7185E-11  1.3730E-08  6.8424E-14  1.3797E-08
  4.5473E+02  6.6222E-11  1.3659E-08  6.7434E-14  1.3725E-08
  4.5805E+02  6.5273E-11  1.3588E-08  6.6459E-14  1.3654E-08
  4.6140E+02  6.4338E-11  1.3518E-08  6.5498E-14  1.3582E-08
  4.6477E+02  6.3416E-11  1.3447E-08  6.4551E-14  1.3511E-08
  4.6817E+02  6.2507E-11  1.3377E-08  6.3618E-14  1.3440E-08
  4.7159E+02  6.1611E-11  1.3307E-08  6.2698E-14  1.3369E-08
  4.7503E+02  6.0728E-11  1.3237E-08  6.1792E-14  1.3298E-08
  4.7850E+02  5.9858E-11  1.3167E-08  6.0899E-14  1.3227E-08
  4.8200E+02  5.9001E-11  1.3097E-08  6.0019E-14  1.3156E-08
  4.8552E+02  5.8155E-11  1.3027E-08  5.9152E-14  1.3086E-08
  4.8906E+02  5.7322E-11  1.2958E-08  5.8297E-14  1.3015E-08
  4.9264E+02  5.6501E-11  1.2888E-08  5.7455E-14  1.2945E-08
  4.9623E+02  5.5692E-11  1.2819E-08  5.6625E-14  1.2875E-08
  4.9986E+02  5.4894E-11  1.2750E-08  5.5807E-14  1.2805E-08
  5.0350E+02  5.4107E-11  1.2680E-08  5.5001E-14  1.2735E-08
  5.0718E+02  5.3332E-11  1.2611E-08  5.4207E-14  1.2665E-08
  5.1088E+02  5.2569E-11  1.2543E-08  5.3424E-14  1.2595E-08
  5.1461E+02  5.1816E-11  1.2474E-08  5.2653E-14  1.2526E-08
  5.1837E+02  5.1073E-11  1.2405E-08  5.1893E-14  1.2456E-08
  5.2215E+02  5.0342E-11  1.2337E-08  5.1144E-14  1.2387E-08
  5.2596E+02  4.9621E-11  1.2268E-08  5.0406E-14  1.2318E-08
  5.2979E+02  4.8910E-11  1.2200E-08  4.9678E-14  1.2249E-08
  5.3366E+02  4.8210E-11  1.2132E-08  4.8961E-14  1.2180E-08
  5.3755E+02  4.7520E-11  1.2064E-08  4.8255E-14  1.2112E-08
  5.4147E+02  4.6839E-11  1.1996E-08  4.7559E-14  1.2043E-08
  5.4542E+02  4.6169E-11  1.1929E-08  4.6873E-14  1.1975E-08
  5.4940E+02  4.5508E-11  1.1861E-08  4.6196E-14  1.1907E-08
  5.5340E+02  4.4856E-11  1.1794E-08  4.5530E-14  1.1839E-08
  5.5744E+02  4.4214E-11  1.1727E-08  4.4873E-14  1.1771E-08
  5.6150E+02  4.3581E-11  1.1659E-08  4.4226E-14  1.1703E-08
  5.6559E+02  4.2957E-11  1.1593E-08  4.3589E-14  1.1636E-08
  5.6972E+02  4.2342E-11  1.1526E-08  4.2960E-14  1.1568E-08
  5.7387E+02  4.1736E-11  1.1459E-08  4.2341E-14  1.1501E-08
  5.7805E+02  4.1139E-11  1.1393E-08  4.1730E-14  1.1434E-08
  5.8226E+02  4.0550E-11  1.1327E-08  4.1129E-14  1.1367E-08
  5.8650E+02  3.9969E-11  1.1260E-08  4.0536E-14  1.1300E-08
  5.9078E+02  3.9397E-11  1.1194E-08  3.9952E-14  1.1234E-08
  5.9508E+02  3.8833E-11  1.1129E-08  3.9376E-14  1.1168E-08
  5.9941E+02  3.8278E-11  1.1063E-08  3.8808E-14  1.1101E-08
  6.0378E+02  3.7730E-11  1.0998E-08  3.8249E-14  1.1035E-08
  6.0818E+02  3.7190E-11  1.0932E-08  3.7698E-14  1.0970E-08
  6.1261E+02  3.6658E-11  1.0867E-08  3.7155E-14  1.0904E-08
  6.1707E+02  3.6133E-11  1.0802E-08  3.6620E-14  1.0838E-08
  6.2156E+02  3.5616E-11  1.0737E-08  3.6092E-14  1.0773E-08
  6.2609E+02  3.5106E-11  1.0673E-08  3.5572E-14  1.0708E-08
  6.3064E+02  3.4604E-11  1.0609E-08  3.5060E-14  1.0643E-08
  6.3523E+02  3.4109E-11  1.0544E-08  3.4555E-14  1.0578E-08
  6.3986E+02  3.3621E-11  1.0480E-08  3.4058E-14  1.0514E-08
  6.4451E+02  3.3140E-11  1.0416E-08  3.3567E-14  1.0450E-08
  6.4920E+02  3.2666E-11  1.0353E-08  3.3084E-14  1.0385E-08
  6.5393E+02  3.2198E-11  1.0289E-08  3.2608E-14  1.0321E-08
  6.5869E+02  3.1738E-11  1.0226E-08  3.2138E-14  1.0258E-08
  6.6348E+02  3.1284E-11  1.0163E-08  3.1676E-14  1.0194E-08
  6.6831E+02  3.0836E-11  1.0100E-08  3.1220E-14  1.0131E-08
  6.7317E+02  3.0395E-11  1.0037E-08  3.0770E-14  1.0068E-08
  6.7807E+02  2.9960E-11  9.9745E-09  3.0328E-14  1.0005E-08
  6.8300E+02  2.9532E-11  9.9122E-09  2.9891E-14  9.9418E-09
  6.8797E+02  2.9109E-11  9.8500E-09  2.9461E-14  9.8792E-09
  6.9297E+02  2.8693E-11  9.7881E-09  2.9037E-14  9.8168E-09
  6.9801E+02  2.8283E-11  9.7263E-09  2.8619E-14  9.7546E-09
  7.0308E+02  2.7878E-11  9.6648E-09  2.8208E-14  9.6927E-09
  7.0820E+02  2.7479E-11  9.6034E-09  2.7802E-14  9.6309E-09
  7.1335E+02  2.7086E-11  9.5422E-09  2.7402E-14  9.5693E-09
  7.1853E+02  2.6699E-11  9.4813E-09  2.7008E-14  9.5080E-09
  7.2375E+02  2.6317E-11  9.4205E-09  2.6619E-14  9.4469E-09
  7.2902E+02  2.5941E-11  9.3600E-09  2.6237E-14  9.3859E-09
  7.3431E+02  2.5570E-11  9.2996E-09  2.5859E-14  9.3252E-09
  7.3965E+02  2.5204E-11  9.2395E-09  2.5487E-14  9.2647E-09
  7.4503E+02  2.4844E-11  9.1796E-09  2.5121E-14  9.2044E-09
  7.5044E+02  2.4489E-11  9.1199E-09  2.4760E-14  9.1444E-09
  7.5589E+02  2.4139E-11  9.0604E-09  2.4404E-14  9.0845E-09
  7.6139E+02  2.3793E-11  9.0011E-09  2.4053E-14  9.0249E-09
  7.6692E+02  2.3453E-11  8.9420E-09  2.3707E-14  8.9655E-09
  7.7249E+02  2.3118E-11  8.8831E-09  2.3367E-14  8.9063E-09
  7.7810E+02  2.2787E-11  8.8245E-09  2.3031E-14  8.8473E-09
  7.8375E+02  2.2462E-11  8.7660E-09  2.2700E-14  8.7885E-09
  7.8945E+02  2.2141E-11  8.7078E-09  2.2373E-14  8.7300E-09
  7.9518E+02  2.1824E-11  8.6498E-09  2.2052E-14  8.6717E-09
  8.0096E+02  2.1512E-11  8.5920E-09  2.1735E-14  8.6136E-09
  8.0677E+02  2.1205E-11  8.5345E-09  2.1423E-14  8.5557E-09
  8.1263E+02  2.0901E-11  8.4771E-09  2.1115E-14  8.4981E-09
  8.1853E+02  2.0603E-11  8.4200E-09  2.0812E-14  8.4407E-09
  8.2448E+02  2.0308E-11  8.3631E-09  2.0513E-14  8.3835E-09
  8.3046E+02  2.0018E-11  8.3065E-09  2.0218E-14  8.3265E-09
  8.3649E+02  1.9732E-11  8.2500E-09  1.9928E-14  8.2698E-09
  8.4257E+02  1.9450E-11  8.1938E-09  1.9641E-14  8.2133E-09
  8.4868E+02  1.9172E-11  8.1378E-09  1.9359E-14  8.1570E-09
  8.5484E+02  1.8898E-11  8.0820E-09  1.9081E-14  8.1010E-09
  8.6105E+02  1.8628E-11  8.0265E-09  1.8807E-14  8.0452E-09
  8.6730E+02  1.8361E-11  7.9712E-09  1.8537E-14  7.9896E-09
  8.7359E+02  1.8099E-11  7.9161E-09  1.8271E-14  7.9342E-09
  8.7993E+02  1.7840E-11  7.8613E-09  1.8009E-14  7.8791E-09
  8.8632E+02  1.7585E-11  7.8066E-09  1.7750E-14  7.8243E-09
  8.9275E+02  1.7334E-11  7.7523E-09  1.7495E-14  7.7696E-09
  8.9923E+02  1.7086E-11  7.6981E-09  1.7244E-14  7.7152E-09
  9.0575E+02  1.6842E-11  7.6442E-09  1.6997E-14  7.6610E-09
  9.1232E+02  1.6602E-11  7.5905E-09  1.6753E-14  7.6071E-09
  9.1894E+02  1.6364E-11  7.5370E-09  1.6512E-14  7.5534E-09
  9.2561E+02  1.6131E-11  7.4838E-09  1.6275E-14  7.4999E-09
  9.3232E+02  1.5900E-11  7.4308E-09  1.6042E-14  7.4467E-09
  9.3908E+02  1.5673E-11  7.3781E-09  1.5811E-14  7.3937E-09
  9.4590E+02  1.5449E-11  7.3255E-09  1.5585E-14  7.3410E-09
  9.5276E+02  1.5228E-11  7.2733E-09  1.5361E-14  7.2885E-09
  9.5967E+02  1.5011E-11  7.2212E-09  1.5140E-14  7.2362E-09
  9.6663E+02  1.4796E-11  7.1694E-09  1.4923E-14  7.1842E-09
  9.7364E+02  1.4585E-11  7.1178E-09  1.4709E-14  7.1324E-09
  9.8070E+02  1.4376E-11  7.0665E-09  1.4498E-14  7.0809E-09
  9.8781E+02  1.4171E-11  7.0154E-09  1.4290E-14  7.0296E-09
  9.9497E+02  1.3969E-11  6.9645E-09  1.4085E-14  6.9785E-09
  1.0022E+03  1.3769E-11  6.9139E-09  1.3883E-14  6.9277E-09
  1.0094E+03  1.3572E-11  6.8635E-09  1.3684E-14  6.8771E-09
  1.0168E+03  1.3378E-11  6.8134E-09  1.3488E-14  6.8268E-09
  1.0241E+03  1.3187E-11  6.7635E-09  1.3294E-14  6.7767E-09
  1.0316E+03  1.2999E-11  6.7139E-09  1.3104E-14  6.7269E-09
  1.0390E+03  1.2813E-11  6.6644E-09  1.2916E-14  6.6773E-09
  1.0466E+03  1.2630E-11  6.6153E-09  1.2730E-14  6.6279E-09
  1.0542E+03  1.2450E-11  6.5663E-09  1.2548E-14  6.5788E-09
  1.0618E+03  1.2272E-11  6.5176E-09  1.2368E-14  6.5299E-09
  1.0695E+03  1.2097E-11  6.4692E-09  1.2191E-14  6.4813E-09
  1.0772E+03  1.1924E-11  6.4210E-09  1.2016E-14  6.4329E-09
  1.0850E+03  1.1754E-11  6.3730E-09  1.1844E-14  6.3848E-09
  1.0929E+03  1.1586E-11  6.3253E-09  1.1674E-14  6.3369E-09
  1.1008E+03  1.1420E-11  6.2778E-09  1.1506E-14  6.2892E-09
  1.1088E+03  1.1257E-11  6.2306E-09  1.1342E-14  6.2418E-09
  1.1168E+03  1.1096E-11  6.1836E-09  1.1179E-14  6.1947E-09
  1.1249E+03  1.0938E-11  6.1368E-09  1.1019E-14  6.1477E-09
  1.1331E+03  1.0782E-11  6.0903E-09  1.0861E-14  6.1011E-09
  1.1413E+03  1.0628E-11  6.0440E-09  1.0705E-14  6.0547E-09
  1.1496E+03  1.0476E-11  5.9980E-09  1.0552E-14  6.0085E-09
  1.1579E+03  1.0326E-11  5.9522E-09  1.0400E-14  5.9625E-09
  1.1663E+03  1.0179E-11  5.9067E-09  1.0251E-14  5.9168E-09
  1.1747E+03  1.0034E-11  5.8614E-09  1.0105E-14  5.8714E-09
  1.1832E+03  9.8904E-12  5.8163E-09  9.9598E-15  5.8262E-09
  1.1918E+03  9.7492E-12  5.7715E-09  9.8170E-15  5.7812E-09
  1.2004E+03  9.6100E-12  5.7269E-09  9.6764E-15  5.7365E-09
  1.2091E+03  9.4727E-12  5.6826E-09  9.5377E-15  5.6921E-09
  1.2179E+03  9.3375E-12  5.6385E-09  9.4011E-15  5.6478E-09
  1.2267E+03  9.2042E-12  5.5946E-09  9.2664E-15  5.6039E-09
  1.2356E+03  9.0727E-12  5.5510E-09  9.1337E-15  5.5601E-09
  1.2445E+03  8.9432E-12  5.5077E-09  9.0028E-15  5.5166E-09
  1.2535E+03  8.8155E-12  5.4645E-09  8.8739E-15  5.4734E-09
  1.2626E+03  8.6896E-12  5.4217E-09  8.7468E-15  5.4304E-09
  1.2717E+03  8.5656E-12  5.3790E-09  8.6215E-15  5.3876E-09
  1.2809E+03  8.4433E-12  5.3366E-09  8.4980E-15  5.3451E-09
  1.2902E+03  8.3228E-12  5.2945E-09  8.3763E-15  5.3028E-09
  1.2996E+03  8.2039E-12  5.2526E-09  8.2563E-15  5.2608E-09
  1.3090E+03  8.0868E-12  5.2109E-09  8.1381E-15  5.2190E-09
  1.3184E+03  7.9714E-12  5.1695E-09  8.0215E-15  5.1774E-09
  1.3280E+03  7.8576E-12  5.1283E-09  7.9067E-15  5.1361E-09
  1.3376E+03  7.7454E-12  5.0873E-09  7.7934E-15  5.0951E-09
  1.3473E+03  7.6348E-12  5.0466E-09  7.6818E-15  5.0542E-09
  1.3570E+03  7.5258E-12  5.0061E-09  7.5719E-15  5.0136E-09
  1.3668E+03  7.4184E-12  4.9659E-09  7.4634E-15  4.9733E-09
  1.3767E+03  7.3125E-12  4.9259E-09  7.3566E-15  4.9332E-09
  1.3867E+03  7.2081E-12  4.8861E-09  7.2513E-15  4.8933E-09
  1.3967E+03  7.1052E-12  4.8466E-09  7.1474E-15  4.8537E-09
  1.4068E+03  7.0038E-12  4.8073E-09  7.0451E-15  4.8143E-09
  1.4170E+03  6.9038E-12  4.7682E-09  6.9443E-15  4.7752E-09
  1.4273E+03  6.8053E-12  4.7294E-09  6.8449E-15  4.7362E-09
  1.4376E+03  6.7082E-12  4.6908E-09  6.7469E-15  4.6976E-09
  1.4480E+03  6.6124E-12  4.6525E-09  6.6503E-15  4.6591E-09
  1.4585E+03  6.5180E-12  4.6144E-09  6.5551E-15  4.6209E-09
  1.4690E+03  6.4250E-12  4.5765E-09  6.4613E-15  4.5830E-09
  1.4797E+03  6.3333E-12  4.5389E-09  6.3688E-15  4.5452E-09
  1.4904E+03  6.2429E-12  4.5015E-09  6.2777E-15  4.5077E-09
  1.5011E+03  6.1538E-12  4.4643E-09  6.1878E-15  4.4705E-09
  1.5120E+03  6.0660E-12  4.4274E-09  6.0993E-15  4.4334E-09
  1.5229E+03  5.9794E-12  4.3907E-09  6.0120E-15  4.3966E-09
  1.5340E+03  5.8941E-12  4.3542E-09  5.9259E-15  4.3601E-09
  1.5450E+03  5.8100E-12  4.3179E-09  5.8411E-15  4.3237E-09
  1.5562E+03  5.7270E-12  4.2819E-09  5.7576E-15  4.2877E-09
  1.5675E+03  5.6453E-12  4.2461E-09  5.6752E-15  4.2518E-09
  1.5788E+03  5.5647E-12  4.2106E-09  5.5940E-15  4.2161E-09
  1.5902E+03  5.4853E-12  4.1753E-09  5.5139E-15  4.1807E-09
  1.6017E+03  5.4070E-12  4.1402E-09  5.4350E-15  4.1456E-09
  1.6133E+03  5.3299E-12  4.1053E-09  5.3573E-15  4.1106E-09
  1.6250E+03  5.2538E-12  4.0706E-09  5.2806E-15  4.0759E-09
  1.6367E+03  5.1788E-12  4.0362E-09  5.2051E-15  4.0414E-09
  1.6486E+03  5.1049E-12  4.0020E-09  5.1306E-15  4.0071E-09
  1.6605E+03  5.0321E-12  3.9681E-09  5.0572E-15  3.9731E-09
  1.6725E+03  4.9603E-12  3.9343E-09  4.9849E-15  3.9393E-09
  1.6846E+03  4.8895E-12  3.9008E-09  4.9136E-15  3.9057E-09
  1.6968E+03  4.8197E-12  3.8675E-09  4.8433E-15  3.8723E-09
  1.7090E+03  4.7510E-12  3.8344E-09  4.7740E-15  3.8392E-09
  1.7214E+03  4.6832E-12  3.8016E-09  4.7057E-15  3.8063E-09
  1.7338E+03  4.6164E-12  3.7689E-09  4.6384E-15  3.7736E-09
  1.7464E+03  4.5505E-12  3.7365E-09  4.5721E-15  3.7411E-09
  1.7590E+03  4.4856E-12  3.7043E-09  4.5067E-15  3.7088E-09
  1.7717E+03  4.4216E-12  3.6724E-09  4.4423E-15  3.6768E-09
  1.7845E+03  4.3585E-12  3.6406E-09  4.3787E-15  3.6450E-09
  1.7974E+03  4.2963E-12  3.6091E-09  4.3161E-15  3.6134E-09
  1.8104E+03  4.2350E-12  3.5778E-09  4.2544E-15  3.5820E-09
  1.8235E+03  4.1746E-12  3.5467E-09  4.1935E-15  3.5508E-09
  1.8367E+03  4.1150E-12  3.5158E-09  4.1336E-15  3.5199E-09
  1.8499E+03  4.0563E-12  3.4851E-09  4.0745E-15  3.4892E-09
  1.8633E+03  3.9984E-12  3.4546E-09  4.0162E-15  3.4586E-09
  1.8768E+03  3.9414E-12  3.4244E-09  3.9588E-15  3.4283E-09
  1.8903E+03  3.8851E-12  3.3944E-09  3.9022E-15  3.3982E-09
  1.9040E+03  3.8297E-12  3.3645E-09  3.8464E-15  3.3684E-09
  1.9177E+03  3.7751E-12  3.3349E-09  3.7914E-15  3.3387E-09
  1.9316E+03  3.7212E-12  3.3055E-09  3.7372E-15  3.3092E-09
  1.9456E+03  3.6681E-12  3.2763E-09  3.6838E-15  3.2800E-09
  1.9596E+03  3.6158E-12  3.2473E-09  3.6311E-15  3.2510E-09
  1.9738E+03  3.5642E-12  3.2186E-09  3.5792E-15  3.2221E-09
  1.9880E+03  3.5134E-12  3.1900E-09  3.5280E-15  3.1935E-09
  2.0024E+03  3.4632E-12  3.1616E-09  3.4776E-15  3.1651E-09
  2.0169E+03  3.4138E-12  3.1334E-09  3.4279E-15  3.1369E-09
  2.0314E+03  3.3651E-12  3.1055E-09  3.3789E-15  3.1089E-09
  2.0461E+03  3.3171E-12  3.0777E-09  3.3306E-15  3.0811E-09
  2.0609E+03  3.2698E-12  3.0502E-09  3.2830E-15  3.0535E-09
  2.0758E+03  3.2232E-12  3.0228E-09  3.2360E-15  3.0261E-09
  2.0908E+03  3.1772E-12  2.9957E-09  3.1898E-15  2.9989E-09
  2.1059E+03  3.1319E-12  2.9687E-09  3.1442E-15  2.9719E-09
  2.1211E+03  3.0872E-12  2.9420E-09  3.0993E-15  2.9451E-09
  2.1364E+03  3.0432E-12  2.9154E-09  3.0550E-15  2.9185E-09
  2.1519E+03  2.9997E-12  2.8891E-09  3.0113E-15  2.8921E-09
  2.1674E+03  2.9570E-12  2.8629E-09  2.9683E-15  2.8659E-09
  2.1831E+03  2.9148E-12  2.8369E-09  2.9259E-15  2.8398E-09
  2.1988E+03  2.8732E-12  2.8112E-09  2.8840E-15  2.8140E-09
  2.2147E+03  2.8322E-12  2.7856E-09  2.8428E-15  2.7884E-09
  2.2307E+03  2.7918E-12  2.7602E-09  2.8022E-15  2.7630E-09
  2.2468E+03  2.7520E-12  2.7350E-09  2.7622E-15  2.7378E-09
  2.2630E+03  2.7127E-12  2.7100E-09  2.7227E-15  2.7127E-09
  2.2794E+03  2.6741E-12  2.6852E-09  2.6838E-15  2.6879E-09
  2.2958E+03  2.6359E-12  2.6606E-09  2.6454E-15  2.6632E-09
  2.3124E+03  2.5983E-12  2.6361E-09  2.6076E-15  2.6387E-09
  2.3291E+03  2.5613E-12  2.6119E-09  2.5704E-15  2.6144E-09
  2.3459E+03  2.5247E-12  2.5878E-09  2.5337E-15  2.5903E-09
  2.3629E+03  2.4887E-12  2.5639E-09  2.4975E-15  2.5664E-09
  2.3799E+03  2.4532E-12  2.5402E-09  2.4618E-15  2.5427E-09
  2.3971E+03  2.4182E-12  2.5167E-09  2.4266E-15  2.5191E-09
  2.4144E+03  2.3837E-12  2.4934E-09  2.3919E-15  2.4958E-09
  2.4319E+03  2.3497E-12  2.4702E-09  2.3578E-15  2.4726E-09
  2.4494E+03  2.3162E-12  2.4473E-09  2.3241E-15  2.4496E-09
  2.4671E+03  2.2832E-12  2.4245E-09  2.2909E-15  2.4268E-09
  2.4849E+03  2.2506E-12  2.4019E-09  2.2581E-15  2.4041E-09
  2.5029E+03  2.2185E-12  2.3794E-09  2.2259E-15  2.3817E-09
  2.5209E+03  2.1869E-12  2.3572E-09  2.1941E-15  2.3594E-09
  2.5391E+03  2.1557E-12  2.3351E-09  2.1627E-15  2.3373E-09
  2.5575E+03  2.1250E-12  2.3132E-09  2.1319E-15  2.3153E-09
  2.5759E+03  2.0947E-12  2.2915E-09  2.1014E-15  2.2936E-09
  2.5945E+03  2.0648E-12  2.2699E-09  2.0714E-15  2.2720E-09
  2.6133E+03  2.0353E-12  2.2485E-09  2.0418E-15  2.2506E-09
  2.6321E+03  2.0063E-12  2.2273E-09  2.0126E-15  2.2293E-09
  2.6511E+03  1.9777E-12  2.2063E-09  1.9839E-15  2.2083E-09
  2.6703E+03  1.9495E-12  2.1854E-09  1.9556E-15  2.1874E-09
  2.6895E+03  1.9217E-12  2.1647E-09  1.9276E-15  2.1666E-09
  2.7090E+03  1.8943E-12  2.1442E-09  1.9001E-15  2.1461E-09
  2.7285E+03  1.8673E-12  2.1238E-09  1.8730E-15  2.1257E-09
  2.7482E+03  1.8407E-12  2.1036E-09  1.8462E-15  2.1054E-09
  2.7680E+03  1.8144E-12  2.0836E-09  1.8198E-15  2.0854E-09
  2.7880E+03  1.7885E-12  2.0637E-09  1.7938E-15  2.0655E-09
  2.8082E+03  1.7630E-12  2.0440E-09  1.7682E-15  2.0457E-09
  2.8284E+03  1.7379E-12  2.0244E-09  1.7430E-15  2.0261E-09
  2.8488E+03  1.7131E-12  2.0050E-09  1.7181E-15  2.0067E-09
  2.8694E+03  1.6887E-12  1.9858E-09  1.6936E-15  1.9875E-09
  2.8901E+03  1.6646E-12  1.9667E-09  1.6694E-15  1.9684E-09
  2.9110E+03  1.6409E-12  1.9478E-09  1.6455E-15  1.9494E-09
  2.9320E+03  1.6175E-12  1.9290E-09  1.6220E-15  1.9307E-09
  2.9531E+03  1.5944E-12  1.9104E-09  1.5989E-15  1.9120E-09
  2.9744E+03  1.5717E-12  1.8920E-09  1.5760E-15  1.8936E-09
  2.9959E+03  1.5492E-12  1.8737E-09  1.5535E-15  1.8752E-09
  3.0175E+03  1.5272E-12  1.8556E-09  1.5314E-15  1.8571E-09
  3.0393E+03  1.5054E-12  1.8376E-09  1.5095E-15  1.8391E-09
  3.0612E+03  1.4839E-12  1.8197E-09  1.4879E-15  1.8212E-09
  3.0833E+03  1.4628E-12  1.8020E-09  1.4667E-15  1.8035E-09
  3.1056E+03  1.4419E-12  1.7845E-09  1.4458E-15  1.7859E-09
  3.1280E+03  1.4213E-12  1.7671E-09  1.4251E-15  1.7685E-09
  3.1506E+03  1.4011E-12  1.7499E-09  1.4048E-15  1.7513E-09
  3.1733E+03  1.3811E-12  1.7328E-09  1.3847E-15  1.7342E-09
  3.1962E+03  1.3614E-12  1.7158E-09  1.3649E-15  1.7172E-09
  3.2193E+03  1.3420E-12  1.6990E-09  1.3455E-15  1.7004E-09
  3.2425E+03  1.3229E-12  1.6824E-09  1.3262E-15  1.6837E-09
  3.2659E+03  1.3040E-12  1.6658E-09  1.3073E-15  1.6671E-09
  3.2895E+03  1.2854E-12  1.6495E-09  1.2886E-15  1.6507E-09
  3.3132E+03  1.2671E-12  1.6332E-09  1.2702E-15  1.6345E-09
  3.3371E+03  1.2490E-12  1.6171E-09  1.2521E-15  1.6184E-09
  3.3612E+03  1.2312E-12  1.6012E-09  1.2342E-15  1.6024E-09
  3.3854E+03  1.2137E-12  1.5854E-09  1.2166E-15  1.5866E-09
  3.4098E+03  1.1963E-12  1.5697E-09  1.1993E-15  1.5709E-09
  3.4344E+03  1.1793E-12  1.5541E-09  1.1821E-15  1.5553E-09
  3.4592E+03  1.1625E-12  1.5387E-09  1.1653E-15  1.5399E-09
  3.4842E+03  1.1459E-12  1.5234E-09  1.1486E-15  1.5246E-09
  3.5093E+03  1.1296E-12  1.5083E-09  1.1322E-15  1.5094E-09
  3.5346E+03  1.1135E-12  1.4933E-09  1.1161E-15  1.4944E-09
  3.5601E+03  1.0976E-12  1.4784E-09  1.1001E-15  1.4795E-09
  3.5858E+03  1.0819E-12  1.4637E-09  1.0844E-15  1.4648E-09
  3.6117E+03  1.0665E-12  1.4491E-09  1.0690E-15  1.4501E-09
  3.6377E+03  1.0513E-12  1.4346E-09  1.0537E-15  1.4356E-09
  3.6640E+03  1.0363E-12  1.4202E-09  1.0387E-15  1.4213E-09
  3.6904E+03  1.0215E-12  1.4060E-09  1.0238E-15  1.4070E-09
  3.7170E+03  1.0070E-12  1.3919E-09  1.0092E-15  1.3929E-09
  3.7438E+03  9.9262E-13  1.3779E-09  9.9482E-16  1.3789E-09
  3.7708E+03  9.7847E-13  1.3640E-09  9.8062E-16  1.3650E-09
  3.7980E+03  9.6452E-13  1.3503E-09  9.6663E-16  1.3513E-09
  3.8254E+03  9.5077E-13  1.3367E-09  9.5283E-16  1.3377E-09
  3.8530E+03  9.3722E-13  1.3232E-09  9.3924E-16  1.3242E-09
  3.8808E+03  9.2386E-13  1.3099E-09  9.2583E-16  1.3108E-09
  3.9088E+03  9.1069E-13  1.2966E-09  9.1262E-16  1.2975E-09
  3.9370E+03  8.9770E-13  1.2835E-09  8.9959E-16  1.2844E-09
  3.9654E+03  8.8491E-13  1.2705E-09  8.8676E-16  1.2714E-09
  3.9940E+03  8.7229E-13  1.2576E-09  8.7410E-16  1.2585E-09
  4.0228E+03  8.5986E-13  1.2448E-09  8.6163E-16  1.2457E-09
  4.0518E+03  8.4760E-13  1.2322E-09  8.4933E-16  1.2330E-09
  4.0811E+03  8.3552E-13  1.2196E-09  8.3721E-16  1.2205E-09
  4.1105E+03  8.2360E-13  1.2072E-09  8.2527E-16  1.2080E-09
  4.1401E+03  8.1186E-13  1.1949E-09  8.1349E-16  1.1957E-09
  4.1700E+03  8.0029E-13  1.1827E-09  8.0188E-16  1.1835E-09
  4.2001E+03  7.8888E-13  1.1706E-09  7.9044E-16  1.1714E-09
  4.2304E+03  7.7764E-13  1.1586E-09  7.7916E-16  1.1594E-09
  4.2609E+03  7.6655E-13  1.1467E-09  7.6804E-16  1.1475E-09
  4.2916E+03  7.5562E-13  1.1350E-09  7.5708E-16  1.1357E-09
  4.3225E+03  7.4485E-13  1.1233E-09  7.4628E-16  1.1241E-09
  4.3537E+03  7.3423E-13  1.1118E-09  7.3563E-16  1.1125E-09
  4.3851E+03  7.2377E-13  1.1004E-09  7.2513E-16  1.1011E-09
  4.4167E+03  7.1345E-13  1.0890E-09  7.1479E-16  1.0897E-09
  4.4486E+03  7.0328E-13  1.0778E-09  7.0459E-16  1.0785E-09
  4.4807E+03  6.9325E-13  1.0667E-09  6.9454E-16  1.0674E-09
  4.5130E+03  6.8337E-13  1.0557E-09  6.8463E-16  1.0563E-09
  4.5455E+03  6.7363E-13  1.0448E-09  6.7486E-16  1.0454E-09
  4.5783E+03  6.6403E-13  1.0339E-09  6.6523E-16  1.0346E-09
  4.6113E+03  6.5456E-13  1.0232E-09  6.5574E-16  1.0239E-09
  4.6446E+03  6.4523E-13  1.0126E-09  6.4638E-16  1.0133E-09
  4.6781E+03  6.3604E-13  1.0021E-09  6.3716E-16  1.0027E-09
  4.7118E+03  6.2697E-13  9.9169E-10  6.2807E-16  9.9232E-10
  4.7458E+03  6.1803E-13  9.8138E-10  6.1911E-16  9.8200E-10
  4.7800E+03  6.0922E-13  9.7116E-10  6.1028E-16  9.7177E-10
  4.8144E+03  6.0054E-13  9.6104E-10  6.0157E-16  9.6164E-10
  4.8492E+03  5.9198E-13  9.5102E-10  5.9299E-16  9.5161E-10
  4.8841E+03  5.8354E-13  9.4109E-10  5.8453E-16  9.4167E-10
  4.9193E+03  5.7522E-13  9.3125E-10  5.7619E-16  9.3183E-10
  4.9548E+03  5.6702E-13  9.2151E-10  5.6797E-16  9.2208E-10
  4.9905E+03  5.5894E-13  9.1186E-10  5.5987E-16  9.1242E-10
  5.0265E+03  5.5097E-13  9.0230E-10  5.5188E-16  9.0285E-10
  5.0628E+03  5.4312E-13  8.9284E-10  5.4401E-16  8.9338E-10
  5.0993E+03  5.3538E-13  8.8346E-10  5.3625E-16  8.8400E-10
  5.1360E+03  5.2775E-13  8.7417E-10  5.2860E-16  8.7470E-10
  5.1731E+03  5.2023E-13  8.6498E-10  5.2106E-16  8.6550E-10
  5.2103E+03  5.1281E-13  8.5587E-10  5.1363E-16  8.5638E-10
  5.2479E+03  5.0550E-13  8.4685E-10  5.0630E-16  8.4735E-10
  5.2857E+03  4.9830E-13  8.3791E-10  4.9908E-16  8.3841E-10
  5.3239E+03  4.9119E-13  8.2906E-10  4.9196E-16  8.2956E-10
  5.3622E+03  4.8419E-13  8.2030E-10  4.8494E-16  8.2079E-10
  5.4009E+03  4.7729E-13  8.1162E-10  4.7802E-16  8.1210E-10
  5.4398E+03  4.7049E-13  8.0303E-10  4.7120E-16  8.0350E-10
  5.4790E+03  4.6378E-13  7.9452E-10  4.6448E-16  7.9498E-10
  5.5185E+03  4.5717E-13  7.8609E-10  4.5786E-16  7.8655E-10
  5.5583E+03  4.5066E-13  7.7774E-10  4.5133E-16  7.7820E-10
  5.5984E+03  4.4423E-13  7.6948E-10  4.4489E-16  7.6992E-10
  5.6388E+03  4.3790E-13  7.6130E-10  4.3854E-16  7.6173E-10
  5.6794E+03  4.3166E-13  7.5319E-10  4.3229E-16  7.5362E-10
  5.7204E+03  4.2551E-13  7.4517E-10  4.2612E-16  7.4559E-10
  5.7616E+03  4.1944E-13  7.3722E-10  4.2005E-16  7.3764E-10
  5.8031E+03  4.1346E-13  7.2935E-10  4.1405E-16  7.2977E-10
  5.8450E+03  4.0757E-13  7.2156E-10  4.0815E-16  7.2197E-10
  5.8871E+03  4.0176E-13  7.1385E-10  4.0233E-16  7.1425E-10
  5.9295E+03  3.9604E-13  7.0621E-10  3.9659E-16  7.0660E-10
  5.9723E+03  3.9039E-13  6.9864E-10  3.9093E-16  6.9903E-10
  6.0153E+03  3.8483E-13  6.9116E-10  3.8536E-16  6.9154E-10
  6.0587E+03  3.7934E-13  6.8374E-10  3.7986E-16  6.8412E-10
  6.1024E+03  3.7394E-13  6.7640E-10  3.7444E-16  6.7677E-10
  6.1463E+03  3.6861E-13  6.6913E-10  3.6910E-16  6.6950E-10
  6.1906E+03  3.6335E-13  6.6193E-10  3.6384E-16  6.6230E-10
  6.2353E+03  3.5817E-13  6.5481E-10  3.5865E-16  6.5517E-10
  6.2802E+03  3.5307E-13  6.4775E-10  3.5354E-16  6.4811E-10
  6.3255E+03  3.4804E-13  6.4077E-10  3.4849E-16  6.4112E-10
  6.3711E+03  3.4308E-13  6.3386E-10  3.4352E-16  6.3420E-10
  6.4170E+03  3.3819E-13  6.2701E-10  3.3862E-16  6.2735E-10
  6.4632E+03  3.3337E-13  6.2023E-10  3.3379E-16  6.2057E-10
  6.5098E+03  3.2862E-13  6.1352E-10  3.2903E-16  6.1385E-10
  6.5567E+03  3.2393E-13  6.0688E-10  3.2434E-16  6.0721E-10
  6.6040E+03  3.1932E-13  6.0031E-10  3.1972E-16  6.0063E-10
  6.6516E+03  3.1477E-13  5.9380E-10  3.1516E-16  5.9411E-10
  6.6995E+03  3.1028E-13  5.8735E-10  3.1066E-16  5.8766E-10
  6.7478E+03  3.0586E-13  5.8098E-10  3.0623E-16  5.8128E-10
  6.7965E+03  3.0150E-13  5.7466E-10  3.0187E-16  5.7496E-10
  6.8455E+03  2.9720E-13  5.6841E-10  2.9756E-16  5.6871E-10
  6.8948E+03  2.9297E-13  5.6222E-10  2.9332E-16  5.6252E-10
  6.9445E+03  2.8879E-13  5.5610E-10  2.8913E-16  5.5639E-10
  6.9945E+03  2.8467E-13  5.5003E-10  2.8501E-16  5.5032E-10
  7.0449E+03  2.8062E-13  5.4403E-10  2.8095E-16  5.4431E-10
  7.0957E+03  2.7662E-13  5.3809E-10  2.7694E-16  5.3837E-10
  7.1469E+03  2.7268E-13  5.3221E-10  2.7299E-16  5.3248E-10
  7.1984E+03  2.6879E-13  5.2639E-10  2.6910E-16  5.2666E-10
  7.2502E+03  2.6496E-13  5.2063E-10  2.6526E-16  5.2090E-10
  7.3025E+03  2.6118E-13  5.1493E-10  2.6148E-16  5.1519E-10
  7.3551E+03  2.5746E-13  5.0928E-10  2.5775E-16  5.0954E-10
  7.4081E+03  2.5379E-13  5.0370E-10  2.5408E-16  5.0395E-10
  7.4615E+03  2.5018E-13  4.9817E-10  2.5045E-16  4.9842E-10
  7.5153E+03  2.4661E-13  4.9269E-10  2.4688E-16  4.9294E-10
  7.5695E+03  2.4310E-13  4.8728E-10  2.4336E-16  4.8752E-10
  7.6240E+03  2.3963E-13  4.8192E-10  2.3989E-16  4.8216E-10
  7.6789E+03  2.3622E-13  4.7661E-10  2.3647E-16  4.7685E-10
  7.7343E+03  2.3285E-13  4.7136E-10  2.3310E-16  4.7159E-10
  7.7900E+03  2.2953E-13  4.6616E-10  2.2978E-16  4.6639E-10
  7.8462E+03  2.2626E-13  4.6102E-10  2.2650E-16  4.6125E-10
  7.9027E+03  2.2304E-13  4.5593E-10  2.2327E-16  4.5615E-10
  7.9596E+03  2.1986E-13  4.5089E-10  2.2009E-16  4.5111E-10
  8.0170E+03  2.1672E-13  4.4590E-10  2.1695E-16  4.4612E-10
  8.0748E+03  2.1364E-13  4.4097E-10  2.1385E-16  4.4118E-10
  8.1330E+03  2.1059E-13  4.3609E-10  2.1081E-16  4.3630E-10
  8.1916E+03  2.0759E-13  4.3126E-10  2.0780E-16  4.3146E-10
  8.2506E+03  2.0463E-13  4.2647E-10  2.0484E-16  4.2668E-10
  8.3101E+03  2.0172E-13  4.2174E-10  2.0192E-16  4.2194E-10
  8.3699E+03  1.9884E-13  4.1706E-10  1.9904E-16  4.1726E-10
  8.4303E+03  1.9601E-13  4.1242E-10  1.9620E-16  4.1262E-10
  8.4910E+03  1.9321E-13  4.0784E-10  1.9340E-16  4.0803E-10
  8.5522E+03  1.9046E-13  4.0330E-10  1.9065E-16  4.0349E-10
  8.6138E+03  1.8775E-13  3.9881E-10  1.8793E-16  3.9900E-10
  8.6759E+03  1.8507E-13  3.9436E-10  1.8525E-16  3.9455E-10
  8.7384E+03  1.8243E-13  3.8997E-10  1.8261E-16  3.9015E-10
  8.8014E+03  1.7983E-13  3.8562E-10  1.8000E-16  3.8580E-10
  8.8648E+03  1.7727E-13  3.8131E-10  1.7744E-16  3.8149E-10
  8.9287E+03  1.7474E-13  3.7705E-10  1.7491E-16  3.7723E-10
  8.9930E+03  1.7225E-13  3.7283E-10  1.7241E-16  3.7301E-10
