  7.518E-02  0.000E+00
  1.257E-01  0.000E+00
  1.766E-01  0.000E+00
  2.279E-01  0.000E+00
  2.795E-01  0.000E+00
  3.316E-01  0.000E+00
  3.839E-01  0.000E+00
  4.367E-01  0.000E+00
  4.898E-01  0.000E+00
  5.434E-01  0.000E+00
  5.973E-01  0.000E+00
  6.516E-01  0.000E+00
  7.063E-01  0.000E+00
  7.614E-01  0.000E+00
  8.168E-01  0.000E+00
  8.727E-01  0.000E+00
  9.290E-01  0.000E+00
  9.857E-01  9.018E-03
  1.043E+00  1.767E-02
  1.100E+00  2.600E-02
  1.158E+00  3.402E-02
  1.217E+00  4.178E-02
  1.275E+00  4.929E-02
  1.335E+00  5.656E-02
  1.394E+00  6.363E-02
  1.454E+00  7.049E-02
  1.515E+00  7.717E-02
  1.576E+00  8.368E-02
  1.637E+00  9.003E-02
  1.699E+00  9.622E-02
  1.761E+00  1.023E-01
  1.824E+00  1.082E-01
  1.887E+00  1.140E-01
  1.950E+00  1.196E-01
  2.014E+00  1.252E-01
  2.079E+00  1.306E-01
  2.144E+00  1.360E-01
  2.209E+00  1.412E-01
  2.275E+00  1.464E-01
  2.342E+00  1.514E-01
  2.408E+00  1.564E-01
  2.476E+00  1.613E-01
  2.544E+00  1.661E-01
  2.612E+00  1.708E-01
  2.681E+00  1.755E-01
  2.750E+00  1.801E-01
  2.820E+00  1.846E-01
  2.890E+00  1.891E-01
  2.961E+00  1.935E-01
  3.032E+00  1.979E-01
  3.104E+00  2.022E-01
  3.176E+00  2.064E-01
  3.249E+00  2.107E-01
  3.323E+00  2.148E-01
  3.397E+00  2.189E-01
  3.471E+00  2.230E-01
  3.546E+00  2.270E-01
  3.622E+00  2.310E-01
  3.698E+00  2.349E-01
  3.774E+00  2.388E-01
  3.851E+00  2.426E-01
  3.929E+00  2.465E-01
  4.007E+00  2.503E-01
  4.086E+00  2.540E-01
  4.166E+00  2.577E-01
  4.246E+00  2.614E-01
  4.326E+00  2.651E-01
  4.407E+00  2.687E-01
  4.489E+00  2.723E-01
  4.571E+00  2.759E-01
  4.654E+00  2.795E-01
  4.738E+00  2.830E-01
  4.822E+00  2.865E-01
  4.907E+00  2.900E-01
  4.992E+00  2.935E-01
  5.078E+00  2.969E-01
  5.165E+00  3.003E-01
  5.252E+00  3.037E-01
  5.340E+00  3.071E-01
  5.428E+00  3.105E-01
  5.517E+00  3.138E-01
  5.607E+00  3.171E-01
  5.697E+00  3.205E-01
  5.788E+00  3.237E-01
  5.880E+00  3.270E-01
  5.972E+00  3.303E-01
  6.065E+00  3.335E-01
  6.159E+00  3.368E-01
  6.253E+00  3.400E-01
  6.348E+00  3.432E-01
  6.444E+00  3.464E-01
  6.540E+00  3.496E-01
  6.637E+00  3.528E-01
  6.735E+00  3.560E-01
  6.834E+00  3.591E-01
  6.933E+00  3.623E-01
  7.033E+00  3.654E-01
  7.133E+00  3.685E-01
  7.235E+00  3.717E-01
  7.337E+00  3.748E-01
  7.440E+00  3.779E-01
  7.543E+00  3.810E-01
  7.648E+00  3.841E-01
  7.753E+00  3.872E-01
  7.859E+00  3.902E-01
  7.965E+00  3.933E-01
  8.072E+00  3.964E-01
  8.181E+00  3.994E-01
  8.289E+00  4.025E-01
  8.399E+00  4.056E-01
  8.510E+00  4.086E-01
  8.621E+00  4.116E-01
  8.733E+00  4.147E-01
  8.846E+00  4.177E-01
  8.960E+00  4.208E-01
  9.074E+00  4.238E-01
  9.189E+00  4.268E-01
  9.306E+00  4.298E-01
  9.423E+00  4.329E-01
  9.540E+00  4.359E-01
  9.659E+00  4.389E-01
  9.779E+00  4.419E-01
  9.899E+00  4.449E-01
  1.002E+01  4.480E-01
  1.014E+01  4.510E-01
  1.027E+01  4.540E-01
  1.039E+01  4.570E-01
  1.051E+01  4.600E-01
  1.064E+01  4.630E-01
  1.077E+01  4.660E-01
  1.089E+01  4.690E-01
  1.102E+01  4.721E-01
  1.115E+01  4.751E-01
  1.128E+01  4.781E-01
  1.141E+01  4.811E-01
  1.155E+01  4.841E-01
  1.168E+01  4.871E-01
  1.181E+01  4.902E-01
  1.195E+01  4.932E-01
  1.208E+01  4.962E-01
  1.222E+01  4.992E-01
  1.236E+01  5.023E-01
  1.250E+01  5.053E-01
  1.264E+01  5.083E-01
  1.278E+01  5.114E-01
  1.292E+01  5.144E-01
  1.306E+01  5.175E-01
  1.321E+01  5.205E-01
  1.335E+01  5.236E-01
  1.350E+01  5.266E-01
  1.365E+01  5.297E-01
  1.379E+01  5.327E-01
  1.394E+01  5.358E-01
  1.409E+01  5.389E-01
  1.425E+01  5.419E-01
  1.440E+01  5.450E-01
  1.455E+01  5.481E-01
  1.471E+01  5.512E-01
  1.486E+01  5.543E-01
  1.502E+01  5.574E-01
  1.518E+01  5.605E-01
  1.534E+01  5.636E-01
  1.550E+01  5.667E-01
  1.566E+01  5.698E-01
  1.582E+01  5.729E-01
  1.599E+01  5.760E-01
  1.615E+01  5.792E-01
  1.632E+01  5.823E-01
  1.648E+01  5.854E-01
  1.665E+01  5.886E-01
  1.682E+01  5.918E-01
  1.699E+01  5.949E-01
  1.717E+01  5.981E-01
  1.734E+01  6.012E-01
  1.752E+01  6.044E-01
  1.769E+01  6.076E-01
  1.787E+01  6.108E-01
  1.805E+01  6.140E-01
  1.823E+01  6.172E-01
  1.841E+01  6.204E-01
  1.859E+01  6.236E-01
  1.877E+01  6.269E-01
  1.896E+01  6.301E-01
  1.915E+01  6.333E-01
  1.933E+01  6.366E-01
  1.952E+01  6.398E-01
  1.971E+01  6.431E-01
  1.991E+01  6.463E-01
  2.010E+01  6.496E-01
  2.029E+01  6.529E-01
  2.049E+01  6.562E-01
  2.069E+01  6.595E-01
  2.089E+01  6.628E-01
  2.109E+01  6.661E-01
  2.129E+01  6.694E-01
  2.149E+01  6.728E-01
  2.170E+01  6.761E-01
  2.190E+01  6.794E-01
  2.211E+01  6.828E-01
  2.232E+01  6.861E-01
  2.253E+01  6.895E-01
  2.274E+01  6.929E-01
  2.296E+01  6.963E-01
  2.317E+01  6.997E-01
  2.339E+01  7.031E-01
  2.361E+01  7.065E-01
  2.383E+01  7.099E-01
  2.405E+01  7.133E-01
  2.427E+01  7.168E-01
  2.450E+01  7.202E-01
  2.472E+01  7.237E-01
  2.495E+01  7.271E-01
  2.518E+01  7.306E-01
  2.541E+01  7.341E-01
  2.565E+01  7.376E-01
  2.588E+01  7.411E-01
  2.612E+01  7.446E-01
  2.635E+01  7.481E-01
  2.659E+01  7.516E-01
  2.684E+01  7.551E-01
  2.708E+01  7.587E-01
  2.732E+01  7.622E-01
  2.757E+01  7.658E-01
  2.782E+01  7.694E-01
  2.807E+01  7.730E-01
  2.832E+01  7.765E-01
  2.857E+01  7.801E-01
  2.883E+01  7.837E-01
  2.909E+01  7.874E-01
  2.935E+01  7.910E-01
  2.961E+01  7.946E-01
  2.987E+01  7.983E-01
  3.014E+01  8.019E-01
  3.040E+01  8.056E-01
  3.067E+01  8.093E-01
  3.094E+01  8.130E-01
  3.122E+01  8.167E-01
  3.149E+01  8.204E-01
  3.177E+01  8.241E-01
  3.205E+01  8.278E-01
  3.233E+01  8.316E-01
  3.261E+01  8.353E-01
  3.290E+01  8.391E-01
  3.318E+01  8.429E-01
  3.347E+01  8.467E-01
  3.376E+01  8.505E-01
  3.406E+01  8.543E-01
  3.435E+01  8.581E-01
  3.465E+01  8.620E-01
  3.495E+01  8.658E-01
  3.525E+01  8.697E-01
  3.555E+01  8.735E-01
  3.586E+01  8.774E-01
  3.617E+01  8.813E-01
  3.648E+01  8.852E-01
  3.679E+01  8.892E-01
  3.710E+01  8.931E-01
  3.742E+01  8.970E-01
  3.774E+01  9.010E-01
  3.806E+01  9.050E-01
  3.839E+01  9.090E-01
  3.871E+01  9.130E-01
  3.904E+01  9.170E-01
  3.937E+01  9.210E-01
  3.971E+01  9.250E-01
  4.004E+01  9.291E-01
  4.038E+01  9.331E-01
  4.072E+01  9.372E-01
  4.106E+01  9.413E-01
  4.141E+01  9.453E-01
  4.176E+01  9.494E-01
  4.211E+01  9.536E-01
  4.246E+01  9.577E-01
  4.282E+01  9.618E-01
  4.318E+01  9.660E-01
  4.354E+01  9.701E-01
  4.390E+01  9.743E-01
  4.427E+01  9.785E-01
  4.464E+01  9.827E-01
  4.501E+01  9.869E-01
  4.538E+01  9.911E-01
  4.576E+01  9.953E-01
  4.614E+01  9.996E-01
  4.652E+01  1.004E+00
  4.690E+01  1.008E+00
  4.729E+01  1.012E+00
  4.768E+01  1.017E+00
  4.808E+01  1.021E+00
  4.847E+01  1.025E+00
  4.887E+01  1.030E+00
  4.927E+01  1.034E+00
  4.968E+01  1.038E+00
  5.009E+01  1.043E+00
  5.050E+01  1.047E+00
  5.091E+01  1.051E+00
  5.133E+01  1.056E+00
  5.175E+01  1.060E+00
  5.217E+01  1.065E+00
  5.259E+01  1.069E+00
  5.302E+01  1.074E+00
  5.345E+01  1.078E+00
  5.389E+01  1.082E+00
  5.433E+01  1.087E+00
  5.477E+01  1.091E+00
  5.521E+01  1.096E+00
  5.566E+01  1.100E+00
  5.611E+01  1.105E+00
  5.657E+01  1.110E+00
  5.702E+01  1.114E+00
  5.748E+01  1.119E+00
  5.795E+01  1.123E+00
  5.841E+01  1.128E+00
  5.888E+01  1.132E+00
  5.936E+01  1.137E+00
  5.984E+01  1.142E+00
  6.032E+01  1.146E+00
  6.080E+01  1.151E+00
  6.129E+01  1.156E+00
  6.178E+01  1.160E+00
  6.227E+01  1.165E+00
  6.277E+01  1.170E+00
  6.328E+01  1.174E+00
  6.378E+01  1.179E+00
  6.429E+01  1.184E+00
  6.480E+01  1.189E+00
  6.532E+01  1.193E+00
  6.584E+01  1.198E+00
  6.636E+01  1.203E+00
  6.689E+01  1.208E+00
  6.742E+01  1.212E+00
  6.796E+01  1.217E+00
  6.850E+01  1.222E+00
  6.904E+01  1.227E+00
  6.959E+01  1.232E+00
  7.014E+01  1.237E+00
  7.069E+01  1.242E+00
  7.125E+01  1.246E+00
  7.182E+01  1.251E+00
  7.238E+01  1.256E+00
  7.295E+01  1.261E+00
  7.353E+01  1.266E+00
  7.411E+01  1.271E+00
  7.469E+01  1.276E+00
  7.528E+01  1.281E+00
  7.587E+01  1.286E+00
  7.647E+01  1.291E+00
  7.707E+01  1.296E+00
  7.767E+01  1.301E+00
  7.828E+01  1.306E+00
  7.890E+01  1.311E+00
  7.952E+01  1.316E+00
  8.014E+01  1.321E+00
  8.077E+01  1.326E+00
  8.140E+01  1.331E+00
  8.203E+01  1.336E+00
  8.267E+01  1.342E+00
  8.332E+01  1.347E+00
  8.397E+01  1.352E+00
  8.462E+01  1.357E+00
  8.528E+01  1.362E+00
  8.595E+01  1.367E+00
  8.662E+01  1.372E+00
  8.729E+01  1.378E+00
  8.797E+01  1.383E+00
  8.865E+01  1.388E+00
  8.934E+01  1.393E+00
  9.003E+01  1.399E+00
  9.073E+01  1.404E+00
  9.143E+01  1.409E+00
  9.214E+01  1.414E+00
  9.286E+01  1.420E+00
  9.357E+01  1.425E+00
  9.430E+01  1.430E+00
  9.503E+01  1.436E+00
  9.576E+01  1.441E+00
  9.650E+01  1.446E+00
  9.725E+01  1.452E+00
  9.800E+01  1.457E+00
  9.875E+01  1.463E+00
  9.951E+01  1.468E+00
  1.003E+02  1.473E+00
  1.011E+02  1.479E+00
  1.018E+02  1.484E+00
  1.026E+02  1.490E+00
  1.034E+02  1.495E+00
  1.042E+02  1.501E+00
  1.050E+02  1.506E+00
  1.058E+02  1.512E+00
  1.066E+02  1.517E+00
  1.074E+02  1.523E+00
  1.083E+02  1.528E+00
  1.091E+02  1.534E+00
  1.099E+02  1.539E+00
  1.108E+02  1.545E+00
  1.116E+02  1.551E+00
  1.125E+02  1.556E+00
  1.133E+02  1.562E+00
  1.142E+02  1.567E+00
  1.151E+02  1.573E+00
  1.159E+02  1.579E+00
  1.168E+02  1.584E+00
  1.177E+02  1.590E+00
  1.186E+02  1.596E+00
  1.195E+02  1.602E+00
  1.204E+02  1.607E+00
  1.213E+02  1.613E+00
  1.223E+02  1.619E+00
  1.232E+02  1.625E+00
  1.241E+02  1.630E+00
  1.251E+02  1.636E+00
  1.260E+02  1.642E+00
  1.270E+02  1.648E+00
  1.279E+02  1.654E+00
  1.289E+02  1.659E+00
  1.299E+02  1.665E+00
  1.309E+02  1.671E+00
  1.319E+02  1.677E+00
  1.329E+02  1.683E+00
  1.339E+02  1.689E+00
  1.349E+02  1.695E+00
  1.359E+02  1.701E+00
  1.369E+02  1.706E+00
  1.380E+02  1.712E+00
  1.390E+02  1.718E+00
  1.401E+02  1.724E+00
  1.411E+02  1.730E+00
  1.422E+02  1.736E+00
  1.433E+02  1.742E+00
  1.444E+02  1.748E+00
  1.454E+02  1.754E+00
  1.465E+02  1.760E+00
  1.476E+02  1.766E+00
  1.488E+02  1.772E+00
  1.499E+02  1.779E+00
  1.510E+02  1.785E+00
  1.521E+02  1.791E+00
  1.533E+02  1.797E+00
  1.544E+02  1.803E+00
  1.556E+02  1.809E+00
  1.568E+02  1.815E+00
  1.580E+02  1.821E+00
  1.591E+02  1.827E+00
  1.603E+02  1.834E+00
  1.615E+02  1.840E+00
  1.628E+02  1.846E+00
  1.640E+02  1.852E+00
  1.652E+02  1.858E+00
  1.665E+02  1.865E+00
  1.677E+02  1.871E+00
  1.690E+02  1.877E+00
  1.702E+02  1.883E+00
  1.715E+02  1.889E+00
  1.728E+02  1.896E+00
  1.741E+02  1.902E+00
  1.754E+02  1.908E+00
  1.767E+02  1.915E+00
  1.780E+02  1.921E+00
  1.793E+02  1.927E+00
  1.807E+02  1.933E+00
  1.820E+02  1.940E+00
  1.834E+02  1.946E+00
  1.848E+02  1.952E+00
  1.862E+02  1.959E+00
  1.875E+02  1.965E+00
  1.889E+02  1.971E+00
  1.904E+02  1.978E+00
  1.918E+02  1.984E+00
  1.932E+02  1.990E+00
  1.946E+02  1.997E+00
  1.961E+02  2.003E+00
  1.976E+02  2.010E+00
  1.990E+02  2.016E+00
  2.005E+02  2.022E+00
  2.020E+02  2.029E+00
  2.035E+02  2.035E+00
  2.050E+02  2.042E+00
  2.066E+02  2.048E+00
  2.081E+02  2.054E+00
  2.096E+02  2.061E+00
  2.112E+02  2.067E+00
  2.128E+02  2.074E+00
  2.144E+02  2.080E+00
  2.159E+02  2.087E+00
  2.176E+02  2.093E+00
  2.192E+02  2.099E+00
  2.208E+02  2.106E+00
  2.224E+02  2.112E+00
  2.241E+02  2.119E+00
  2.257E+02  2.125E+00
  2.274E+02  2.132E+00
  2.291E+02  2.138E+00
  2.308E+02  2.144E+00
  2.325E+02  2.151E+00
  2.342E+02  2.157E+00
  2.360E+02  2.164E+00
  2.377E+02  2.170E+00
  2.395E+02  2.177E+00
  2.413E+02  2.183E+00
  2.431E+02  2.190E+00
  2.449E+02  2.196E+00
  2.467E+02  2.202E+00
  2.485E+02  2.209E+00
  2.503E+02  2.215E+00
  2.522E+02  2.222E+00
  2.541E+02  2.228E+00
  2.559E+02  2.235E+00
  2.578E+02  2.241E+00
  2.597E+02  2.247E+00
  2.617E+02  2.254E+00
  2.636E+02  2.260E+00
  2.655E+02  2.267E+00
  2.675E+02  2.273E+00
  2.695E+02  2.279E+00
  2.715E+02  2.286E+00
  2.735E+02  2.292E+00
  2.755E+02  2.299E+00
  2.775E+02  2.305E+00
  2.796E+02  2.311E+00
  2.816E+02  2.318E+00
  2.837E+02  2.324E+00
  2.858E+02  2.330E+00
  2.879E+02  2.337E+00
  2.900E+02  2.343E+00
  2.922E+02  2.349E+00
  2.943E+02  2.356E+00
  2.965E+02  2.362E+00
  2.987E+02  2.368E+00
  3.009E+02  2.374E+00
  3.031E+02  2.381E+00
  3.053E+02  2.387E+00
  3.076E+02  2.393E+00
  3.098E+02  2.400E+00
  3.121E+02  2.406E+00
  3.144E+02  2.412E+00
  3.167E+02  2.418E+00
  3.191E+02  2.424E+00
  3.214E+02  2.431E+00
  3.238E+02  2.437E+00
  3.262E+02  2.443E+00
  3.286E+02  2.449E+00
  3.310E+02  2.455E+00
  3.334E+02  2.461E+00
  3.358E+02  2.467E+00
  3.383E+02  2.473E+00
  3.408E+02  2.480E+00
  3.433E+02  2.486E+00
  3.458E+02  2.492E+00
  3.484E+02  2.498E+00
  3.509E+02  2.504E+00
  3.535E+02  2.510E+00
  3.561E+02  2.516E+00
  3.587E+02  2.522E+00
  3.613E+02  2.528E+00
  3.640E+02  2.534E+00
  3.667E+02  2.539E+00
  3.694E+02  2.545E+00
  3.721E+02  2.551E+00
  3.748E+02  2.557E+00
  3.775E+02  2.563E+00
  3.803E+02  2.569E+00
  3.831E+02  2.575E+00
  3.859E+02  2.580E+00
  3.887E+02  2.586E+00
  3.916E+02  2.592E+00
  3.945E+02  2.598E+00
  3.973E+02  2.603E+00
  4.003E+02  2.609E+00
  4.032E+02  2.615E+00
  4.061E+02  2.620E+00
  4.091E+02  2.626E+00
  4.121E+02  2.632E+00
  4.151E+02  2.637E+00
  4.182E+02  2.643E+00
  4.212E+02  2.648E+00
  4.243E+02  2.654E+00
  4.274E+02  2.660E+00
  4.305E+02  2.665E+00
  4.337E+02  2.671E+00
  4.369E+02  2.676E+00
  4.401E+02  2.681E+00
  4.433E+02  2.687E+00
  4.465E+02  2.692E+00
  4.498E+02  2.698E+00
  4.531E+02  2.703E+00
  4.564E+02  2.708E+00
  4.597E+02  2.714E+00
  4.631E+02  2.719E+00
  4.665E+02  2.724E+00
  4.699E+02  2.729E+00
  4.733E+02  2.735E+00
  4.768E+02  2.740E+00
  4.803E+02  2.745E+00
  4.838E+02  2.750E+00
  4.873E+02  2.755E+00
  4.909E+02  2.760E+00
  4.944E+02  2.765E+00
  4.980E+02  2.771E+00
  5.017E+02  2.776E+00
  5.053E+02  2.781E+00
  5.090E+02  2.786E+00
  5.127E+02  2.791E+00
  5.165E+02  2.795E+00
  5.203E+02  2.800E+00
  5.241E+02  2.805E+00
  5.279E+02  2.810E+00
  5.317E+02  2.815E+00
  5.356E+02  2.820E+00
  5.395E+02  2.825E+00
  5.434E+02  2.829E+00
  5.474E+02  2.834E+00
  5.514E+02  2.839E+00
  5.554E+02  2.844E+00
  5.595E+02  2.848E+00
  5.635E+02  2.853E+00
  5.677E+02  2.858E+00
  5.718E+02  2.862E+00
  5.760E+02  2.867E+00
  5.802E+02  2.871E+00
  5.844E+02  2.876E+00
  5.886E+02  2.880E+00
  5.929E+02  2.885E+00
  5.972E+02  2.889E+00
  6.016E+02  2.894E+00
  6.060E+02  2.898E+00
  6.104E+02  2.902E+00
  6.148E+02  2.907E+00
  6.193E+02  2.911E+00
  6.238E+02  2.915E+00
  6.284E+02  2.920E+00
  6.329E+02  2.924E+00
  6.375E+02  2.928E+00
  6.422E+02  2.932E+00
  6.469E+02  2.937E+00
  6.516E+02  2.941E+00
  6.563E+02  2.945E+00
  6.611E+02  2.949E+00
  6.659E+02  2.953E+00
  6.707E+02  2.957E+00
  6.756E+02  2.961E+00
  6.805E+02  2.965E+00
  6.855E+02  2.969E+00
  6.905E+02  2.973E+00
  6.955E+02  2.977E+00
  7.005E+02  2.981E+00
  7.056E+02  2.985E+00
  7.108E+02  2.989E+00
  7.159E+02  2.993E+00
  7.211E+02  2.997E+00
  7.264E+02  3.000E+00
  7.317E+02  3.004E+00
  7.370E+02  3.008E+00
  7.423E+02  3.012E+00
  7.477E+02  3.015E+00
  7.532E+02  3.019E+00
  7.586E+02  3.023E+00
  7.642E+02  3.026E+00
  7.697E+02  3.030E+00
  7.753E+02  3.034E+00
  7.809E+02  3.037E+00
  7.866E+02  3.041E+00
  7.923E+02  3.044E+00
  7.981E+02  3.048E+00
  8.039E+02  3.051E+00
  8.097E+02  3.055E+00
  8.156E+02  3.058E+00
  8.215E+02  3.062E+00
  8.275E+02  3.065E+00
  8.335E+02  3.068E+00
  8.395E+02  3.072E+00
  8.456E+02  3.075E+00
  8.518E+02  3.078E+00
  8.579E+02  3.082E+00
  8.642E+02  3.085E+00
  8.704E+02  3.088E+00
  8.768E+02  3.092E+00
  8.831E+02  3.095E+00
  8.895E+02  3.098E+00
  8.960E+02  3.101E+00
  9.025E+02  3.104E+00
  9.090E+02  3.107E+00
  9.156E+02  3.110E+00
  9.223E+02  3.114E+00
  9.290E+02  3.117E+00
  9.357E+02  3.120E+00
  9.425E+02  3.123E+00
  9.493E+02  3.126E+00
  9.562E+02  3.129E+00
  9.631E+02  3.132E+00
  9.701E+02  3.135E+00
  9.772E+02  3.138E+00
  9.843E+02  3.141E+00
  9.914E+02  3.143E+00
  9.986E+02  3.146E+00
  1.006E+03  3.149E+00
  1.013E+03  3.152E+00
  1.020E+03  3.155E+00
  1.028E+03  3.158E+00
  1.035E+03  3.160E+00
  1.043E+03  3.163E+00
  1.050E+03  3.166E+00
  1.058E+03  3.169E+00
  1.066E+03  3.171E+00
  1.073E+03  3.174E+00
  1.081E+03  3.177E+00
  1.089E+03  3.179E+00
  1.097E+03  3.182E+00
  1.105E+03  3.185E+00
  1.113E+03  3.187E+00
  1.121E+03  3.190E+00
  1.129E+03  3.193E+00
  1.137E+03  3.195E+00
  1.145E+03  3.198E+00
  1.154E+03  3.200E+00
  1.162E+03  3.203E+00
  1.170E+03  3.205E+00
  1.179E+03  3.208E+00
  1.188E+03  3.210E+00
  1.196E+03  3.213E+00
  1.205E+03  3.215E+00
  1.213E+03  3.217E+00
  1.222E+03  3.220E+00
  1.231E+03  3.222E+00
  1.240E+03  3.225E+00
  1.249E+03  3.227E+00
  1.258E+03  3.229E+00
  1.267E+03  3.232E+00
  1.276E+03  3.234E+00
  1.286E+03  3.236E+00
  1.295E+03  3.239E+00
  1.304E+03  3.241E+00
  1.314E+03  3.243E+00
  1.323E+03  3.245E+00
  1.333E+03  3.248E+00
  1.342E+03  3.250E+00
  1.352E+03  3.252E+00
  1.362E+03  3.254E+00
  1.372E+03  3.257E+00
  1.382E+03  3.259E+00
  1.392E+03  3.261E+00
  1.402E+03  3.263E+00
  1.412E+03  3.265E+00
  1.422E+03  3.267E+00
  1.432E+03  3.269E+00
  1.443E+03  3.272E+00
  1.453E+03  3.274E+00
  1.464E+03  3.276E+00
  1.474E+03  3.278E+00
  1.485E+03  3.280E+00
  1.496E+03  3.282E+00
  1.507E+03  3.284E+00
  1.517E+03  3.286E+00
  1.528E+03  3.288E+00
  1.539E+03  3.290E+00
  1.551E+03  3.292E+00
  1.562E+03  3.294E+00
  1.573E+03  3.296E+00
  1.585E+03  3.298E+00
  1.596E+03  3.300E+00
  1.608E+03  3.302E+00
  1.619E+03  3.304E+00
  1.631E+03  3.306E+00
  1.643E+03  3.308E+00
  1.655E+03  3.309E+00
  1.666E+03  3.311E+00
  1.679E+03  3.313E+00
  1.691E+03  3.315E+00
  1.703E+03  3.317E+00
  1.715E+03  3.319E+00
  1.728E+03  3.321E+00
  1.740E+03  3.323E+00
  1.753E+03  3.324E+00
  1.765E+03  3.326E+00
  1.778E+03  3.328E+00
  1.791E+03  3.330E+00
  1.804E+03  3.332E+00
  1.817E+03  3.333E+00
  1.830E+03  3.335E+00
  1.843E+03  3.337E+00
  1.857E+03  3.339E+00
  1.870E+03  3.340E+00
  1.884E+03  3.342E+00
  1.897E+03  3.344E+00
  1.911E+03  3.346E+00
  1.925E+03  3.347E+00
  1.939E+03  3.349E+00
  1.953E+03  3.351E+00
  1.967E+03  3.353E+00
  1.981E+03  3.354E+00
  1.995E+03  3.356E+00
  2.010E+03  3.358E+00
  2.024E+03  3.359E+00
  2.039E+03  3.361E+00
  2.054E+03  3.363E+00
  2.068E+03  3.364E+00
  2.083E+03  3.366E+00
  2.098E+03  3.368E+00
  2.113E+03  3.369E+00
  2.129E+03  3.371E+00
  2.144E+03  3.372E+00
  2.160E+03  3.374E+00
  2.175E+03  3.376E+00
  2.191E+03  3.377E+00
  2.207E+03  3.379E+00
  2.223E+03  3.381E+00
  2.239E+03  3.382E+00
  2.255E+03  3.384E+00
  2.271E+03  3.385E+00
  2.288E+03  3.387E+00
  2.304E+03  3.388E+00
  2.321E+03  3.390E+00
  2.338E+03  3.392E+00
  2.354E+03  3.393E+00
  2.371E+03  3.395E+00
  2.389E+03  3.396E+00
  2.406E+03  3.398E+00
  2.423E+03  3.399E+00
  2.441E+03  3.401E+00
  2.458E+03  3.402E+00
  2.476E+03  3.404E+00
  2.494E+03  3.405E+00
  2.512E+03  3.407E+00
  2.530E+03  3.408E+00
  2.548E+03  3.410E+00
  2.567E+03  3.411E+00
  2.585E+03  3.413E+00
  2.604E+03  3.414E+00
  2.623E+03  3.416E+00
  2.642E+03  3.417E+00
  2.661E+03  3.419E+00
  2.680E+03  3.420E+00
  2.699E+03  3.422E+00
  2.719E+03  3.423E+00
  2.738E+03  3.425E+00
  2.758E+03  3.426E+00
  2.778E+03  3.428E+00
  2.798E+03  3.429E+00
  2.818E+03  3.430E+00
  2.839E+03  3.432E+00
  2.859E+03  3.433E+00
  2.880E+03  3.435E+00
  2.901E+03  3.436E+00
  2.921E+03  3.438E+00
  2.943E+03  3.439E+00
  2.964E+03  3.441E+00
  2.985E+03  3.442E+00
  3.007E+03  3.444E+00
  3.028E+03  3.445E+00
  3.050E+03  3.446E+00
  3.072E+03  3.448E+00
  3.094E+03  3.449E+00
  3.117E+03  3.451E+00
  3.139E+03  3.452E+00
  3.162E+03  3.454E+00
  3.185E+03  3.455E+00
  3.208E+03  3.457E+00
  3.231E+03  3.458E+00
  3.254E+03  3.459E+00
  3.278E+03  3.461E+00
  3.301E+03  3.462E+00
  3.325E+03  3.464E+00
  3.349E+03  3.465E+00
  3.373E+03  3.467E+00
  3.398E+03  3.468E+00
  3.422E+03  3.470E+00
  3.447E+03  3.471E+00
  3.472E+03  3.472E+00
  3.497E+03  3.474E+00
  3.522E+03  3.475E+00
  3.547E+03  3.477E+00
  3.573E+03  3.478E+00
  3.599E+03  3.480E+00
  3.625E+03  3.481E+00
  3.651E+03  3.483E+00
  3.677E+03  3.484E+00
  3.704E+03  3.485E+00
  3.730E+03  3.487E+00
  3.757E+03  3.488E+00
  3.784E+03  3.490E+00
  3.812E+03  3.491E+00
  3.839E+03  3.493E+00
  3.867E+03  3.494E+00
  3.895E+03  3.496E+00
  3.923E+03  3.497E+00
  3.951E+03  3.499E+00
  3.980E+03  3.500E+00
  4.008E+03  3.502E+00
  4.037E+03  3.503E+00
  4.066E+03  3.504E+00
  4.096E+03  3.506E+00
  4.125E+03  3.507E+00
  4.155E+03  3.509E+00
  4.185E+03  3.510E+00
  4.215E+03  3.512E+00
  4.246E+03  3.513E+00
  4.276E+03  3.515E+00
  4.307E+03  3.516E+00
  4.338E+03  3.518E+00
  4.369E+03  3.519E+00
  4.401E+03  3.521E+00
  4.433E+03  3.522E+00
  4.465E+03  3.524E+00
  4.497E+03  3.525E+00
  4.529E+03  3.527E+00
  4.562E+03  3.528E+00
  4.595E+03  3.530E+00
  4.628E+03  3.531E+00
  4.661E+03  3.533E+00
  4.695E+03  3.534E+00
  4.729E+03  3.536E+00
  4.763E+03  3.538E+00
  4.797E+03  3.539E+00
  4.832E+03  3.541E+00
  4.867E+03  3.542E+00
  4.902E+03  3.544E+00
  4.937E+03  3.545E+00
  4.973E+03  3.547E+00
  5.009E+03  3.548E+00
  5.045E+03  3.550E+00
  5.081E+03  3.552E+00
  5.118E+03  3.553E+00
  5.155E+03  3.555E+00
  5.192E+03  3.556E+00
  5.229E+03  3.558E+00
  5.267E+03  3.560E+00
  5.305E+03  3.561E+00
  5.343E+03  3.563E+00
  5.382E+03  3.565E+00
  5.420E+03  3.566E+00
  5.459E+03  3.568E+00
  5.499E+03  3.569E+00
  5.538E+03  3.571E+00
  5.578E+03  3.573E+00
  5.619E+03  3.574E+00
  5.659E+03  3.576E+00
  5.700E+03  3.578E+00
  5.741E+03  3.580E+00
  5.782E+03  3.581E+00
  5.824E+03  3.583E+00
  5.866E+03  3.585E+00
  5.908E+03  3.586E+00
  5.951E+03  3.588E+00
  5.994E+03  3.590E+00
  6.037E+03  3.592E+00
  6.081E+03  3.593E+00
  6.124E+03  3.595E+00
  6.168E+03  3.597E+00
  6.213E+03  3.599E+00
  6.258E+03  3.600E+00
  6.303E+03  3.602E+00
  6.348E+03  3.604E+00
  6.394E+03  3.606E+00
  6.440E+03  3.608E+00
  6.487E+03  3.610E+00
  6.533E+03  3.611E+00
  6.580E+03  3.613E+00
  6.628E+03  3.615E+00
  6.676E+03  3.617E+00
  6.724E+03  3.619E+00
  6.772E+03  3.621E+00
  6.821E+03  3.623E+00
  6.870E+03  3.625E+00
  6.920E+03  3.627E+00
  6.970E+03  3.629E+00
  7.020E+03  3.631E+00
  7.070E+03  3.633E+00
  7.121E+03  3.635E+00
  7.173E+03  3.637E+00
  7.224E+03  3.639E+00
  7.276E+03  3.641E+00
  7.329E+03  3.643E+00
  7.382E+03  3.645E+00
  7.435E+03  3.647E+00
  7.488E+03  3.649E+00
  7.542E+03  3.651E+00
  7.597E+03  3.653E+00
  7.651E+03  3.655E+00
  7.707E+03  3.657E+00
  7.762E+03  3.659E+00
  7.818E+03  3.662E+00
  7.874E+03  3.664E+00
  7.931E+03  3.666E+00
  7.988E+03  3.668E+00
  8.046E+03  3.670E+00
  8.104E+03  3.673E+00
  8.162E+03  3.675E+00
  8.221E+03  3.677E+00
  8.280E+03  3.679E+00
  8.340E+03  3.682E+00
  8.400E+03  3.684E+00
  8.461E+03  3.686E+00
  8.522E+03  3.689E+00
  8.583E+03  3.691E+00
  8.645E+03  3.693E+00
  8.707E+03  3.696E+00
  8.770E+03  3.698E+00
  8.833E+03  3.701E+00
  8.897E+03  3.703E+00
  8.961E+03  3.706E+00
  9.025E+03  3.706E+00
