  7.518E-02  0.000E+00
  1.257E-01  0.000E+00
  1.766E-01  0.000E+00
  2.279E-01  0.000E+00
  2.795E-01  0.000E+00
  3.316E-01  0.000E+00
  3.839E-01  0.000E+00
  4.367E-01  0.000E+00
  4.898E-01  0.000E+00
  5.434E-01  0.000E+00
  5.973E-01  0.000E+00
  6.516E-01  0.000E+00
  7.063E-01  0.000E+00
  7.614E-01  0.000E+00
  8.168E-01  0.000E+00
  8.727E-01  0.000E+00
  9.290E-01  0.000E+00
  9.857E-01  8.257E-03
  1.043E+00  1.619E-02
  1.100E+00  2.382E-02
  1.158E+00  3.119E-02
  1.217E+00  3.831E-02
  1.275E+00  4.520E-02
  1.335E+00  5.189E-02
  1.394E+00  5.838E-02
  1.454E+00  6.470E-02
  1.515E+00  7.084E-02
  1.576E+00  7.683E-02
  1.637E+00  8.267E-02
  1.699E+00  8.837E-02
  1.761E+00  9.394E-02
  1.824E+00  9.939E-02
  1.887E+00  1.047E-01
  1.950E+00  1.099E-01
  2.014E+00  1.151E-01
  2.079E+00  1.201E-01
  2.144E+00  1.250E-01
  2.209E+00  1.298E-01
  2.275E+00  1.346E-01
  2.342E+00  1.393E-01
  2.408E+00  1.439E-01
  2.476E+00  1.484E-01
  2.544E+00  1.528E-01
  2.612E+00  1.572E-01
  2.681E+00  1.615E-01
  2.750E+00  1.658E-01
  2.820E+00  1.700E-01
  2.890E+00  1.741E-01
  2.961E+00  1.782E-01
  3.032E+00  1.822E-01
  3.104E+00  1.862E-01
  3.176E+00  1.901E-01
  3.249E+00  1.940E-01
  3.323E+00  1.979E-01
  3.397E+00  2.017E-01
  3.471E+00  2.054E-01
  3.546E+00  2.091E-01
  3.622E+00  2.128E-01
  3.698E+00  2.165E-01
  3.774E+00  2.201E-01
  3.851E+00  2.237E-01
  3.929E+00  2.272E-01
  4.007E+00  2.307E-01
  4.086E+00  2.342E-01
  4.166E+00  2.377E-01
  4.246E+00  2.411E-01
  4.326E+00  2.445E-01
  4.407E+00  2.479E-01
  4.489E+00  2.512E-01
  4.571E+00  2.545E-01
  4.654E+00  2.578E-01
  4.738E+00  2.611E-01
  4.822E+00  2.644E-01
  4.907E+00  2.676E-01
  4.992E+00  2.708E-01
  5.078E+00  2.740E-01
  5.165E+00  2.772E-01
  5.252E+00  2.804E-01
  5.340E+00  2.835E-01
  5.428E+00  2.866E-01
  5.517E+00  2.897E-01
  5.607E+00  2.928E-01
  5.697E+00  2.959E-01
  5.788E+00  2.990E-01
  5.880E+00  3.021E-01
  5.972E+00  3.051E-01
  6.065E+00  3.081E-01
  6.159E+00  3.111E-01
  6.253E+00  3.141E-01
  6.348E+00  3.171E-01
  6.444E+00  3.201E-01
  6.540E+00  3.231E-01
  6.637E+00  3.261E-01
  6.735E+00  3.290E-01
  6.834E+00  3.320E-01
  6.933E+00  3.349E-01
  7.033E+00  3.378E-01
  7.133E+00  3.408E-01
  7.235E+00  3.437E-01
  7.337E+00  3.466E-01
  7.440E+00  3.495E-01
  7.543E+00  3.524E-01
  7.648E+00  3.553E-01
  7.753E+00  3.581E-01
  7.859E+00  3.610E-01
  7.965E+00  3.639E-01
  8.072E+00  3.668E-01
  8.181E+00  3.696E-01
  8.289E+00  3.725E-01
  8.399E+00  3.753E-01
  8.510E+00  3.782E-01
  8.621E+00  3.810E-01
  8.733E+00  3.839E-01
  8.846E+00  3.867E-01
  8.960E+00  3.896E-01
  9.074E+00  3.924E-01
  9.189E+00  3.952E-01
  9.306E+00  3.981E-01
  9.423E+00  4.009E-01
  9.540E+00  4.037E-01
  9.659E+00  4.066E-01
  9.779E+00  4.094E-01
  9.899E+00  4.122E-01
  1.002E+01  4.151E-01
  1.014E+01  4.179E-01
  1.027E+01  4.207E-01
  1.039E+01  4.235E-01
  1.051E+01  4.264E-01
  1.064E+01  4.292E-01
  1.077E+01  4.320E-01
  1.089E+01  4.349E-01
  1.102E+01  4.377E-01
  1.115E+01  4.405E-01
  1.128E+01  4.434E-01
  1.141E+01  4.462E-01
  1.155E+01  4.490E-01
  1.168E+01  4.519E-01
  1.181E+01  4.547E-01
  1.195E+01  4.576E-01
  1.208E+01  4.604E-01
  1.222E+01  4.633E-01
  1.236E+01  4.661E-01
  1.250E+01  4.690E-01
  1.264E+01  4.718E-01
  1.278E+01  4.747E-01
  1.292E+01  4.776E-01
  1.306E+01  4.804E-01
  1.321E+01  4.833E-01
  1.335E+01  4.862E-01
  1.350E+01  4.890E-01
  1.365E+01  4.919E-01
  1.379E+01  4.948E-01
  1.394E+01  4.977E-01
  1.409E+01  5.006E-01
  1.425E+01  5.035E-01
  1.440E+01  5.064E-01
  1.455E+01  5.093E-01
  1.471E+01  5.122E-01
  1.486E+01  5.152E-01
  1.502E+01  5.181E-01
  1.518E+01  5.210E-01
  1.534E+01  5.240E-01
  1.550E+01  5.269E-01
  1.566E+01  5.298E-01
  1.582E+01  5.328E-01
  1.599E+01  5.357E-01
  1.615E+01  5.387E-01
  1.632E+01  5.417E-01
  1.648E+01  5.447E-01
  1.665E+01  5.476E-01
  1.682E+01  5.506E-01
  1.699E+01  5.536E-01
  1.717E+01  5.566E-01
  1.734E+01  5.596E-01
  1.752E+01  5.626E-01
  1.769E+01  5.657E-01
  1.787E+01  5.687E-01
  1.805E+01  5.717E-01
  1.823E+01  5.748E-01
  1.841E+01  5.778E-01
  1.859E+01  5.809E-01
  1.877E+01  5.839E-01
  1.896E+01  5.870E-01
  1.915E+01  5.901E-01
  1.933E+01  5.932E-01
  1.952E+01  5.963E-01
  1.971E+01  5.994E-01
  1.991E+01  6.025E-01
  2.010E+01  6.056E-01
  2.029E+01  6.087E-01
  2.049E+01  6.119E-01
  2.069E+01  6.150E-01
  2.089E+01  6.181E-01
  2.109E+01  6.213E-01
  2.129E+01  6.245E-01
  2.149E+01  6.276E-01
  2.170E+01  6.308E-01
  2.190E+01  6.340E-01
  2.211E+01  6.372E-01
  2.232E+01  6.404E-01
  2.253E+01  6.436E-01
  2.274E+01  6.469E-01
  2.296E+01  6.501E-01
  2.317E+01  6.533E-01
  2.339E+01  6.566E-01
  2.361E+01  6.598E-01
  2.383E+01  6.631E-01
  2.405E+01  6.664E-01
  2.427E+01  6.697E-01
  2.450E+01  6.730E-01
  2.472E+01  6.763E-01
  2.495E+01  6.796E-01
  2.518E+01  6.829E-01
  2.541E+01  6.863E-01
  2.565E+01  6.896E-01
  2.588E+01  6.930E-01
  2.612E+01  6.963E-01
  2.635E+01  6.997E-01
  2.659E+01  7.031E-01
  2.684E+01  7.065E-01
  2.708E+01  7.099E-01
  2.732E+01  7.133E-01
  2.757E+01  7.167E-01
  2.782E+01  7.202E-01
  2.807E+01  7.236E-01
  2.832E+01  7.271E-01
  2.857E+01  7.305E-01
  2.883E+01  7.340E-01
  2.909E+01  7.375E-01
  2.935E+01  7.410E-01
  2.961E+01  7.445E-01
  2.987E+01  7.480E-01
  3.014E+01  7.515E-01
  3.040E+01  7.551E-01
  3.067E+01  7.586E-01
  3.094E+01  7.622E-01
  3.122E+01  7.658E-01
  3.149E+01  7.693E-01
  3.177E+01  7.729E-01
  3.205E+01  7.766E-01
  3.233E+01  7.802E-01
  3.261E+01  7.838E-01
  3.290E+01  7.875E-01
  3.318E+01  7.911E-01
  3.347E+01  7.948E-01
  3.376E+01  7.985E-01
  3.406E+01  8.022E-01
  3.435E+01  8.059E-01
  3.465E+01  8.097E-01
  3.495E+01  8.134E-01
  3.525E+01  8.172E-01
  3.555E+01  8.209E-01
  3.586E+01  8.247E-01
  3.617E+01  8.285E-01
  3.648E+01  8.323E-01
  3.679E+01  8.361E-01
  3.710E+01  8.400E-01
  3.742E+01  8.438E-01
  3.774E+01  8.477E-01
  3.806E+01  8.515E-01
  3.839E+01  8.554E-01
  3.871E+01  8.593E-01
  3.904E+01  8.632E-01
  3.937E+01  8.672E-01
  3.971E+01  8.711E-01
  4.004E+01  8.750E-01
  4.038E+01  8.790E-01
  4.072E+01  8.830E-01
  4.106E+01  8.870E-01
  4.141E+01  8.910E-01
  4.176E+01  8.950E-01
  4.211E+01  8.990E-01
  4.246E+01  9.031E-01
  4.282E+01  9.071E-01
  4.318E+01  9.112E-01
  4.354E+01  9.153E-01
  4.390E+01  9.194E-01
  4.427E+01  9.235E-01
  4.464E+01  9.276E-01
  4.501E+01  9.317E-01
  4.538E+01  9.359E-01
  4.576E+01  9.400E-01
  4.614E+01  9.442E-01
  4.652E+01  9.484E-01
  4.690E+01  9.526E-01
  4.729E+01  9.568E-01
  4.768E+01  9.610E-01
  4.808E+01  9.653E-01
  4.847E+01  9.695E-01
  4.887E+01  9.738E-01
  4.927E+01  9.781E-01
  4.968E+01  9.824E-01
  5.009E+01  9.867E-01
  5.050E+01  9.910E-01
  5.091E+01  9.954E-01
  5.133E+01  9.997E-01
  5.175E+01  1.004E+00
  5.217E+01  1.008E+00
  5.259E+01  1.013E+00
  5.302E+01  1.017E+00
  5.345E+01  1.022E+00
  5.389E+01  1.026E+00
  5.433E+01  1.031E+00
  5.477E+01  1.035E+00
  5.521E+01  1.039E+00
  5.566E+01  1.044E+00
  5.611E+01  1.048E+00
  5.657E+01  1.053E+00
  5.702E+01  1.057E+00
  5.748E+01  1.062E+00
  5.795E+01  1.067E+00
  5.841E+01  1.071E+00
  5.888E+01  1.076E+00
  5.936E+01  1.080E+00
  5.984E+01  1.085E+00
  6.032E+01  1.090E+00
  6.080E+01  1.094E+00
  6.129E+01  1.099E+00
  6.178E+01  1.103E+00
  6.227E+01  1.108E+00
  6.277E+01  1.113E+00
  6.328E+01  1.118E+00
  6.378E+01  1.122E+00
  6.429E+01  1.127E+00
  6.480E+01  1.132E+00
  6.532E+01  1.136E+00
  6.584E+01  1.141E+00
  6.636E+01  1.146E+00
  6.689E+01  1.151E+00
  6.742E+01  1.156E+00
  6.796E+01  1.160E+00
  6.850E+01  1.165E+00
  6.904E+01  1.170E+00
  6.959E+01  1.175E+00
  7.014E+01  1.180E+00
  7.069E+01  1.185E+00
  7.125E+01  1.190E+00
  7.182E+01  1.195E+00
  7.238E+01  1.200E+00
  7.295E+01  1.205E+00
  7.353E+01  1.210E+00
  7.411E+01  1.214E+00
  7.469E+01  1.219E+00
  7.528E+01  1.224E+00
  7.587E+01  1.230E+00
  7.647E+01  1.235E+00
  7.707E+01  1.240E+00
  7.767E+01  1.245E+00
  7.828E+01  1.250E+00
  7.890E+01  1.255E+00
  7.952E+01  1.260E+00
  8.014E+01  1.265E+00
  8.077E+01  1.270E+00
  8.140E+01  1.275E+00
  8.203E+01  1.280E+00
  8.267E+01  1.286E+00
  8.332E+01  1.291E+00
  8.397E+01  1.296E+00
  8.462E+01  1.301E+00
  8.528E+01  1.306E+00
  8.595E+01  1.312E+00
  8.662E+01  1.317E+00
  8.729E+01  1.322E+00
  8.797E+01  1.328E+00
  8.865E+01  1.333E+00
  8.934E+01  1.338E+00
  9.003E+01  1.343E+00
  9.073E+01  1.349E+00
  9.143E+01  1.354E+00
  9.214E+01  1.360E+00
  9.286E+01  1.365E+00
  9.357E+01  1.370E+00
  9.430E+01  1.376E+00
  9.503E+01  1.381E+00
  9.576E+01  1.387E+00
  9.650E+01  1.392E+00
  9.725E+01  1.397E+00
  9.800E+01  1.403E+00
  9.875E+01  1.408E+00
  9.951E+01  1.414E+00
  1.003E+02  1.419E+00
  1.011E+02  1.425E+00
  1.018E+02  1.431E+00
  1.026E+02  1.436E+00
  1.034E+02  1.442E+00
  1.042E+02  1.447E+00
  1.050E+02  1.453E+00
  1.058E+02  1.458E+00
  1.066E+02  1.464E+00
  1.074E+02  1.470E+00
  1.083E+02  1.475E+00
  1.091E+02  1.481E+00
  1.099E+02  1.487E+00
  1.108E+02  1.492E+00
  1.116E+02  1.498E+00
  1.125E+02  1.504E+00
  1.133E+02  1.510E+00
  1.142E+02  1.515E+00
  1.151E+02  1.521E+00
  1.159E+02  1.527E+00
  1.168E+02  1.533E+00
  1.177E+02  1.538E+00
  1.186E+02  1.544E+00
  1.195E+02  1.550E+00
  1.204E+02  1.556E+00
  1.213E+02  1.562E+00
  1.223E+02  1.568E+00
  1.232E+02  1.573E+00
  1.241E+02  1.579E+00
  1.251E+02  1.585E+00
  1.260E+02  1.591E+00
  1.270E+02  1.597E+00
  1.279E+02  1.603E+00
  1.289E+02  1.609E+00
  1.299E+02  1.615E+00
  1.309E+02  1.621E+00
  1.319E+02  1.627E+00
  1.329E+02  1.633E+00
  1.339E+02  1.639E+00
  1.349E+02  1.645E+00
  1.359E+02  1.651E+00
  1.369E+02  1.657E+00
  1.380E+02  1.663E+00
  1.390E+02  1.669E+00
  1.401E+02  1.675E+00
  1.411E+02  1.681E+00
  1.422E+02  1.687E+00
  1.433E+02  1.693E+00
  1.444E+02  1.699E+00
  1.454E+02  1.706E+00
  1.465E+02  1.712E+00
  1.476E+02  1.718E+00
  1.488E+02  1.724E+00
  1.499E+02  1.730E+00
  1.510E+02  1.736E+00
  1.521E+02  1.743E+00
  1.533E+02  1.749E+00
  1.544E+02  1.755E+00
  1.556E+02  1.761E+00
  1.568E+02  1.767E+00
  1.580E+02  1.774E+00
  1.591E+02  1.780E+00
  1.603E+02  1.786E+00
  1.615E+02  1.792E+00
  1.628E+02  1.799E+00
  1.640E+02  1.805E+00
  1.652E+02  1.811E+00
  1.665E+02  1.818E+00
  1.677E+02  1.824E+00
  1.690E+02  1.830E+00
  1.702E+02  1.837E+00
  1.715E+02  1.843E+00
  1.728E+02  1.849E+00
  1.741E+02  1.856E+00
  1.754E+02  1.862E+00
  1.767E+02  1.868E+00
  1.780E+02  1.875E+00
  1.793E+02  1.881E+00
  1.807E+02  1.887E+00
  1.820E+02  1.894E+00
  1.834E+02  1.900E+00
  1.848E+02  1.907E+00
  1.862E+02  1.913E+00
  1.875E+02  1.919E+00
  1.889E+02  1.926E+00
  1.904E+02  1.932E+00
  1.918E+02  1.939E+00
  1.932E+02  1.945E+00
  1.946E+02  1.952E+00
  1.961E+02  1.958E+00
  1.976E+02  1.964E+00
  1.990E+02  1.971E+00
  2.005E+02  1.977E+00
  2.020E+02  1.984E+00
  2.035E+02  1.990E+00
  2.050E+02  1.997E+00
  2.066E+02  2.003E+00
  2.081E+02  2.010E+00
  2.096E+02  2.016E+00
  2.112E+02  2.023E+00
  2.128E+02  2.029E+00
  2.144E+02  2.035E+00
  2.159E+02  2.042E+00
  2.176E+02  2.048E+00
  2.192E+02  2.055E+00
  2.208E+02  2.061E+00
  2.224E+02  2.068E+00
  2.241E+02  2.074E+00
  2.257E+02  2.081E+00
  2.274E+02  2.087E+00
  2.291E+02  2.094E+00
  2.308E+02  2.100E+00
  2.325E+02  2.107E+00
  2.342E+02  2.113E+00
  2.360E+02  2.120E+00
  2.377E+02  2.126E+00
  2.395E+02  2.133E+00
  2.413E+02  2.139E+00
  2.431E+02  2.145E+00
  2.449E+02  2.152E+00
  2.467E+02  2.158E+00
  2.485E+02  2.165E+00
  2.503E+02  2.171E+00
  2.522E+02  2.178E+00
  2.541E+02  2.184E+00
  2.559E+02  2.191E+00
  2.578E+02  2.197E+00
  2.597E+02  2.203E+00
  2.617E+02  2.210E+00
  2.636E+02  2.216E+00
  2.655E+02  2.223E+00
  2.675E+02  2.229E+00
  2.695E+02  2.235E+00
  2.715E+02  2.242E+00
  2.735E+02  2.248E+00
  2.755E+02  2.255E+00
  2.775E+02  2.261E+00
  2.796E+02  2.267E+00
  2.816E+02  2.274E+00
  2.837E+02  2.280E+00
  2.858E+02  2.286E+00
  2.879E+02  2.293E+00
  2.900E+02  2.299E+00
  2.922E+02  2.305E+00
  2.943E+02  2.312E+00
  2.965E+02  2.318E+00
  2.987E+02  2.324E+00
  3.009E+02  2.330E+00
  3.031E+02  2.337E+00
  3.053E+02  2.343E+00
  3.076E+02  2.349E+00
  3.098E+02  2.355E+00
  3.121E+02  2.362E+00
  3.144E+02  2.368E+00
  3.167E+02  2.374E+00
  3.191E+02  2.380E+00
  3.214E+02  2.386E+00
  3.238E+02  2.392E+00
  3.262E+02  2.399E+00
  3.286E+02  2.405E+00
  3.310E+02  2.411E+00
  3.334E+02  2.417E+00
  3.358E+02  2.423E+00
  3.383E+02  2.429E+00
  3.408E+02  2.435E+00
  3.433E+02  2.441E+00
  3.458E+02  2.447E+00
  3.484E+02  2.453E+00
  3.509E+02  2.459E+00
  3.535E+02  2.465E+00
  3.561E+02  2.471E+00
  3.587E+02  2.477E+00
  3.613E+02  2.483E+00
  3.640E+02  2.489E+00
  3.667E+02  2.495E+00
  3.694E+02  2.500E+00
  3.721E+02  2.506E+00
  3.748E+02  2.512E+00
  3.775E+02  2.518E+00
  3.803E+02  2.524E+00
  3.831E+02  2.529E+00
  3.859E+02  2.535E+00
  3.887E+02  2.541E+00
  3.916E+02  2.547E+00
  3.945E+02  2.552E+00
  3.973E+02  2.558E+00
  4.003E+02  2.564E+00
  4.032E+02  2.569E+00
  4.061E+02  2.575E+00
  4.091E+02  2.581E+00
  4.121E+02  2.586E+00
  4.151E+02  2.592E+00
  4.182E+02  2.597E+00
  4.212E+02  2.603E+00
  4.243E+02  2.608E+00
  4.274E+02  2.614E+00
  4.305E+02  2.619E+00
  4.337E+02  2.625E+00
  4.369E+02  2.630E+00
  4.401E+02  2.636E+00
  4.433E+02  2.641E+00
  4.465E+02  2.646E+00
  4.498E+02  2.652E+00
  4.531E+02  2.657E+00
  4.564E+02  2.662E+00
  4.597E+02  2.667E+00
  4.631E+02  2.673E+00
  4.665E+02  2.678E+00
  4.699E+02  2.683E+00
  4.733E+02  2.688E+00
  4.768E+02  2.693E+00
  4.803E+02  2.699E+00
  4.838E+02  2.704E+00
  4.873E+02  2.709E+00
  4.909E+02  2.714E+00
  4.944E+02  2.719E+00
  4.980E+02  2.724E+00
  5.017E+02  2.729E+00
  5.053E+02  2.734E+00
  5.090E+02  2.739E+00
  5.127E+02  2.744E+00
  5.165E+02  2.749E+00
  5.203E+02  2.753E+00
  5.241E+02  2.758E+00
  5.279E+02  2.763E+00
  5.317E+02  2.768E+00
  5.356E+02  2.773E+00
  5.395E+02  2.777E+00
  5.434E+02  2.782E+00
  5.474E+02  2.787E+00
  5.514E+02  2.792E+00
  5.554E+02  2.796E+00
  5.595E+02  2.801E+00
  5.635E+02  2.806E+00
  5.677E+02  2.810E+00
  5.718E+02  2.815E+00
  5.760E+02  2.819E+00
  5.802E+02  2.824E+00
  5.844E+02  2.828E+00
  5.886E+02  2.833E+00
  5.929E+02  2.837E+00
  5.972E+02  2.842E+00
  6.016E+02  2.846E+00
  6.060E+02  2.850E+00
  6.104E+02  2.855E+00
  6.148E+02  2.859E+00
  6.193E+02  2.863E+00
  6.238E+02  2.868E+00
  6.284E+02  2.872E+00
  6.329E+02  2.876E+00
  6.375E+02  2.880E+00
  6.422E+02  2.884E+00
  6.469E+02  2.889E+00
  6.516E+02  2.893E+00
  6.563E+02  2.897E+00
  6.611E+02  2.901E+00
  6.659E+02  2.905E+00
  6.707E+02  2.909E+00
  6.756E+02  2.913E+00
  6.805E+02  2.917E+00
  6.855E+02  2.921E+00
  6.905E+02  2.925E+00
  6.955E+02  2.929E+00
  7.005E+02  2.933E+00
  7.056E+02  2.937E+00
  7.108E+02  2.940E+00
  7.159E+02  2.944E+00
  7.211E+02  2.948E+00
  7.264E+02  2.952E+00
  7.317E+02  2.956E+00
  7.370E+02  2.959E+00
  7.423E+02  2.963E+00
  7.477E+02  2.967E+00
  7.532E+02  2.970E+00
  7.586E+02  2.974E+00
  7.642E+02  2.978E+00
  7.697E+02  2.981E+00
  7.753E+02  2.985E+00
  7.809E+02  2.988E+00
  7.866E+02  2.992E+00
  7.923E+02  2.995E+00
  7.981E+02  2.999E+00
  8.039E+02  3.002E+00
  8.097E+02  3.006E+00
  8.156E+02  3.009E+00
  8.215E+02  3.013E+00
  8.275E+02  3.016E+00
  8.335E+02  3.019E+00
  8.395E+02  3.023E+00
  8.456E+02  3.026E+00
  8.518E+02  3.029E+00
  8.579E+02  3.033E+00
  8.642E+02  3.036E+00
  8.704E+02  3.039E+00
  8.768E+02  3.042E+00
  8.831E+02  3.045E+00
  8.895E+02  3.049E+00
  8.960E+02  3.052E+00
  9.025E+02  3.055E+00
  9.090E+02  3.058E+00
  9.156E+02  3.061E+00
  9.223E+02  3.064E+00
  9.290E+02  3.067E+00
  9.357E+02  3.070E+00
  9.425E+02  3.073E+00
  9.493E+02  3.076E+00
  9.562E+02  3.079E+00
  9.631E+02  3.082E+00
  9.701E+02  3.085E+00
  9.772E+02  3.088E+00
  9.843E+02  3.091E+00
  9.914E+02  3.094E+00
  9.986E+02  3.097E+00
  1.006E+03  3.100E+00
  1.013E+03  3.102E+00
  1.020E+03  3.105E+00
  1.028E+03  3.108E+00
  1.035E+03  3.111E+00
  1.043E+03  3.114E+00
  1.050E+03  3.116E+00
  1.058E+03  3.119E+00
  1.066E+03  3.122E+00
  1.073E+03  3.124E+00
  1.081E+03  3.127E+00
  1.089E+03  3.130E+00
  1.097E+03  3.132E+00
  1.105E+03  3.135E+00
  1.113E+03  3.138E+00
  1.121E+03  3.140E+00
  1.129E+03  3.143E+00
  1.137E+03  3.145E+00
  1.145E+03  3.148E+00
  1.154E+03  3.150E+00
  1.162E+03  3.153E+00
  1.170E+03  3.155E+00
  1.179E+03  3.158E+00
  1.188E+03  3.160E+00
  1.196E+03  3.163E+00
  1.205E+03  3.165E+00
  1.213E+03  3.168E+00
  1.222E+03  3.170E+00
  1.231E+03  3.172E+00
  1.240E+03  3.175E+00
  1.249E+03  3.177E+00
  1.258E+03  3.179E+00
  1.267E+03  3.182E+00
  1.276E+03  3.184E+00
  1.286E+03  3.186E+00
  1.295E+03  3.189E+00
  1.304E+03  3.191E+00
  1.314E+03  3.193E+00
  1.323E+03  3.195E+00
  1.333E+03  3.198E+00
  1.342E+03  3.200E+00
  1.352E+03  3.202E+00
  1.362E+03  3.204E+00
  1.372E+03  3.207E+00
  1.382E+03  3.209E+00
  1.392E+03  3.211E+00
  1.402E+03  3.213E+00
  1.412E+03  3.215E+00
  1.422E+03  3.217E+00
  1.432E+03  3.219E+00
  1.443E+03  3.222E+00
  1.453E+03  3.224E+00
  1.464E+03  3.226E+00
  1.474E+03  3.228E+00
  1.485E+03  3.230E+00
  1.496E+03  3.232E+00
  1.507E+03  3.234E+00
  1.517E+03  3.236E+00
  1.528E+03  3.238E+00
  1.539E+03  3.240E+00
  1.551E+03  3.242E+00
  1.562E+03  3.244E+00
  1.573E+03  3.246E+00
  1.585E+03  3.248E+00
  1.596E+03  3.250E+00
  1.608E+03  3.252E+00
  1.619E+03  3.254E+00
  1.631E+03  3.256E+00
  1.643E+03  3.257E+00
  1.655E+03  3.259E+00
  1.666E+03  3.261E+00
  1.679E+03  3.263E+00
  1.691E+03  3.265E+00
  1.703E+03  3.267E+00
  1.715E+03  3.269E+00
  1.728E+03  3.271E+00
  1.740E+03  3.272E+00
  1.753E+03  3.274E+00
  1.765E+03  3.276E+00
  1.778E+03  3.278E+00
  1.791E+03  3.280E+00
  1.804E+03  3.281E+00
  1.817E+03  3.283E+00
  1.830E+03  3.285E+00
  1.843E+03  3.287E+00
  1.857E+03  3.288E+00
  1.870E+03  3.290E+00
  1.884E+03  3.292E+00
  1.897E+03  3.294E+00
  1.911E+03  3.295E+00
  1.925E+03  3.297E+00
  1.939E+03  3.299E+00
  1.953E+03  3.301E+00
  1.967E+03  3.302E+00
  1.981E+03  3.304E+00
  1.995E+03  3.306E+00
  2.010E+03  3.307E+00
  2.024E+03  3.309E+00
  2.039E+03  3.311E+00
  2.054E+03  3.312E+00
  2.068E+03  3.314E+00
  2.083E+03  3.316E+00
  2.098E+03  3.317E+00
  2.113E+03  3.319E+00
  2.129E+03  3.321E+00
  2.144E+03  3.322E+00
  2.160E+03  3.324E+00
  2.175E+03  3.325E+00
  2.191E+03  3.327E+00
  2.207E+03  3.329E+00
  2.223E+03  3.330E+00
  2.239E+03  3.332E+00
  2.255E+03  3.333E+00
  2.271E+03  3.335E+00
  2.288E+03  3.337E+00
  2.304E+03  3.338E+00
  2.321E+03  3.340E+00
  2.338E+03  3.341E+00
  2.354E+03  3.343E+00
  2.371E+03  3.344E+00
  2.389E+03  3.346E+00
  2.406E+03  3.348E+00
  2.423E+03  3.349E+00
  2.441E+03  3.351E+00
  2.458E+03  3.352E+00
  2.476E+03  3.354E+00
  2.494E+03  3.355E+00
  2.512E+03  3.357E+00
  2.530E+03  3.358E+00
  2.548E+03  3.360E+00
  2.567E+03  3.361E+00
  2.585E+03  3.363E+00
  2.604E+03  3.364E+00
  2.623E+03  3.366E+00
  2.642E+03  3.367E+00
  2.661E+03  3.369E+00
  2.680E+03  3.370E+00
  2.699E+03  3.372E+00
  2.719E+03  3.373E+00
  2.738E+03  3.375E+00
  2.758E+03  3.376E+00
  2.778E+03  3.378E+00
  2.798E+03  3.379E+00
  2.818E+03  3.381E+00
  2.839E+03  3.382E+00
  2.859E+03  3.384E+00
  2.880E+03  3.385E+00
  2.901E+03  3.387E+00
  2.921E+03  3.388E+00
  2.943E+03  3.389E+00
  2.964E+03  3.391E+00
  2.985E+03  3.392E+00
  3.007E+03  3.394E+00
  3.028E+03  3.395E+00
  3.050E+03  3.397E+00
  3.072E+03  3.398E+00
  3.094E+03  3.400E+00
  3.117E+03  3.401E+00
  3.139E+03  3.403E+00
  3.162E+03  3.404E+00
  3.185E+03  3.405E+00
  3.208E+03  3.407E+00
  3.231E+03  3.408E+00
  3.254E+03  3.410E+00
  3.278E+03  3.411E+00
  3.301E+03  3.413E+00
  3.325E+03  3.414E+00
  3.349E+03  3.416E+00
  3.373E+03  3.417E+00
  3.398E+03  3.418E+00
  3.422E+03  3.420E+00
  3.447E+03  3.421E+00
  3.472E+03  3.423E+00
  3.497E+03  3.424E+00
  3.522E+03  3.426E+00
  3.547E+03  3.427E+00
  3.573E+03  3.429E+00
  3.599E+03  3.430E+00
  3.625E+03  3.431E+00
  3.651E+03  3.433E+00
  3.677E+03  3.434E+00
  3.704E+03  3.436E+00
  3.730E+03  3.437E+00
  3.757E+03  3.439E+00
  3.784E+03  3.440E+00
  3.812E+03  3.442E+00
  3.839E+03  3.443E+00
  3.867E+03  3.445E+00
  3.895E+03  3.446E+00
  3.923E+03  3.447E+00
  3.951E+03  3.449E+00
  3.980E+03  3.450E+00
  4.008E+03  3.452E+00
  4.037E+03  3.453E+00
  4.066E+03  3.455E+00
  4.096E+03  3.456E+00
  4.125E+03  3.457E+00
  4.155E+03  3.459E+00
  4.185E+03  3.460E+00
  4.215E+03  3.462E+00
  4.246E+03  3.463E+00
  4.276E+03  3.465E+00
  4.307E+03  3.466E+00
  4.338E+03  3.468E+00
  4.369E+03  3.469E+00
  4.401E+03  3.471E+00
  4.433E+03  3.472E+00
  4.465E+03  3.474E+00
  4.497E+03  3.475E+00
  4.529E+03  3.477E+00
  4.562E+03  3.478E+00
  4.595E+03  3.480E+00
  4.628E+03  3.481E+00
  4.661E+03  3.483E+00
  4.695E+03  3.484E+00
  4.729E+03  3.486E+00
  4.763E+03  3.487E+00
  4.797E+03  3.489E+00
  4.832E+03  3.491E+00
  4.867E+03  3.492E+00
  4.902E+03  3.494E+00
  4.937E+03  3.495E+00
  4.973E+03  3.497E+00
  5.009E+03  3.498E+00
  5.045E+03  3.500E+00
  5.081E+03  3.501E+00
  5.118E+03  3.503E+00
  5.155E+03  3.505E+00
  5.192E+03  3.506E+00
  5.229E+03  3.508E+00
  5.267E+03  3.509E+00
  5.305E+03  3.511E+00
  5.343E+03  3.513E+00
  5.382E+03  3.514E+00
  5.420E+03  3.516E+00
  5.459E+03  3.518E+00
  5.499E+03  3.519E+00
  5.538E+03  3.521E+00
  5.578E+03  3.523E+00
  5.619E+03  3.524E+00
  5.659E+03  3.526E+00
  5.700E+03  3.528E+00
  5.741E+03  3.529E+00
  5.782E+03  3.531E+00
  5.824E+03  3.533E+00
  5.866E+03  3.534E+00
  5.908E+03  3.536E+00
  5.951E+03  3.538E+00
  5.994E+03  3.540E+00
  6.037E+03  3.541E+00
  6.081E+03  3.543E+00
  6.124E+03  3.545E+00
  6.168E+03  3.547E+00
  6.213E+03  3.549E+00
  6.258E+03  3.550E+00
  6.303E+03  3.552E+00
  6.348E+03  3.554E+00
  6.394E+03  3.556E+00
  6.440E+03  3.558E+00
  6.487E+03  3.559E+00
  6.533E+03  3.561E+00
  6.580E+03  3.563E+00
  6.628E+03  3.565E+00
  6.676E+03  3.567E+00
  6.724E+03  3.569E+00
  6.772E+03  3.571E+00
  6.821E+03  3.573E+00
  6.870E+03  3.575E+00
  6.920E+03  3.576E+00
  6.970E+03  3.578E+00
  7.020E+03  3.580E+00
  7.070E+03  3.582E+00
  7.121E+03  3.584E+00
  7.173E+03  3.586E+00
  7.224E+03  3.588E+00
  7.276E+03  3.590E+00
  7.329E+03  3.592E+00
  7.382E+03  3.594E+00
  7.435E+03  3.596E+00
  7.488E+03  3.599E+00
  7.542E+03  3.601E+00
  7.597E+03  3.603E+00
  7.651E+03  3.605E+00
  7.707E+03  3.607E+00
  7.762E+03  3.609E+00
  7.818E+03  3.611E+00
  7.874E+03  3.613E+00
  7.931E+03  3.616E+00
  7.988E+03  3.618E+00
  8.046E+03  3.620E+00
  8.104E+03  3.622E+00
  8.162E+03  3.625E+00
  8.221E+03  3.627E+00
  8.280E+03  3.629E+00
  8.340E+03  3.631E+00
  8.400E+03  3.634E+00
  8.461E+03  3.636E+00
  8.522E+03  3.639E+00
  8.583E+03  3.641E+00
  8.645E+03  3.643E+00
  8.707E+03  3.646E+00
  8.770E+03  3.648E+00
  8.833E+03  3.651E+00
  8.897E+03  3.653E+00
  8.961E+03  3.656E+00
  9.025E+03  3.656E+00
