  7.518E-02  0.000E+00
  1.257E-01  0.000E+00
  1.766E-01  0.000E+00
  2.279E-01  0.000E+00
  2.795E-01  0.000E+00
  3.316E-01  0.000E+00
  3.839E-01  0.000E+00
  4.367E-01  0.000E+00
  4.898E-01  0.000E+00
  5.434E-01  0.000E+00
  5.973E-01  0.000E+00
  6.516E-01  0.000E+00
  7.063E-01  0.000E+00
  7.614E-01  0.000E+00
  8.168E-01  0.000E+00
  8.727E-01  0.000E+00
  9.290E-01  0.000E+00
  9.857E-01  8.254E-03
  1.043E+00  1.618E-02
  1.100E+00  2.381E-02
  1.158E+00  3.118E-02
  1.217E+00  3.830E-02
  1.275E+00  4.519E-02
  1.335E+00  5.188E-02
  1.394E+00  5.837E-02
  1.454E+00  6.469E-02
  1.515E+00  7.084E-02
  1.576E+00  7.682E-02
  1.637E+00  8.267E-02
  1.699E+00  8.837E-02
  1.761E+00  9.395E-02
  1.824E+00  9.940E-02
  1.887E+00  1.047E-01
  1.950E+00  1.100E-01
  2.014E+00  1.151E-01
  2.079E+00  1.201E-01
  2.144E+00  1.250E-01
  2.209E+00  1.299E-01
  2.275E+00  1.346E-01
  2.342E+00  1.393E-01
  2.408E+00  1.439E-01
  2.476E+00  1.484E-01
  2.544E+00  1.529E-01
  2.612E+00  1.572E-01
  2.681E+00  1.616E-01
  2.750E+00  1.658E-01
  2.820E+00  1.700E-01
  2.890E+00  1.742E-01
  2.961E+00  1.783E-01
  3.032E+00  1.823E-01
  3.104E+00  1.863E-01
  3.176E+00  1.902E-01
  3.249E+00  1.941E-01
  3.323E+00  1.980E-01
  3.397E+00  2.018E-01
  3.471E+00  2.055E-01
  3.546E+00  2.093E-01
  3.622E+00  2.129E-01
  3.698E+00  2.166E-01
  3.774E+00  2.202E-01
  3.851E+00  2.238E-01
  3.929E+00  2.273E-01
  4.007E+00  2.309E-01
  4.086E+00  2.344E-01
  4.166E+00  2.378E-01
  4.246E+00  2.413E-01
  4.326E+00  2.447E-01
  4.407E+00  2.480E-01
  4.489E+00  2.514E-01
  4.571E+00  2.547E-01
  4.654E+00  2.580E-01
  4.738E+00  2.613E-01
  4.822E+00  2.646E-01
  4.907E+00  2.678E-01
  4.992E+00  2.711E-01
  5.078E+00  2.743E-01
  5.165E+00  2.775E-01
  5.252E+00  2.806E-01
  5.340E+00  2.838E-01
  5.428E+00  2.869E-01
  5.517E+00  2.900E-01
  5.607E+00  2.931E-01
  5.697E+00  2.962E-01
  5.788E+00  2.993E-01
  5.880E+00  3.024E-01
  5.972E+00  3.054E-01
  6.065E+00  3.085E-01
  6.159E+00  3.115E-01
  6.253E+00  3.145E-01
  6.348E+00  3.175E-01
  6.444E+00  3.205E-01
  6.540E+00  3.235E-01
  6.637E+00  3.265E-01
  6.735E+00  3.294E-01
  6.834E+00  3.324E-01
  6.933E+00  3.353E-01
  7.033E+00  3.383E-01
  7.133E+00  3.412E-01
  7.235E+00  3.441E-01
  7.337E+00  3.470E-01
  7.440E+00  3.500E-01
  7.543E+00  3.529E-01
  7.648E+00  3.558E-01
  7.753E+00  3.587E-01
  7.859E+00  3.615E-01
  7.965E+00  3.644E-01
  8.072E+00  3.673E-01
  8.181E+00  3.702E-01
  8.289E+00  3.731E-01
  8.399E+00  3.759E-01
  8.510E+00  3.788E-01
  8.621E+00  3.817E-01
  8.733E+00  3.845E-01
  8.846E+00  3.874E-01
  8.960E+00  3.902E-01
  9.074E+00  3.931E-01
  9.189E+00  3.959E-01
  9.306E+00  3.988E-01
  9.423E+00  4.016E-01
  9.540E+00  4.045E-01
  9.659E+00  4.073E-01
  9.779E+00  4.102E-01
  9.899E+00  4.130E-01
  1.002E+01  4.158E-01
  1.014E+01  4.187E-01
  1.027E+01  4.215E-01
  1.039E+01  4.244E-01
  1.051E+01  4.272E-01
  1.064E+01  4.301E-01
  1.077E+01  4.329E-01
  1.089E+01  4.357E-01
  1.102E+01  4.386E-01
  1.115E+01  4.414E-01
  1.128E+01  4.443E-01
  1.141E+01  4.471E-01
  1.155E+01  4.500E-01
  1.168E+01  4.529E-01
  1.181E+01  4.557E-01
  1.195E+01  4.586E-01
  1.208E+01  4.614E-01
  1.222E+01  4.643E-01
  1.236E+01  4.672E-01
  1.250E+01  4.701E-01
  1.264E+01  4.729E-01
  1.278E+01  4.758E-01
  1.292E+01  4.787E-01
  1.306E+01  4.816E-01
  1.321E+01  4.845E-01
  1.335E+01  4.874E-01
  1.350E+01  4.903E-01
  1.365E+01  4.932E-01
  1.379E+01  4.961E-01
  1.394E+01  4.990E-01
  1.409E+01  5.019E-01
  1.425E+01  5.048E-01
  1.440E+01  5.077E-01
  1.455E+01  5.107E-01
  1.471E+01  5.136E-01
  1.486E+01  5.166E-01
  1.502E+01  5.195E-01
  1.518E+01  5.225E-01
  1.534E+01  5.254E-01
  1.550E+01  5.284E-01
  1.566E+01  5.313E-01
  1.582E+01  5.343E-01
  1.599E+01  5.373E-01
  1.615E+01  5.403E-01
  1.632E+01  5.433E-01
  1.648E+01  5.463E-01
  1.665E+01  5.493E-01
  1.682E+01  5.523E-01
  1.699E+01  5.553E-01
  1.717E+01  5.583E-01
  1.734E+01  5.614E-01
  1.752E+01  5.644E-01
  1.769E+01  5.675E-01
  1.787E+01  5.705E-01
  1.805E+01  5.736E-01
  1.823E+01  5.766E-01
  1.841E+01  5.797E-01
  1.859E+01  5.828E-01
  1.877E+01  5.859E-01
  1.896E+01  5.890E-01
  1.915E+01  5.921E-01
  1.933E+01  5.952E-01
  1.952E+01  5.983E-01
  1.971E+01  6.015E-01
  1.991E+01  6.046E-01
  2.010E+01  6.077E-01
  2.029E+01  6.109E-01
  2.049E+01  6.141E-01
  2.069E+01  6.172E-01
  2.089E+01  6.204E-01
  2.109E+01  6.236E-01
  2.129E+01  6.268E-01
  2.149E+01  6.300E-01
  2.170E+01  6.332E-01
  2.190E+01  6.364E-01
  2.211E+01  6.397E-01
  2.232E+01  6.429E-01
  2.253E+01  6.462E-01
  2.274E+01  6.494E-01
  2.296E+01  6.527E-01
  2.317E+01  6.560E-01
  2.339E+01  6.592E-01
  2.361E+01  6.625E-01
  2.383E+01  6.658E-01
  2.405E+01  6.692E-01
  2.427E+01  6.725E-01
  2.450E+01  6.758E-01
  2.472E+01  6.792E-01
  2.495E+01  6.825E-01
  2.518E+01  6.859E-01
  2.541E+01  6.893E-01
  2.565E+01  6.926E-01
  2.588E+01  6.960E-01
  2.612E+01  6.994E-01
  2.635E+01  7.029E-01
  2.659E+01  7.063E-01
  2.684E+01  7.097E-01
  2.708E+01  7.132E-01
  2.732E+01  7.166E-01
  2.757E+01  7.201E-01
  2.782E+01  7.236E-01
  2.807E+01  7.270E-01
  2.832E+01  7.305E-01
  2.857E+01  7.340E-01
  2.883E+01  7.376E-01
  2.909E+01  7.411E-01
  2.935E+01  7.446E-01
  2.961E+01  7.482E-01
  2.987E+01  7.517E-01
  3.014E+01  7.553E-01
  3.040E+01  7.589E-01
  3.067E+01  7.625E-01
  3.094E+01  7.661E-01
  3.122E+01  7.698E-01
  3.149E+01  7.734E-01
  3.177E+01  7.771E-01
  3.205E+01  7.807E-01
  3.233E+01  7.844E-01
  3.261E+01  7.881E-01
  3.290E+01  7.918E-01
  3.318E+01  7.955E-01
  3.347E+01  7.993E-01
  3.376E+01  8.030E-01
  3.406E+01  8.068E-01
  3.435E+01  8.105E-01
  3.465E+01  8.143E-01
  3.495E+01  8.181E-01
  3.525E+01  8.219E-01
  3.555E+01  8.258E-01
  3.586E+01  8.296E-01
  3.617E+01  8.335E-01
  3.648E+01  8.373E-01
  3.679E+01  8.412E-01
  3.710E+01  8.451E-01
  3.742E+01  8.490E-01
  3.774E+01  8.529E-01
  3.806E+01  8.569E-01
  3.839E+01  8.608E-01
  3.871E+01  8.648E-01
  3.904E+01  8.687E-01
  3.937E+01  8.727E-01
  3.971E+01  8.767E-01
  4.004E+01  8.808E-01
  4.038E+01  8.848E-01
  4.072E+01  8.888E-01
  4.106E+01  8.929E-01
  4.141E+01  8.970E-01
  4.176E+01  9.011E-01
  4.211E+01  9.052E-01
  4.246E+01  9.093E-01
  4.282E+01  9.134E-01
  4.318E+01  9.175E-01
  4.354E+01  9.217E-01
  4.390E+01  9.259E-01
  4.427E+01  9.300E-01
  4.464E+01  9.342E-01
  4.501E+01  9.385E-01
  4.538E+01  9.427E-01
  4.576E+01  9.469E-01
  4.614E+01  9.512E-01
  4.652E+01  9.554E-01
  4.690E+01  9.597E-01
  4.729E+01  9.640E-01
  4.768E+01  9.683E-01
  4.808E+01  9.727E-01
  4.847E+01  9.770E-01
  4.887E+01  9.813E-01
  4.927E+01  9.857E-01
  4.968E+01  9.901E-01
  5.009E+01  9.945E-01
  5.050E+01  9.989E-01
  5.091E+01  1.003E+00
  5.133E+01  1.008E+00
  5.175E+01  1.012E+00
  5.217E+01  1.017E+00
  5.259E+01  1.021E+00
  5.302E+01  1.026E+00
  5.345E+01  1.030E+00
  5.389E+01  1.035E+00
  5.433E+01  1.039E+00
  5.477E+01  1.044E+00
  5.521E+01  1.048E+00
  5.566E+01  1.053E+00
  5.611E+01  1.058E+00
  5.657E+01  1.062E+00
  5.702E+01  1.067E+00
  5.748E+01  1.071E+00
  5.795E+01  1.076E+00
  5.841E+01  1.081E+00
  5.888E+01  1.085E+00
  5.936E+01  1.090E+00
  5.984E+01  1.095E+00
  6.032E+01  1.100E+00
  6.080E+01  1.104E+00
  6.129E+01  1.109E+00
  6.178E+01  1.114E+00
  6.227E+01  1.119E+00
  6.277E+01  1.123E+00
  6.328E+01  1.128E+00
  6.378E+01  1.133E+00
  6.429E+01  1.138E+00
  6.480E+01  1.143E+00
  6.532E+01  1.148E+00
  6.584E+01  1.152E+00
  6.636E+01  1.157E+00
  6.689E+01  1.162E+00
  6.742E+01  1.167E+00
  6.796E+01  1.172E+00
  6.850E+01  1.177E+00
  6.904E+01  1.182E+00
  6.959E+01  1.187E+00
  7.014E+01  1.192E+00
  7.069E+01  1.197E+00
  7.125E+01  1.202E+00
  7.182E+01  1.207E+00
  7.238E+01  1.212E+00
  7.295E+01  1.217E+00
  7.353E+01  1.222E+00
  7.411E+01  1.227E+00
  7.469E+01  1.233E+00
  7.528E+01  1.238E+00
  7.587E+01  1.243E+00
  7.647E+01  1.248E+00
  7.707E+01  1.253E+00
  7.767E+01  1.258E+00
  7.828E+01  1.264E+00
  7.890E+01  1.269E+00
  7.952E+01  1.274E+00
  8.014E+01  1.279E+00
  8.077E+01  1.284E+00
  8.140E+01  1.290E+00
  8.203E+01  1.295E+00
  8.267E+01  1.300E+00
  8.332E+01  1.306E+00
  8.397E+01  1.311E+00
  8.462E+01  1.316E+00
  8.528E+01  1.322E+00
  8.595E+01  1.327E+00
  8.662E+01  1.332E+00
  8.729E+01  1.338E+00
  8.797E+01  1.343E+00
  8.865E+01  1.349E+00
  8.934E+01  1.354E+00
  9.003E+01  1.360E+00
  9.073E+01  1.365E+00
  9.143E+01  1.371E+00
  9.214E+01  1.376E+00
  9.286E+01  1.382E+00
  9.357E+01  1.387E+00
  9.430E+01  1.393E+00
  9.503E+01  1.398E+00
  9.576E+01  1.404E+00
  9.650E+01  1.409E+00
  9.725E+01  1.415E+00
  9.800E+01  1.421E+00
  9.875E+01  1.426E+00
  9.951E+01  1.432E+00
  1.003E+02  1.437E+00
  1.011E+02  1.443E+00
  1.018E+02  1.449E+00
  1.026E+02  1.454E+00
  1.034E+02  1.460E+00
  1.042E+02  1.466E+00
  1.050E+02  1.472E+00
  1.058E+02  1.477E+00
  1.066E+02  1.483E+00
  1.074E+02  1.489E+00
  1.083E+02  1.495E+00
  1.091E+02  1.500E+00
  1.099E+02  1.506E+00
  1.108E+02  1.512E+00
  1.116E+02  1.518E+00
  1.125E+02  1.524E+00
  1.133E+02  1.530E+00
  1.142E+02  1.536E+00
  1.151E+02  1.541E+00
  1.159E+02  1.547E+00
  1.168E+02  1.553E+00
  1.177E+02  1.559E+00
  1.186E+02  1.565E+00
  1.195E+02  1.571E+00
  1.204E+02  1.577E+00
  1.213E+02  1.583E+00
  1.223E+02  1.589E+00
  1.232E+02  1.595E+00
  1.241E+02  1.601E+00
  1.251E+02  1.607E+00
  1.260E+02  1.613E+00
  1.270E+02  1.619E+00
  1.279E+02  1.625E+00
  1.289E+02  1.631E+00
  1.299E+02  1.637E+00
  1.309E+02  1.643E+00
  1.319E+02  1.649E+00
  1.329E+02  1.656E+00
  1.339E+02  1.662E+00
  1.349E+02  1.668E+00
  1.359E+02  1.674E+00
  1.369E+02  1.680E+00
  1.380E+02  1.686E+00
  1.390E+02  1.692E+00
  1.401E+02  1.699E+00
  1.411E+02  1.705E+00
  1.422E+02  1.711E+00
  1.433E+02  1.717E+00
  1.444E+02  1.723E+00
  1.454E+02  1.730E+00
  1.465E+02  1.736E+00
  1.476E+02  1.742E+00
  1.488E+02  1.748E+00
  1.499E+02  1.755E+00
  1.510E+02  1.761E+00
  1.521E+02  1.767E+00
  1.533E+02  1.774E+00
  1.544E+02  1.780E+00
  1.556E+02  1.786E+00
  1.568E+02  1.793E+00
  1.580E+02  1.799E+00
  1.591E+02  1.805E+00
  1.603E+02  1.812E+00
  1.615E+02  1.818E+00
  1.628E+02  1.824E+00
  1.640E+02  1.831E+00
  1.652E+02  1.837E+00
  1.665E+02  1.843E+00
  1.677E+02  1.850E+00
  1.690E+02  1.856E+00
  1.702E+02  1.863E+00
  1.715E+02  1.869E+00
  1.728E+02  1.875E+00
  1.741E+02  1.882E+00
  1.754E+02  1.888E+00
  1.767E+02  1.895E+00
  1.780E+02  1.901E+00
  1.793E+02  1.908E+00
  1.807E+02  1.914E+00
  1.820E+02  1.920E+00
  1.834E+02  1.927E+00
  1.848E+02  1.933E+00
  1.862E+02  1.940E+00
  1.875E+02  1.946E+00
  1.889E+02  1.953E+00
  1.904E+02  1.959E+00
  1.918E+02  1.966E+00
  1.932E+02  1.972E+00
  1.946E+02  1.979E+00
  1.961E+02  1.985E+00
  1.976E+02  1.992E+00
  1.990E+02  1.998E+00
  2.005E+02  2.005E+00
  2.020E+02  2.011E+00
  2.035E+02  2.018E+00
  2.050E+02  2.024E+00
  2.066E+02  2.031E+00
  2.081E+02  2.037E+00
  2.096E+02  2.044E+00
  2.112E+02  2.050E+00
  2.128E+02  2.057E+00
  2.144E+02  2.063E+00
  2.159E+02  2.070E+00
  2.176E+02  2.076E+00
  2.192E+02  2.083E+00
  2.208E+02  2.089E+00
  2.224E+02  2.096E+00
  2.241E+02  2.102E+00
  2.257E+02  2.109E+00
  2.274E+02  2.115E+00
  2.291E+02  2.122E+00
  2.308E+02  2.128E+00
  2.325E+02  2.135E+00
  2.342E+02  2.141E+00
  2.360E+02  2.148E+00
  2.377E+02  2.154E+00
  2.395E+02  2.161E+00
  2.413E+02  2.167E+00
  2.431E+02  2.174E+00
  2.449E+02  2.180E+00
  2.467E+02  2.186E+00
  2.485E+02  2.193E+00
  2.503E+02  2.199E+00
  2.522E+02  2.206E+00
  2.541E+02  2.212E+00
  2.559E+02  2.219E+00
  2.578E+02  2.225E+00
  2.597E+02  2.231E+00
  2.617E+02  2.238E+00
  2.636E+02  2.244E+00
  2.655E+02  2.251E+00
  2.675E+02  2.257E+00
  2.695E+02  2.263E+00
  2.715E+02  2.270E+00
  2.735E+02  2.276E+00
  2.755E+02  2.283E+00
  2.775E+02  2.289E+00
  2.796E+02  2.295E+00
  2.816E+02  2.302E+00
  2.837E+02  2.308E+00
  2.858E+02  2.314E+00
  2.879E+02  2.321E+00
  2.900E+02  2.327E+00
  2.922E+02  2.333E+00
  2.943E+02  2.339E+00
  2.965E+02  2.346E+00
  2.987E+02  2.352E+00
  3.009E+02  2.358E+00
  3.031E+02  2.364E+00
  3.053E+02  2.371E+00
  3.076E+02  2.377E+00
  3.098E+02  2.383E+00
  3.121E+02  2.389E+00
  3.144E+02  2.395E+00
  3.167E+02  2.401E+00
  3.191E+02  2.408E+00
  3.214E+02  2.414E+00
  3.238E+02  2.420E+00
  3.262E+02  2.426E+00
  3.286E+02  2.432E+00
  3.310E+02  2.438E+00
  3.334E+02  2.444E+00
  3.358E+02  2.450E+00
  3.383E+02  2.456E+00
  3.408E+02  2.462E+00
  3.433E+02  2.468E+00
  3.458E+02  2.474E+00
  3.484E+02  2.480E+00
  3.509E+02  2.486E+00
  3.535E+02  2.492E+00
  3.561E+02  2.498E+00
  3.587E+02  2.504E+00
  3.613E+02  2.510E+00
  3.640E+02  2.516E+00
  3.667E+02  2.521E+00
  3.694E+02  2.527E+00
  3.721E+02  2.533E+00
  3.748E+02  2.539E+00
  3.775E+02  2.545E+00
  3.803E+02  2.550E+00
  3.831E+02  2.556E+00
  3.859E+02  2.562E+00
  3.887E+02  2.567E+00
  3.916E+02  2.573E+00
  3.945E+02  2.579E+00
  3.973E+02  2.584E+00
  4.003E+02  2.590E+00
  4.032E+02  2.596E+00
  4.061E+02  2.601E+00
  4.091E+02  2.607E+00
  4.121E+02  2.612E+00
  4.151E+02  2.618E+00
  4.182E+02  2.623E+00
  4.212E+02  2.629E+00
  4.243E+02  2.634E+00
  4.274E+02  2.640E+00
  4.305E+02  2.645E+00
  4.337E+02  2.651E+00
  4.369E+02  2.656E+00
  4.401E+02  2.661E+00
  4.433E+02  2.667E+00
  4.465E+02  2.672E+00
  4.498E+02  2.677E+00
  4.531E+02  2.682E+00
  4.564E+02  2.688E+00
  4.597E+02  2.693E+00
  4.631E+02  2.698E+00
  4.665E+02  2.703E+00
  4.699E+02  2.708E+00
  4.733E+02  2.714E+00
  4.768E+02  2.719E+00
  4.803E+02  2.724E+00
  4.838E+02  2.729E+00
  4.873E+02  2.734E+00
  4.909E+02  2.739E+00
  4.944E+02  2.744E+00
  4.980E+02  2.749E+00
  5.017E+02  2.754E+00
  5.053E+02  2.759E+00
  5.090E+02  2.764E+00
  5.127E+02  2.768E+00
  5.165E+02  2.773E+00
  5.203E+02  2.778E+00
  5.241E+02  2.783E+00
  5.279E+02  2.788E+00
  5.317E+02  2.793E+00
  5.356E+02  2.797E+00
  5.395E+02  2.802E+00
  5.434E+02  2.807E+00
  5.474E+02  2.811E+00
  5.514E+02  2.816E+00
  5.554E+02  2.821E+00
  5.595E+02  2.825E+00
  5.635E+02  2.830E+00
  5.677E+02  2.834E+00
  5.718E+02  2.839E+00
  5.760E+02  2.843E+00
  5.802E+02  2.848E+00
  5.844E+02  2.852E+00
  5.886E+02  2.857E+00
  5.929E+02  2.861E+00
  5.972E+02  2.865E+00
  6.016E+02  2.870E+00
  6.060E+02  2.874E+00
  6.104E+02  2.878E+00
  6.148E+02  2.883E+00
  6.193E+02  2.887E+00
  6.238E+02  2.891E+00
  6.284E+02  2.895E+00
  6.329E+02  2.900E+00
  6.375E+02  2.904E+00
  6.422E+02  2.908E+00
  6.469E+02  2.912E+00
  6.516E+02  2.916E+00
  6.563E+02  2.920E+00
  6.611E+02  2.924E+00
  6.659E+02  2.928E+00
  6.707E+02  2.932E+00
  6.756E+02  2.936E+00
  6.805E+02  2.940E+00
  6.855E+02  2.944E+00
  6.905E+02  2.948E+00
  6.955E+02  2.952E+00
  7.005E+02  2.956E+00
  7.056E+02  2.960E+00
  7.108E+02  2.963E+00
  7.159E+02  2.967E+00
  7.211E+02  2.971E+00
  7.264E+02  2.975E+00
  7.317E+02  2.979E+00
  7.370E+02  2.982E+00
  7.423E+02  2.986E+00
  7.477E+02  2.990E+00
  7.532E+02  2.993E+00
  7.586E+02  2.997E+00
  7.642E+02  3.000E+00
  7.697E+02  3.004E+00
  7.753E+02  3.008E+00
  7.809E+02  3.011E+00
  7.866E+02  3.015E+00
  7.923E+02  3.018E+00
  7.981E+02  3.022E+00
  8.039E+02  3.025E+00
  8.097E+02  3.028E+00
  8.156E+02  3.032E+00
  8.215E+02  3.035E+00
  8.275E+02  3.039E+00
  8.335E+02  3.042E+00
  8.395E+02  3.045E+00
  8.456E+02  3.048E+00
  8.518E+02  3.052E+00
  8.579E+02  3.055E+00
  8.642E+02  3.058E+00
  8.704E+02  3.061E+00
  8.768E+02  3.065E+00
  8.831E+02  3.068E+00
  8.895E+02  3.071E+00
  8.960E+02  3.074E+00
  9.025E+02  3.077E+00
  9.090E+02  3.080E+00
  9.156E+02  3.083E+00
  9.223E+02  3.086E+00
  9.290E+02  3.089E+00
  9.357E+02  3.092E+00
  9.425E+02  3.095E+00
  9.493E+02  3.098E+00
  9.562E+02  3.101E+00
  9.631E+02  3.104E+00
  9.701E+02  3.107E+00
  9.772E+02  3.110E+00
  9.843E+02  3.113E+00
  9.914E+02  3.116E+00
  9.986E+02  3.119E+00
  1.006E+03  3.122E+00
  1.013E+03  3.124E+00
  1.020E+03  3.127E+00
  1.028E+03  3.130E+00
  1.035E+03  3.133E+00
  1.043E+03  3.135E+00
  1.050E+03  3.138E+00
  1.058E+03  3.141E+00
  1.066E+03  3.144E+00
  1.073E+03  3.146E+00
  1.081E+03  3.149E+00
  1.089E+03  3.152E+00
  1.097E+03  3.154E+00
  1.105E+03  3.157E+00
  1.113E+03  3.159E+00
  1.121E+03  3.162E+00
  1.129E+03  3.165E+00
  1.137E+03  3.167E+00
  1.145E+03  3.170E+00
  1.154E+03  3.172E+00
  1.162E+03  3.175E+00
  1.170E+03  3.177E+00
  1.179E+03  3.180E+00
  1.188E+03  3.182E+00
  1.196E+03  3.184E+00
  1.205E+03  3.187E+00
  1.213E+03  3.189E+00
  1.222E+03  3.192E+00
  1.231E+03  3.194E+00
  1.240E+03  3.196E+00
  1.249E+03  3.199E+00
  1.258E+03  3.201E+00
  1.267E+03  3.203E+00
  1.276E+03  3.206E+00
  1.286E+03  3.208E+00
  1.295E+03  3.210E+00
  1.304E+03  3.213E+00
  1.314E+03  3.215E+00
  1.323E+03  3.217E+00
  1.333E+03  3.219E+00
  1.342E+03  3.222E+00
  1.352E+03  3.224E+00
  1.362E+03  3.226E+00
  1.372E+03  3.228E+00
  1.382E+03  3.230E+00
  1.392E+03  3.232E+00
  1.402E+03  3.235E+00
  1.412E+03  3.237E+00
  1.422E+03  3.239E+00
  1.432E+03  3.241E+00
  1.443E+03  3.243E+00
  1.453E+03  3.245E+00
  1.464E+03  3.247E+00
  1.474E+03  3.249E+00
  1.485E+03  3.251E+00
  1.496E+03  3.253E+00
  1.507E+03  3.255E+00
  1.517E+03  3.257E+00
  1.528E+03  3.259E+00
  1.539E+03  3.261E+00
  1.551E+03  3.263E+00
  1.562E+03  3.265E+00
  1.573E+03  3.267E+00
  1.585E+03  3.269E+00
  1.596E+03  3.271E+00
  1.608E+03  3.273E+00
  1.619E+03  3.275E+00
  1.631E+03  3.277E+00
  1.643E+03  3.279E+00
  1.655E+03  3.281E+00
  1.666E+03  3.283E+00
  1.679E+03  3.284E+00
  1.691E+03  3.286E+00
  1.703E+03  3.288E+00
  1.715E+03  3.290E+00
  1.728E+03  3.292E+00
  1.740E+03  3.294E+00
  1.753E+03  3.296E+00
  1.765E+03  3.297E+00
  1.778E+03  3.299E+00
  1.791E+03  3.301E+00
  1.804E+03  3.303E+00
  1.817E+03  3.305E+00
  1.830E+03  3.306E+00
  1.843E+03  3.308E+00
  1.857E+03  3.310E+00
  1.870E+03  3.312E+00
  1.884E+03  3.313E+00
  1.897E+03  3.315E+00
  1.911E+03  3.317E+00
  1.925E+03  3.319E+00
  1.939E+03  3.320E+00
  1.953E+03  3.322E+00
  1.967E+03  3.324E+00
  1.981E+03  3.325E+00
  1.995E+03  3.327E+00
  2.010E+03  3.329E+00
  2.024E+03  3.330E+00
  2.039E+03  3.332E+00
  2.054E+03  3.334E+00
  2.068E+03  3.335E+00
  2.083E+03  3.337E+00
  2.098E+03  3.339E+00
  2.113E+03  3.340E+00
  2.129E+03  3.342E+00
  2.144E+03  3.344E+00
  2.160E+03  3.345E+00
  2.175E+03  3.347E+00
  2.191E+03  3.348E+00
  2.207E+03  3.350E+00
  2.223E+03  3.352E+00
  2.239E+03  3.353E+00
  2.255E+03  3.355E+00
  2.271E+03  3.356E+00
  2.288E+03  3.358E+00
  2.304E+03  3.359E+00
  2.321E+03  3.361E+00
  2.338E+03  3.363E+00
  2.354E+03  3.364E+00
  2.371E+03  3.366E+00
  2.389E+03  3.367E+00
  2.406E+03  3.369E+00
  2.423E+03  3.370E+00
  2.441E+03  3.372E+00
  2.458E+03  3.373E+00
  2.476E+03  3.375E+00
  2.494E+03  3.376E+00
  2.512E+03  3.378E+00
  2.530E+03  3.380E+00
  2.548E+03  3.381E+00
  2.567E+03  3.383E+00
  2.585E+03  3.384E+00
  2.604E+03  3.386E+00
  2.623E+03  3.387E+00
  2.642E+03  3.389E+00
  2.661E+03  3.390E+00
  2.680E+03  3.392E+00
  2.699E+03  3.393E+00
  2.719E+03  3.395E+00
  2.738E+03  3.396E+00
  2.758E+03  3.397E+00
  2.778E+03  3.399E+00
  2.798E+03  3.400E+00
  2.818E+03  3.402E+00
  2.839E+03  3.403E+00
  2.859E+03  3.405E+00
  2.880E+03  3.406E+00
  2.901E+03  3.408E+00
  2.921E+03  3.409E+00
  2.943E+03  3.411E+00
  2.964E+03  3.412E+00
  2.985E+03  3.414E+00
  3.007E+03  3.415E+00
  3.028E+03  3.417E+00
  3.050E+03  3.418E+00
  3.072E+03  3.419E+00
  3.094E+03  3.421E+00
  3.117E+03  3.422E+00
  3.139E+03  3.424E+00
  3.162E+03  3.425E+00
  3.185E+03  3.427E+00
  3.208E+03  3.428E+00
  3.231E+03  3.430E+00
  3.254E+03  3.431E+00
  3.278E+03  3.433E+00
  3.301E+03  3.434E+00
  3.325E+03  3.435E+00
  3.349E+03  3.437E+00
  3.373E+03  3.438E+00
  3.398E+03  3.440E+00
  3.422E+03  3.441E+00
  3.447E+03  3.443E+00
  3.472E+03  3.444E+00
  3.497E+03  3.446E+00
  3.522E+03  3.447E+00
  3.547E+03  3.448E+00
  3.573E+03  3.450E+00
  3.599E+03  3.451E+00
  3.625E+03  3.453E+00
  3.651E+03  3.454E+00
  3.677E+03  3.456E+00
  3.704E+03  3.457E+00
  3.730E+03  3.459E+00
  3.757E+03  3.460E+00
  3.784E+03  3.461E+00
  3.812E+03  3.463E+00
  3.839E+03  3.464E+00
  3.867E+03  3.466E+00
  3.895E+03  3.467E+00
  3.923E+03  3.469E+00
  3.951E+03  3.470E+00
  3.980E+03  3.472E+00
  4.008E+03  3.473E+00
  4.037E+03  3.475E+00
  4.066E+03  3.476E+00
  4.096E+03  3.478E+00
  4.125E+03  3.479E+00
  4.155E+03  3.480E+00
  4.185E+03  3.482E+00
  4.215E+03  3.483E+00
  4.246E+03  3.485E+00
  4.276E+03  3.486E+00
  4.307E+03  3.488E+00
  4.338E+03  3.489E+00
  4.369E+03  3.491E+00
  4.401E+03  3.492E+00
  4.433E+03  3.494E+00
  4.465E+03  3.495E+00
  4.497E+03  3.497E+00
  4.529E+03  3.498E+00
  4.562E+03  3.500E+00
  4.595E+03  3.501E+00
  4.628E+03  3.503E+00
  4.661E+03  3.505E+00
  4.695E+03  3.506E+00
  4.729E+03  3.508E+00
  4.763E+03  3.509E+00
  4.797E+03  3.511E+00
  4.832E+03  3.512E+00
  4.867E+03  3.514E+00
  4.902E+03  3.515E+00
  4.937E+03  3.517E+00
  4.973E+03  3.518E+00
  5.009E+03  3.520E+00
  5.045E+03  3.522E+00
  5.081E+03  3.523E+00
  5.118E+03  3.525E+00
  5.155E+03  3.526E+00
  5.192E+03  3.528E+00
  5.229E+03  3.530E+00
  5.267E+03  3.531E+00
  5.305E+03  3.533E+00
  5.343E+03  3.534E+00
  5.382E+03  3.536E+00
  5.420E+03  3.538E+00
  5.459E+03  3.539E+00
  5.499E+03  3.541E+00
  5.538E+03  3.542E+00
  5.578E+03  3.544E+00
  5.619E+03  3.546E+00
  5.659E+03  3.547E+00
  5.700E+03  3.549E+00
  5.741E+03  3.551E+00
  5.782E+03  3.552E+00
  5.824E+03  3.554E+00
  5.866E+03  3.556E+00
  5.908E+03  3.558E+00
  5.951E+03  3.559E+00
  5.994E+03  3.561E+00
  6.037E+03  3.563E+00
  6.081E+03  3.565E+00
  6.124E+03  3.566E+00
  6.168E+03  3.568E+00
  6.213E+03  3.570E+00
  6.258E+03  3.572E+00
  6.303E+03  3.573E+00
  6.348E+03  3.575E+00
  6.394E+03  3.577E+00
  6.440E+03  3.579E+00
  6.487E+03  3.581E+00
  6.533E+03  3.583E+00
  6.580E+03  3.584E+00
  6.628E+03  3.586E+00
  6.676E+03  3.588E+00
  6.724E+03  3.590E+00
  6.772E+03  3.592E+00
  6.821E+03  3.594E+00
  6.870E+03  3.596E+00
  6.920E+03  3.598E+00
  6.970E+03  3.600E+00
  7.020E+03  3.602E+00
  7.070E+03  3.604E+00
  7.121E+03  3.606E+00
  7.173E+03  3.608E+00
  7.224E+03  3.610E+00
  7.276E+03  3.612E+00
  7.329E+03  3.614E+00
  7.382E+03  3.616E+00
  7.435E+03  3.618E+00
  7.488E+03  3.620E+00
  7.542E+03  3.622E+00
  7.597E+03  3.624E+00
  7.651E+03  3.626E+00
  7.707E+03  3.628E+00
  7.762E+03  3.630E+00
  7.818E+03  3.633E+00
  7.874E+03  3.635E+00
  7.931E+03  3.637E+00
  7.988E+03  3.639E+00
  8.046E+03  3.641E+00
  8.104E+03  3.644E+00
  8.162E+03  3.646E+00
  8.221E+03  3.648E+00
  8.280E+03  3.650E+00
  8.340E+03  3.653E+00
  8.400E+03  3.655E+00
  8.461E+03  3.657E+00
  8.522E+03  3.660E+00
  8.583E+03  3.662E+00
  8.645E+03  3.665E+00
  8.707E+03  3.667E+00
  8.770E+03  3.669E+00
  8.833E+03  3.672E+00
  8.897E+03  3.674E+00
  8.961E+03  3.677E+00
  9.025E+03  3.677E+00
