  7.518E-02  0.000E+00
  1.257E-01  0.000E+00
  1.766E-01  0.000E+00
  2.279E-01  0.000E+00
  2.795E-01  0.000E+00
  3.316E-01  0.000E+00
  3.839E-01  0.000E+00
  4.367E-01  0.000E+00
  4.898E-01  0.000E+00
  5.434E-01  0.000E+00
  5.973E-01  0.000E+00
  6.516E-01  0.000E+00
  7.063E-01  0.000E+00
  7.614E-01  0.000E+00
  8.168E-01  0.000E+00
  8.727E-01  0.000E+00
  9.290E-01  0.000E+00
  9.857E-01  8.525E-03
  1.043E+00  1.671E-02
  1.100E+00  2.459E-02
  1.158E+00  3.220E-02
  1.217E+00  3.954E-02
  1.275E+00  4.666E-02
  1.335E+00  5.356E-02
  1.394E+00  6.026E-02
  1.454E+00  6.678E-02
  1.515E+00  7.312E-02
  1.576E+00  7.930E-02
  1.637E+00  8.532E-02
  1.699E+00  9.121E-02
  1.761E+00  9.696E-02
  1.824E+00  1.026E-01
  1.887E+00  1.081E-01
  1.950E+00  1.135E-01
  2.014E+00  1.188E-01
  2.079E+00  1.239E-01
  2.144E+00  1.290E-01
  2.209E+00  1.340E-01
  2.275E+00  1.389E-01
  2.342E+00  1.437E-01
  2.408E+00  1.485E-01
  2.476E+00  1.531E-01
  2.544E+00  1.577E-01
  2.612E+00  1.622E-01
  2.681E+00  1.667E-01
  2.750E+00  1.711E-01
  2.820E+00  1.754E-01
  2.890E+00  1.797E-01
  2.961E+00  1.839E-01
  3.032E+00  1.881E-01
  3.104E+00  1.922E-01
  3.176E+00  1.962E-01
  3.249E+00  2.002E-01
  3.323E+00  2.042E-01
  3.397E+00  2.081E-01
  3.471E+00  2.120E-01
  3.546E+00  2.159E-01
  3.622E+00  2.197E-01
  3.698E+00  2.234E-01
  3.774E+00  2.272E-01
  3.851E+00  2.308E-01
  3.929E+00  2.345E-01
  4.007E+00  2.381E-01
  4.086E+00  2.417E-01
  4.166E+00  2.453E-01
  4.246E+00  2.488E-01
  4.326E+00  2.524E-01
  4.407E+00  2.558E-01
  4.489E+00  2.593E-01
  4.571E+00  2.627E-01
  4.654E+00  2.661E-01
  4.738E+00  2.695E-01
  4.822E+00  2.729E-01
  4.907E+00  2.762E-01
  4.992E+00  2.796E-01
  5.078E+00  2.829E-01
  5.165E+00  2.862E-01
  5.252E+00  2.894E-01
  5.340E+00  2.927E-01
  5.428E+00  2.959E-01
  5.517E+00  2.991E-01
  5.607E+00  3.023E-01
  5.697E+00  3.055E-01
  5.788E+00  3.087E-01
  5.880E+00  3.118E-01
  5.972E+00  3.150E-01
  6.065E+00  3.181E-01
  6.159E+00  3.212E-01
  6.253E+00  3.243E-01
  6.348E+00  3.274E-01
  6.444E+00  3.305E-01
  6.540E+00  3.336E-01
  6.637E+00  3.367E-01
  6.735E+00  3.397E-01
  6.834E+00  3.428E-01
  6.933E+00  3.458E-01
  7.033E+00  3.488E-01
  7.133E+00  3.519E-01
  7.235E+00  3.549E-01
  7.337E+00  3.579E-01
  7.440E+00  3.609E-01
  7.543E+00  3.639E-01
  7.648E+00  3.669E-01
  7.753E+00  3.698E-01
  7.859E+00  3.728E-01
  7.965E+00  3.758E-01
  8.072E+00  3.788E-01
  8.181E+00  3.817E-01
  8.289E+00  3.847E-01
  8.399E+00  3.876E-01
  8.510E+00  3.906E-01
  8.621E+00  3.935E-01
  8.733E+00  3.965E-01
  8.846E+00  3.994E-01
  8.960E+00  4.024E-01
  9.074E+00  4.053E-01
  9.189E+00  4.082E-01
  9.306E+00  4.112E-01
  9.423E+00  4.141E-01
  9.540E+00  4.170E-01
  9.659E+00  4.200E-01
  9.779E+00  4.229E-01
  9.899E+00  4.258E-01
  1.002E+01  4.288E-01
  1.014E+01  4.317E-01
  1.027E+01  4.346E-01
  1.039E+01  4.376E-01
  1.051E+01  4.405E-01
  1.064E+01  4.434E-01
  1.077E+01  4.463E-01
  1.089E+01  4.493E-01
  1.102E+01  4.522E-01
  1.115E+01  4.551E-01
  1.128E+01  4.581E-01
  1.141E+01  4.610E-01
  1.155E+01  4.640E-01
  1.168E+01  4.669E-01
  1.181E+01  4.699E-01
  1.195E+01  4.728E-01
  1.208E+01  4.758E-01
  1.222E+01  4.787E-01
  1.236E+01  4.817E-01
  1.250E+01  4.846E-01
  1.264E+01  4.876E-01
  1.278E+01  4.906E-01
  1.292E+01  4.935E-01
  1.306E+01  4.965E-01
  1.321E+01  4.995E-01
  1.335E+01  5.025E-01
  1.350E+01  5.055E-01
  1.365E+01  5.084E-01
  1.379E+01  5.114E-01
  1.394E+01  5.144E-01
  1.409E+01  5.174E-01
  1.425E+01  5.205E-01
  1.440E+01  5.235E-01
  1.455E+01  5.265E-01
  1.471E+01  5.295E-01
  1.486E+01  5.325E-01
  1.502E+01  5.356E-01
  1.518E+01  5.386E-01
  1.534E+01  5.417E-01
  1.550E+01  5.447E-01
  1.566E+01  5.478E-01
  1.582E+01  5.508E-01
  1.599E+01  5.539E-01
  1.615E+01  5.570E-01
  1.632E+01  5.601E-01
  1.648E+01  5.632E-01
  1.665E+01  5.663E-01
  1.682E+01  5.694E-01
  1.699E+01  5.725E-01
  1.717E+01  5.756E-01
  1.734E+01  5.787E-01
  1.752E+01  5.818E-01
  1.769E+01  5.850E-01
  1.787E+01  5.881E-01
  1.805E+01  5.913E-01
  1.823E+01  5.944E-01
  1.841E+01  5.976E-01
  1.859E+01  6.008E-01
  1.877E+01  6.040E-01
  1.896E+01  6.072E-01
  1.915E+01  6.104E-01
  1.933E+01  6.136E-01
  1.952E+01  6.168E-01
  1.971E+01  6.200E-01
  1.991E+01  6.233E-01
  2.010E+01  6.265E-01
  2.029E+01  6.297E-01
  2.049E+01  6.330E-01
  2.069E+01  6.363E-01
  2.089E+01  6.395E-01
  2.109E+01  6.428E-01
  2.129E+01  6.461E-01
  2.149E+01  6.494E-01
  2.170E+01  6.527E-01
  2.190E+01  6.561E-01
  2.211E+01  6.594E-01
  2.232E+01  6.627E-01
  2.253E+01  6.661E-01
  2.274E+01  6.694E-01
  2.296E+01  6.728E-01
  2.317E+01  6.762E-01
  2.339E+01  6.796E-01
  2.361E+01  6.830E-01
  2.383E+01  6.864E-01
  2.405E+01  6.898E-01
  2.427E+01  6.932E-01
  2.450E+01  6.966E-01
  2.472E+01  7.001E-01
  2.495E+01  7.035E-01
  2.518E+01  7.070E-01
  2.541E+01  7.105E-01
  2.565E+01  7.140E-01
  2.588E+01  7.175E-01
  2.612E+01  7.210E-01
  2.635E+01  7.245E-01
  2.659E+01  7.280E-01
  2.684E+01  7.316E-01
  2.708E+01  7.351E-01
  2.732E+01  7.387E-01
  2.757E+01  7.422E-01
  2.782E+01  7.458E-01
  2.807E+01  7.494E-01
  2.832E+01  7.530E-01
  2.857E+01  7.566E-01
  2.883E+01  7.603E-01
  2.909E+01  7.639E-01
  2.935E+01  7.675E-01
  2.961E+01  7.712E-01
  2.987E+01  7.749E-01
  3.014E+01  7.785E-01
  3.040E+01  7.822E-01
  3.067E+01  7.860E-01
  3.094E+01  7.897E-01
  3.122E+01  7.934E-01
  3.149E+01  7.972E-01
  3.177E+01  8.009E-01
  3.205E+01  8.047E-01
  3.233E+01  8.085E-01
  3.261E+01  8.123E-01
  3.290E+01  8.161E-01
  3.318E+01  8.199E-01
  3.347E+01  8.238E-01
  3.376E+01  8.276E-01
  3.406E+01  8.315E-01
  3.435E+01  8.354E-01
  3.465E+01  8.393E-01
  3.495E+01  8.432E-01
  3.525E+01  8.471E-01
  3.555E+01  8.511E-01
  3.586E+01  8.550E-01
  3.617E+01  8.590E-01
  3.648E+01  8.630E-01
  3.679E+01  8.670E-01
  3.710E+01  8.710E-01
  3.742E+01  8.750E-01
  3.774E+01  8.791E-01
  3.806E+01  8.831E-01
  3.839E+01  8.872E-01
  3.871E+01  8.912E-01
  3.904E+01  8.953E-01
  3.937E+01  8.995E-01
  3.971E+01  9.036E-01
  4.004E+01  9.077E-01
  4.038E+01  9.119E-01
  4.072E+01  9.160E-01
  4.106E+01  9.202E-01
  4.141E+01  9.244E-01
  4.176E+01  9.286E-01
  4.211E+01  9.328E-01
  4.246E+01  9.371E-01
  4.282E+01  9.413E-01
  4.318E+01  9.456E-01
  4.354E+01  9.499E-01
  4.390E+01  9.542E-01
  4.427E+01  9.585E-01
  4.464E+01  9.628E-01
  4.501E+01  9.671E-01
  4.538E+01  9.715E-01
  4.576E+01  9.758E-01
  4.614E+01  9.802E-01
  4.652E+01  9.846E-01
  4.690E+01  9.890E-01
  4.729E+01  9.934E-01
  4.768E+01  9.979E-01
  4.808E+01  1.002E+00
  4.847E+01  1.007E+00
  4.887E+01  1.011E+00
  4.927E+01  1.016E+00
  4.968E+01  1.020E+00
  5.009E+01  1.025E+00
  5.050E+01  1.029E+00
  5.091E+01  1.034E+00
  5.133E+01  1.038E+00
  5.175E+01  1.043E+00
  5.217E+01  1.048E+00
  5.259E+01  1.052E+00
  5.302E+01  1.057E+00
  5.345E+01  1.062E+00
  5.389E+01  1.066E+00
  5.433E+01  1.071E+00
  5.477E+01  1.076E+00
  5.521E+01  1.080E+00
  5.566E+01  1.085E+00
  5.611E+01  1.090E+00
  5.657E+01  1.094E+00
  5.702E+01  1.099E+00
  5.748E+01  1.104E+00
  5.795E+01  1.109E+00
  5.841E+01  1.114E+00
  5.888E+01  1.118E+00
  5.936E+01  1.123E+00
  5.984E+01  1.128E+00
  6.032E+01  1.133E+00
  6.080E+01  1.138E+00
  6.129E+01  1.143E+00
  6.178E+01  1.148E+00
  6.227E+01  1.152E+00
  6.277E+01  1.157E+00
  6.328E+01  1.162E+00
  6.378E+01  1.167E+00
  6.429E+01  1.172E+00
  6.480E+01  1.177E+00
  6.532E+01  1.182E+00
  6.584E+01  1.187E+00
  6.636E+01  1.192E+00
  6.689E+01  1.197E+00
  6.742E+01  1.203E+00
  6.796E+01  1.208E+00
  6.850E+01  1.213E+00
  6.904E+01  1.218E+00
  6.959E+01  1.223E+00
  7.014E+01  1.228E+00
  7.069E+01  1.233E+00
  7.125E+01  1.238E+00
  7.182E+01  1.244E+00
  7.238E+01  1.249E+00
  7.295E+01  1.254E+00
  7.353E+01  1.259E+00
  7.411E+01  1.264E+00
  7.469E+01  1.270E+00
  7.528E+01  1.275E+00
  7.587E+01  1.280E+00
  7.647E+01  1.286E+00
  7.707E+01  1.291E+00
  7.767E+01  1.296E+00
  7.828E+01  1.302E+00
  7.890E+01  1.307E+00
  7.952E+01  1.312E+00
  8.014E+01  1.318E+00
  8.077E+01  1.323E+00
  8.140E+01  1.328E+00
  8.203E+01  1.334E+00
  8.267E+01  1.339E+00
  8.332E+01  1.345E+00
  8.397E+01  1.350E+00
  8.462E+01  1.356E+00
  8.528E+01  1.361E+00
  8.595E+01  1.367E+00
  8.662E+01  1.372E+00
  8.729E+01  1.378E+00
  8.797E+01  1.383E+00
  8.865E+01  1.389E+00
  8.934E+01  1.394E+00
  9.003E+01  1.400E+00
  9.073E+01  1.406E+00
  9.143E+01  1.411E+00
  9.214E+01  1.417E+00
  9.286E+01  1.423E+00
  9.357E+01  1.428E+00
  9.430E+01  1.434E+00
  9.503E+01  1.440E+00
  9.576E+01  1.445E+00
  9.650E+01  1.451E+00
  9.725E+01  1.457E+00
  9.800E+01  1.462E+00
  9.875E+01  1.468E+00
  9.951E+01  1.474E+00
  1.003E+02  1.480E+00
  1.011E+02  1.486E+00
  1.018E+02  1.491E+00
  1.026E+02  1.497E+00
  1.034E+02  1.503E+00
  1.042E+02  1.509E+00
  1.050E+02  1.515E+00
  1.058E+02  1.521E+00
  1.066E+02  1.526E+00
  1.074E+02  1.532E+00
  1.083E+02  1.538E+00
  1.091E+02  1.544E+00
  1.099E+02  1.550E+00
  1.108E+02  1.556E+00
  1.116E+02  1.562E+00
  1.125E+02  1.568E+00
  1.133E+02  1.574E+00
  1.142E+02  1.580E+00
  1.151E+02  1.586E+00
  1.159E+02  1.592E+00
  1.168E+02  1.598E+00
  1.177E+02  1.604E+00
  1.186E+02  1.610E+00
  1.195E+02  1.616E+00
  1.204E+02  1.622E+00
  1.213E+02  1.628E+00
  1.223E+02  1.634E+00
  1.232E+02  1.641E+00
  1.241E+02  1.647E+00
  1.251E+02  1.653E+00
  1.260E+02  1.659E+00
  1.270E+02  1.665E+00
  1.279E+02  1.671E+00
  1.289E+02  1.677E+00
  1.299E+02  1.684E+00
  1.309E+02  1.690E+00
  1.319E+02  1.696E+00
  1.329E+02  1.702E+00
  1.339E+02  1.708E+00
  1.349E+02  1.715E+00
  1.359E+02  1.721E+00
  1.369E+02  1.727E+00
  1.380E+02  1.733E+00
  1.390E+02  1.740E+00
  1.401E+02  1.746E+00
  1.411E+02  1.752E+00
  1.422E+02  1.758E+00
  1.433E+02  1.765E+00
  1.444E+02  1.771E+00
  1.454E+02  1.777E+00
  1.465E+02  1.784E+00
  1.476E+02  1.790E+00
  1.488E+02  1.796E+00
  1.499E+02  1.803E+00
  1.510E+02  1.809E+00
  1.521E+02  1.816E+00
  1.533E+02  1.822E+00
  1.544E+02  1.828E+00
  1.556E+02  1.835E+00
  1.568E+02  1.841E+00
  1.580E+02  1.847E+00
  1.591E+02  1.854E+00
  1.603E+02  1.860E+00
  1.615E+02  1.867E+00
  1.628E+02  1.873E+00
  1.640E+02  1.880E+00
  1.652E+02  1.886E+00
  1.665E+02  1.892E+00
  1.677E+02  1.899E+00
  1.690E+02  1.905E+00
  1.702E+02  1.912E+00
  1.715E+02  1.918E+00
  1.728E+02  1.925E+00
  1.741E+02  1.931E+00
  1.754E+02  1.938E+00
  1.767E+02  1.944E+00
  1.780E+02  1.951E+00
  1.793E+02  1.957E+00
  1.807E+02  1.964E+00
  1.820E+02  1.970E+00
  1.834E+02  1.977E+00
  1.848E+02  1.983E+00
  1.862E+02  1.990E+00
  1.875E+02  1.996E+00
  1.889E+02  2.003E+00
  1.904E+02  2.009E+00
  1.918E+02  2.016E+00
  1.932E+02  2.022E+00
  1.946E+02  2.029E+00
  1.961E+02  2.035E+00
  1.976E+02  2.042E+00
  1.990E+02  2.048E+00
  2.005E+02  2.055E+00
  2.020E+02  2.061E+00
  2.035E+02  2.068E+00
  2.050E+02  2.074E+00
  2.066E+02  2.081E+00
  2.081E+02  2.087E+00
  2.096E+02  2.094E+00
  2.112E+02  2.100E+00
  2.128E+02  2.107E+00
  2.144E+02  2.114E+00
  2.159E+02  2.120E+00
  2.176E+02  2.127E+00
  2.192E+02  2.133E+00
  2.208E+02  2.140E+00
  2.224E+02  2.146E+00
  2.241E+02  2.153E+00
  2.257E+02  2.159E+00
  2.274E+02  2.166E+00
  2.291E+02  2.172E+00
  2.308E+02  2.179E+00
  2.325E+02  2.185E+00
  2.342E+02  2.192E+00
  2.360E+02  2.198E+00
  2.377E+02  2.205E+00
  2.395E+02  2.211E+00
  2.413E+02  2.217E+00
  2.431E+02  2.224E+00
  2.449E+02  2.230E+00
  2.467E+02  2.237E+00
  2.485E+02  2.243E+00
  2.503E+02  2.250E+00
  2.522E+02  2.256E+00
  2.541E+02  2.263E+00
  2.559E+02  2.269E+00
  2.578E+02  2.275E+00
  2.597E+02  2.282E+00
  2.617E+02  2.288E+00
  2.636E+02  2.295E+00
  2.655E+02  2.301E+00
  2.675E+02  2.307E+00
  2.695E+02  2.314E+00
  2.715E+02  2.320E+00
  2.735E+02  2.326E+00
  2.755E+02  2.333E+00
  2.775E+02  2.339E+00
  2.796E+02  2.345E+00
  2.816E+02  2.352E+00
  2.837E+02  2.358E+00
  2.858E+02  2.364E+00
  2.879E+02  2.371E+00
  2.900E+02  2.377E+00
  2.922E+02  2.383E+00
  2.943E+02  2.389E+00
  2.965E+02  2.396E+00
  2.987E+02  2.402E+00
  3.009E+02  2.408E+00
  3.031E+02  2.414E+00
  3.053E+02  2.420E+00
  3.076E+02  2.426E+00
  3.098E+02  2.433E+00
  3.121E+02  2.439E+00
  3.144E+02  2.445E+00
  3.167E+02  2.451E+00
  3.191E+02  2.457E+00
  3.214E+02  2.463E+00
  3.238E+02  2.469E+00
  3.262E+02  2.475E+00
  3.286E+02  2.481E+00
  3.310E+02  2.487E+00
  3.334E+02  2.493E+00
  3.358E+02  2.499E+00
  3.383E+02  2.505E+00
  3.408E+02  2.511E+00
  3.433E+02  2.517E+00
  3.458E+02  2.523E+00
  3.484E+02  2.529E+00
  3.509E+02  2.535E+00
  3.535E+02  2.541E+00
  3.561E+02  2.547E+00
  3.587E+02  2.553E+00
  3.613E+02  2.558E+00
  3.640E+02  2.564E+00
  3.667E+02  2.570E+00
  3.694E+02  2.576E+00
  3.721E+02  2.582E+00
  3.748E+02  2.587E+00
  3.775E+02  2.593E+00
  3.803E+02  2.599E+00
  3.831E+02  2.604E+00
  3.859E+02  2.610E+00
  3.887E+02  2.616E+00
  3.916E+02  2.621E+00
  3.945E+02  2.627E+00
  3.973E+02  2.633E+00
  4.003E+02  2.638E+00
  4.032E+02  2.644E+00
  4.061E+02  2.649E+00
  4.091E+02  2.655E+00
  4.121E+02  2.660E+00
  4.151E+02  2.666E+00
  4.182E+02  2.671E+00
  4.212E+02  2.677E+00
  4.243E+02  2.682E+00
  4.274E+02  2.687E+00
  4.305E+02  2.693E+00
  4.337E+02  2.698E+00
  4.369E+02  2.703E+00
  4.401E+02  2.709E+00
  4.433E+02  2.714E+00
  4.465E+02  2.719E+00
  4.498E+02  2.725E+00
  4.531E+02  2.730E+00
  4.564E+02  2.735E+00
  4.597E+02  2.740E+00
  4.631E+02  2.745E+00
  4.665E+02  2.750E+00
  4.699E+02  2.755E+00
  4.733E+02  2.761E+00
  4.768E+02  2.766E+00
  4.803E+02  2.771E+00
  4.838E+02  2.776E+00
  4.873E+02  2.781E+00
  4.909E+02  2.786E+00
  4.944E+02  2.791E+00
  4.980E+02  2.796E+00
  5.017E+02  2.800E+00
  5.053E+02  2.805E+00
  5.090E+02  2.810E+00
  5.127E+02  2.815E+00
  5.165E+02  2.820E+00
  5.203E+02  2.825E+00
  5.241E+02  2.829E+00
  5.279E+02  2.834E+00
  5.317E+02  2.839E+00
  5.356E+02  2.843E+00
  5.395E+02  2.848E+00
  5.434E+02  2.853E+00
  5.474E+02  2.857E+00
  5.514E+02  2.862E+00
  5.554E+02  2.867E+00
  5.595E+02  2.871E+00
  5.635E+02  2.876E+00
  5.677E+02  2.880E+00
  5.718E+02  2.885E+00
  5.760E+02  2.889E+00
  5.802E+02  2.894E+00
  5.844E+02  2.898E+00
  5.886E+02  2.902E+00
  5.929E+02  2.907E+00
  5.972E+02  2.911E+00
  6.016E+02  2.915E+00
  6.060E+02  2.920E+00
  6.104E+02  2.924E+00
  6.148E+02  2.928E+00
  6.193E+02  2.932E+00
  6.238E+02  2.937E+00
  6.284E+02  2.941E+00
  6.329E+02  2.945E+00
  6.375E+02  2.949E+00
  6.422E+02  2.953E+00
  6.469E+02  2.957E+00
  6.516E+02  2.961E+00
  6.563E+02  2.965E+00
  6.611E+02  2.969E+00
  6.659E+02  2.973E+00
  6.707E+02  2.977E+00
  6.756E+02  2.981E+00
  6.805E+02  2.985E+00
  6.855E+02  2.989E+00
  6.905E+02  2.993E+00
  6.955E+02  2.997E+00
  7.005E+02  3.001E+00
  7.056E+02  3.004E+00
  7.108E+02  3.008E+00
  7.159E+02  3.012E+00
  7.211E+02  3.016E+00
  7.264E+02  3.020E+00
  7.317E+02  3.023E+00
  7.370E+02  3.027E+00
  7.423E+02  3.031E+00
  7.477E+02  3.034E+00
  7.532E+02  3.038E+00
  7.586E+02  3.041E+00
  7.642E+02  3.045E+00
  7.697E+02  3.048E+00
  7.753E+02  3.052E+00
  7.809E+02  3.056E+00
  7.866E+02  3.059E+00
  7.923E+02  3.062E+00
  7.981E+02  3.066E+00
  8.039E+02  3.069E+00
  8.097E+02  3.073E+00
  8.156E+02  3.076E+00
  8.215E+02  3.079E+00
  8.275E+02  3.083E+00
  8.335E+02  3.086E+00
  8.395E+02  3.089E+00
  8.456E+02  3.093E+00
  8.518E+02  3.096E+00
  8.579E+02  3.099E+00
  8.642E+02  3.102E+00
  8.704E+02  3.106E+00
  8.768E+02  3.109E+00
  8.831E+02  3.112E+00
  8.895E+02  3.115E+00
  8.960E+02  3.118E+00
  9.025E+02  3.121E+00
  9.090E+02  3.124E+00
  9.156E+02  3.127E+00
  9.223E+02  3.130E+00
  9.290E+02  3.133E+00
  9.357E+02  3.136E+00
  9.425E+02  3.139E+00
  9.493E+02  3.142E+00
  9.562E+02  3.145E+00
  9.631E+02  3.148E+00
  9.701E+02  3.151E+00
  9.772E+02  3.154E+00
  9.843E+02  3.157E+00
  9.914E+02  3.160E+00
  9.986E+02  3.162E+00
  1.006E+03  3.165E+00
  1.013E+03  3.168E+00
  1.020E+03  3.171E+00
  1.028E+03  3.174E+00
  1.035E+03  3.176E+00
  1.043E+03  3.179E+00
  1.050E+03  3.182E+00
  1.058E+03  3.185E+00
  1.066E+03  3.187E+00
  1.073E+03  3.190E+00
  1.081E+03  3.193E+00
  1.089E+03  3.195E+00
  1.097E+03  3.198E+00
  1.105E+03  3.200E+00
  1.113E+03  3.203E+00
  1.121E+03  3.205E+00
  1.129E+03  3.208E+00
  1.137E+03  3.211E+00
  1.145E+03  3.213E+00
  1.154E+03  3.216E+00
  1.162E+03  3.218E+00
  1.170E+03  3.221E+00
  1.179E+03  3.223E+00
  1.188E+03  3.225E+00
  1.196E+03  3.228E+00
  1.205E+03  3.230E+00
  1.213E+03  3.233E+00
  1.222E+03  3.235E+00
  1.231E+03  3.237E+00
  1.240E+03  3.240E+00
  1.249E+03  3.242E+00
  1.258E+03  3.244E+00
  1.267E+03  3.247E+00
  1.276E+03  3.249E+00
  1.286E+03  3.251E+00
  1.295E+03  3.254E+00
  1.304E+03  3.256E+00
  1.314E+03  3.258E+00
  1.323E+03  3.260E+00
  1.333E+03  3.263E+00
  1.342E+03  3.265E+00
  1.352E+03  3.267E+00
  1.362E+03  3.269E+00
  1.372E+03  3.271E+00
  1.382E+03  3.274E+00
  1.392E+03  3.276E+00
  1.402E+03  3.278E+00
  1.412E+03  3.280E+00
  1.422E+03  3.282E+00
  1.432E+03  3.284E+00
  1.443E+03  3.286E+00
  1.453E+03  3.288E+00
  1.464E+03  3.290E+00
  1.474E+03  3.292E+00
  1.485E+03  3.294E+00
  1.496E+03  3.296E+00
  1.507E+03  3.298E+00
  1.517E+03  3.300E+00
  1.528E+03  3.302E+00
  1.539E+03  3.304E+00
  1.551E+03  3.306E+00
  1.562E+03  3.308E+00
  1.573E+03  3.310E+00
  1.585E+03  3.312E+00
  1.596E+03  3.314E+00
  1.608E+03  3.316E+00
  1.619E+03  3.318E+00
  1.631E+03  3.320E+00
  1.643E+03  3.322E+00
  1.655E+03  3.324E+00
  1.666E+03  3.326E+00
  1.679E+03  3.328E+00
  1.691E+03  3.329E+00
  1.703E+03  3.331E+00
  1.715E+03  3.333E+00
  1.728E+03  3.335E+00
  1.740E+03  3.337E+00
  1.753E+03  3.339E+00
  1.765E+03  3.340E+00
  1.778E+03  3.342E+00
  1.791E+03  3.344E+00
  1.804E+03  3.346E+00
  1.817E+03  3.348E+00
  1.830E+03  3.349E+00
  1.843E+03  3.351E+00
  1.857E+03  3.353E+00
  1.870E+03  3.355E+00
  1.884E+03  3.356E+00
  1.897E+03  3.358E+00
  1.911E+03  3.360E+00
  1.925E+03  3.362E+00
  1.939E+03  3.363E+00
  1.953E+03  3.365E+00
  1.967E+03  3.367E+00
  1.981E+03  3.368E+00
  1.995E+03  3.370E+00
  2.010E+03  3.372E+00
  2.024E+03  3.373E+00
  2.039E+03  3.375E+00
  2.054E+03  3.377E+00
  2.068E+03  3.378E+00
  2.083E+03  3.380E+00
  2.098E+03  3.382E+00
  2.113E+03  3.383E+00
  2.129E+03  3.385E+00
  2.144E+03  3.387E+00
  2.160E+03  3.388E+00
  2.175E+03  3.390E+00
  2.191E+03  3.391E+00
  2.207E+03  3.393E+00
  2.223E+03  3.395E+00
  2.239E+03  3.396E+00
  2.255E+03  3.398E+00
  2.271E+03  3.399E+00
  2.288E+03  3.401E+00
  2.304E+03  3.402E+00
  2.321E+03  3.404E+00
  2.338E+03  3.406E+00
  2.354E+03  3.407E+00
  2.371E+03  3.409E+00
  2.389E+03  3.410E+00
  2.406E+03  3.412E+00
  2.423E+03  3.413E+00
  2.441E+03  3.415E+00
  2.458E+03  3.416E+00
  2.476E+03  3.418E+00
  2.494E+03  3.419E+00
  2.512E+03  3.421E+00
  2.530E+03  3.422E+00
  2.548E+03  3.424E+00
  2.567E+03  3.426E+00
  2.585E+03  3.427E+00
  2.604E+03  3.429E+00
  2.623E+03  3.430E+00
  2.642E+03  3.432E+00
  2.661E+03  3.433E+00
  2.680E+03  3.435E+00
  2.699E+03  3.436E+00
  2.719E+03  3.437E+00
  2.738E+03  3.439E+00
  2.758E+03  3.440E+00
  2.778E+03  3.442E+00
  2.798E+03  3.443E+00
  2.818E+03  3.445E+00
  2.839E+03  3.446E+00
  2.859E+03  3.448E+00
  2.880E+03  3.449E+00
  2.901E+03  3.451E+00
  2.921E+03  3.452E+00
  2.943E+03  3.454E+00
  2.964E+03  3.455E+00
  2.985E+03  3.457E+00
  3.007E+03  3.458E+00
  3.028E+03  3.460E+00
  3.050E+03  3.461E+00
  3.072E+03  3.462E+00
  3.094E+03  3.464E+00
  3.117E+03  3.465E+00
  3.139E+03  3.467E+00
  3.162E+03  3.468E+00
  3.185E+03  3.470E+00
  3.208E+03  3.471E+00
  3.231E+03  3.473E+00
  3.254E+03  3.474E+00
  3.278E+03  3.475E+00
  3.301E+03  3.477E+00
  3.325E+03  3.478E+00
  3.349E+03  3.480E+00
  3.373E+03  3.481E+00
  3.398E+03  3.483E+00
  3.422E+03  3.484E+00
  3.447E+03  3.486E+00
  3.472E+03  3.487E+00
  3.497E+03  3.488E+00
  3.522E+03  3.490E+00
  3.547E+03  3.491E+00
  3.573E+03  3.493E+00
  3.599E+03  3.494E+00
  3.625E+03  3.496E+00
  3.651E+03  3.497E+00
  3.677E+03  3.499E+00
  3.704E+03  3.500E+00
  3.730E+03  3.501E+00
  3.757E+03  3.503E+00
  3.784E+03  3.504E+00
  3.812E+03  3.506E+00
  3.839E+03  3.507E+00
  3.867E+03  3.509E+00
  3.895E+03  3.510E+00
  3.923E+03  3.512E+00
  3.951E+03  3.513E+00
  3.980E+03  3.515E+00
  4.008E+03  3.516E+00
  4.037E+03  3.518E+00
  4.066E+03  3.519E+00
  4.096E+03  3.520E+00
  4.125E+03  3.522E+00
  4.155E+03  3.523E+00
  4.185E+03  3.525E+00
  4.215E+03  3.526E+00
  4.246E+03  3.528E+00
  4.276E+03  3.529E+00
  4.307E+03  3.531E+00
  4.338E+03  3.532E+00
  4.369E+03  3.534E+00
  4.401E+03  3.535E+00
  4.433E+03  3.537E+00
  4.465E+03  3.538E+00
  4.497E+03  3.540E+00
  4.529E+03  3.541E+00
  4.562E+03  3.543E+00
  4.595E+03  3.544E+00
  4.628E+03  3.546E+00
  4.661E+03  3.547E+00
  4.695E+03  3.549E+00
  4.729E+03  3.551E+00
  4.763E+03  3.552E+00
  4.797E+03  3.554E+00
  4.832E+03  3.555E+00
  4.867E+03  3.557E+00
  4.902E+03  3.558E+00
  4.937E+03  3.560E+00
  4.973E+03  3.561E+00
  5.009E+03  3.563E+00
  5.045E+03  3.565E+00
  5.081E+03  3.566E+00
  5.118E+03  3.568E+00
  5.155E+03  3.569E+00
  5.192E+03  3.571E+00
  5.229E+03  3.573E+00
  5.267E+03  3.574E+00
  5.305E+03  3.576E+00
  5.343E+03  3.577E+00
  5.382E+03  3.579E+00
  5.420E+03  3.581E+00
  5.459E+03  3.582E+00
  5.499E+03  3.584E+00
  5.538E+03  3.586E+00
  5.578E+03  3.587E+00
  5.619E+03  3.589E+00
  5.659E+03  3.591E+00
  5.700E+03  3.592E+00
  5.741E+03  3.594E+00
  5.782E+03  3.596E+00
  5.824E+03  3.597E+00
  5.866E+03  3.599E+00
  5.908E+03  3.601E+00
  5.951E+03  3.603E+00
  5.994E+03  3.604E+00
  6.037E+03  3.606E+00
  6.081E+03  3.608E+00
  6.124E+03  3.610E+00
  6.168E+03  3.611E+00
  6.213E+03  3.613E+00
  6.258E+03  3.615E+00
  6.303E+03  3.617E+00
  6.348E+03  3.619E+00
  6.394E+03  3.620E+00
  6.440E+03  3.622E+00
  6.487E+03  3.624E+00
  6.533E+03  3.626E+00
  6.580E+03  3.628E+00
  6.628E+03  3.630E+00
  6.676E+03  3.631E+00
  6.724E+03  3.633E+00
  6.772E+03  3.635E+00
  6.821E+03  3.637E+00
  6.870E+03  3.639E+00
  6.920E+03  3.641E+00
  6.970E+03  3.643E+00
  7.020E+03  3.645E+00
  7.070E+03  3.647E+00
  7.121E+03  3.649E+00
  7.173E+03  3.651E+00
  7.224E+03  3.653E+00
  7.276E+03  3.655E+00
  7.329E+03  3.657E+00
  7.382E+03  3.659E+00
  7.435E+03  3.661E+00
  7.488E+03  3.663E+00
  7.542E+03  3.665E+00
  7.597E+03  3.667E+00
  7.651E+03  3.669E+00
  7.707E+03  3.671E+00
  7.762E+03  3.673E+00
  7.818E+03  3.676E+00
  7.874E+03  3.678E+00
  7.931E+03  3.680E+00
  7.988E+03  3.682E+00
  8.046E+03  3.684E+00
  8.104E+03  3.687E+00
  8.162E+03  3.689E+00
  8.221E+03  3.691E+00
  8.280E+03  3.693E+00
  8.340E+03  3.696E+00
  8.400E+03  3.698E+00
  8.461E+03  3.700E+00
  8.522E+03  3.703E+00
  8.583E+03  3.705E+00
  8.645E+03  3.708E+00
  8.707E+03  3.710E+00
  8.770E+03  3.712E+00
  8.833E+03  3.715E+00
  8.897E+03  3.717E+00
  8.961E+03  3.720E+00
  9.025E+03  3.720E+00
