  5.0000E-02  1.4226E+08  6.3890E+06  1.0000E+09  1.1486E+09
  1.0036E-01  5.5960E+08  2.5737E+07  1.0000E+09  1.5853E+09
  1.5108E-01  1.2384E+09  5.8317E+07  1.0000E+09  2.2967E+09
  2.0217E-01  2.1657E+09  1.0441E+08  1.0000E+09  3.2701E+09
  2.5363E-01  3.3290E+09  1.6429E+08  1.0000E+09  4.4933E+09
  3.0545E-01  4.7167E+09  2.3826E+08  1.0000E+09  5.9550E+09
  3.5765E-01  6.3174E+09  3.2660E+08  1.0000E+09  7.6440E+09
  4.1023E-01  8.1203E+09  4.2961E+08  1.0000E+09  9.5499E+09
  4.6318E-01  1.0115E+10  5.4760E+08  1.0000E+09  1.1663E+10
  5.1651E-01  1.2293E+10  6.8087E+08  1.0000E+09  1.3974E+10
  5.7023E-01  1.4643E+10  8.2972E+08  1.0000E+09  1.6473E+10
  6.2434E-01  1.7157E+10  9.9449E+08  1.0000E+09  1.9152E+10
  6.7883E-01  1.9827E+10  1.1755E+09  1.0000E+09  2.2003E+10
  7.3372E-01  2.2644E+10  1.3730E+09  1.0000E+09  2.5017E+10
  7.8901E-01  2.5601E+10  1.5875E+09  1.0000E+09  2.8189E+10
  8.4469E-01  2.8691E+10  1.8191E+09  1.0000E+09  3.1510E+10
  9.0077E-01  3.1905E+10  2.0684E+09  1.0000E+09  3.4974E+10
  9.5725E-01  3.5239E+10  2.3355E+09  1.0000E+09  3.8574E+10
  1.0141E+00  3.8684E+10  2.6209E+09  1.0000E+09  4.2305E+10
  1.0714E+00  4.2235E+10  2.9250E+09  1.0000E+09  4.6160E+10
  1.1292E+00  4.5886E+10  3.2480E+09  1.0000E+09  5.0134E+10
  1.1873E+00  4.9631E+10  3.5904E+09  1.0000E+09  5.4222E+10
  1.2458E+00  5.3465E+10  3.9526E+09  1.0000E+09  5.8418E+10
  1.3048E+00  5.7384E+10  4.3349E+09  1.0000E+09  6.2719E+10
  1.3642E+00  6.1381E+10  4.7377E+09  1.0000E+09  6.7119E+10
  1.4240E+00  6.5452E+10  5.1614E+09  1.0000E+09  7.1614E+10
  1.4843E+00  6.9593E+10  5.6064E+09  1.0000E+09  7.6200E+10
  1.5450E+00  7.3800E+10  6.0731E+09  1.0000E+09  8.0873E+10
  1.6061E+00  7.8068E+10  6.5620E+09  1.0000E+09  8.5630E+10
  1.6677E+00  8.2393E+10  7.0734E+09  1.0000E+09  9.0467E+10
  1.7297E+00  8.6772E+10  7.6078E+09  1.0000E+09  9.5380E+10
  1.7921E+00  9.1201E+10  8.1656E+09  1.0000E+09  1.0037E+11
  1.8550E+00  9.5677E+10  8.7473E+09  1.0000E+09  1.0542E+11
  1.9184E+00  1.0020E+11  9.3532E+09  1.0000E+09  1.1055E+11
  1.9822E+00  1.0475E+11  9.9839E+09  1.0000E+09  1.1574E+11
  2.0465E+00  1.0935E+11  1.0640E+10  1.0000E+09  1.2099E+11
  2.1112E+00  1.1398E+11  1.1321E+10  1.0000E+09  1.2630E+11
  2.1764E+00  1.1864E+11  1.2029E+10  1.0000E+09  1.3167E+11
  2.2421E+00  1.2333E+11  1.2764E+10  1.0000E+09  1.3710E+11
  2.3082E+00  1.2805E+11  1.3525E+10  1.0000E+09  1.4258E+11
  2.3748E+00  1.3279E+11  1.4314E+10  1.0000E+09  1.4811E+11
  2.4419E+00  1.3756E+11  1.5132E+10  1.0000E+09  1.5369E+11
  2.5095E+00  1.4234E+11  1.5978E+10  1.0000E+09  1.5932E+11
  2.5776E+00  1.4714E+11  1.6853E+10  1.0000E+09  1.6499E+11
  2.6461E+00  1.5195E+11  1.7758E+10  1.0000E+09  1.7071E+11
  2.7152E+00  1.5678E+11  1.8693E+10  1.0000E+09  1.7647E+11
  2.7847E+00  1.6162E+11  1.9659E+10  1.0000E+09  1.8228E+11
  2.8548E+00  1.6647E+11  2.0656E+10  1.0000E+09  1.8812E+11
  2.9253E+00  1.7133E+11  2.1685E+10  1.0000E+09  1.9401E+11
  2.9964E+00  1.7619E+11  2.2746E+10  1.0000E+09  1.9994E+11
  3.0680E+00  1.8106E+11  2.3841E+10  1.0000E+09  2.0590E+11
  3.1401E+00  1.8593E+11  2.4969E+10  1.0000E+09  2.1190E+11
  3.2127E+00  1.9081E+11  2.6132E+10  1.0000E+09  2.1794E+11
  3.2858E+00  1.9568E+11  2.7329E+10  1.0000E+09  2.2401E+11
  3.3595E+00  2.0055E+11  2.8562E+10  1.0000E+09  2.3012E+11
  3.4337E+00  2.0543E+11  2.9831E+10  1.0000E+09  2.3626E+11
  3.5084E+00  2.1030E+11  3.1137E+10  1.0000E+09  2.4243E+11
  3.5836E+00  2.1516E+11  3.2479E+10  1.0000E+09  2.4864E+11
  3.6594E+00  2.2002E+11  3.3860E+10  1.0000E+09  2.5488E+11
  3.7358E+00  2.2487E+11  3.5280E+10  1.0000E+09  2.6115E+11
  3.8127E+00  2.2972E+11  3.6739E+10  1.0000E+09  2.6746E+11
  3.8901E+00  2.3456E+11  3.8238E+10  1.0000E+09  2.7380E+11
  3.9681E+00  2.3939E+11  3.9778E+10  1.0000E+09  2.8017E+11
  4.0467E+00  2.4421E+11  4.1359E+10  1.0000E+09  2.8657E+11
  4.1258E+00  2.4902E+11  4.2983E+10  1.0000E+09  2.9300E+11
  4.2056E+00  2.5381E+11  4.4649E+10  1.0000E+09  2.9946E+11
  4.2858E+00  2.5860E+11  4.6359E+10  1.0000E+09  3.0596E+11
  4.3667E+00  2.6337E+11  4.8114E+10  1.0000E+09  3.1248E+11
  4.4481E+00  2.6813E+11  4.9913E+10  1.0000E+09  3.1904E+11
  4.5302E+00  2.7287E+11  5.1758E+10  1.0000E+09  3.2563E+11
  4.6128E+00  2.7760E+11  5.3650E+10  1.0000E+09  3.3225E+11
  4.6960E+00  2.8231E+11  5.5590E+10  1.0000E+09  3.3890E+11
  4.7798E+00  2.8701E+11  5.7578E+10  1.0000E+09  3.4559E+11
  4.8642E+00  2.9169E+11  5.9615E+10  1.0000E+09  3.5231E+11
  4.9492E+00  2.9636E+11  6.1701E+10  1.0000E+09  3.5906E+11
  5.0349E+00  3.0101E+11  6.3839E+10  1.0000E+09  3.6584E+11
  5.1211E+00  3.0563E+11  6.6028E+10  1.0000E+09  3.7266E+11
  5.2080E+00  3.1025E+11  6.8270E+10  1.0000E+09  3.7952E+11
  5.2955E+00  3.1484E+11  7.0565E+10  1.0000E+09  3.8640E+11
  5.3836E+00  3.1941E+11  7.2914E+10  1.0000E+09  3.9333E+11
  5.4724E+00  3.2396E+11  7.5319E+10  1.0000E+09  4.0028E+11
  5.5618E+00  3.2850E+11  7.7780E+10  1.0000E+09  4.0728E+11
  5.6518E+00  3.3301E+11  8.0297E+10  1.0000E+09  4.1431E+11
  5.7425E+00  3.3751E+11  8.2873E+10  1.0000E+09  4.2138E+11
  5.8339E+00  3.4198E+11  8.5508E+10  1.0000E+09  4.2849E+11
  5.9259E+00  3.4643E+11  8.8202E+10  1.0000E+09  4.3563E+11
  6.0185E+00  3.5086E+11  9.0958E+10  1.0000E+09  4.4282E+11
  6.1119E+00  3.5527E+11  9.3775E+10  1.0000E+09  4.5005E+11
  6.2059E+00  3.5966E+11  9.6655E+10  1.0000E+09  4.5732E+11
  6.3006E+00  3.6403E+11  9.9599E+10  1.0000E+09  4.6463E+11
  6.3959E+00  3.6837E+11  1.0261E+11  1.0000E+09  4.7198E+11
  6.4920E+00  3.7269E+11  1.0568E+11  1.0000E+09  4.7938E+11
  6.5887E+00  3.7699E+11  1.0883E+11  1.0000E+09  4.8682E+11
  6.6862E+00  3.8127E+11  1.1204E+11  1.0000E+09  4.9431E+11
  6.7843E+00  3.8553E+11  1.1532E+11  1.0000E+09  5.0184E+11
  6.8831E+00  3.8976E+11  1.1867E+11  1.0000E+09  5.0942E+11
  6.9827E+00  3.9397E+11  1.2209E+11  1.0000E+09  5.1706E+11
  7.0830E+00  3.9815E+11  1.2558E+11  1.0000E+09  5.2474E+11
  7.1840E+00  4.0232E+11  1.2915E+11  1.0000E+09  5.3247E+11
  7.2857E+00  4.0646E+11  1.3280E+11  1.0000E+09  5.4025E+11
  7.3882E+00  4.1057E+11  1.3652E+11  1.0000E+09  5.4809E+11
  7.4913E+00  4.1467E+11  1.4032E+11  1.0000E+09  5.5598E+11
  7.5953E+00  4.1874E+11  1.4419E+11  1.0000E+09  5.6393E+11
  7.7000E+00  4.2279E+11  1.4815E+11  1.0000E+09  5.7194E+11
  7.8054E+00  4.2681E+11  1.5219E+11  1.0000E+09  5.8000E+11
  7.9116E+00  4.3081E+11  1.5631E+11  1.0000E+09  5.8812E+11
  8.0186E+00  4.3479E+11  1.6051E+11  1.0000E+09  5.9630E+11
  8.1263E+00  4.3874E+11  1.6480E+11  1.0000E+09  6.0454E+11
  8.2348E+00  4.4267E+11  1.6918E+11  1.0000E+09  6.1285E+11
  8.3441E+00  4.4658E+11  1.7365E+11  1.0000E+09  6.2122E+11
  8.4542E+00  4.5046E+11  1.7820E+11  1.0000E+09  6.2966E+11
  8.5651E+00  4.5432E+11  1.8285E+11  1.0000E+09  6.3817E+11
  8.6767E+00  4.5816E+11  1.8758E+11  1.0000E+09  6.4674E+11
  8.7892E+00  4.6197E+11  1.9242E+11  1.0000E+09  6.5538E+11
  8.9025E+00  4.6576E+11  1.9734E+11  1.0000E+09  6.6410E+11
  9.0166E+00  4.6952E+11  2.0237E+11  1.0000E+09  6.7289E+11
  9.1315E+00  4.7327E+11  2.0749E+11  1.0000E+09  6.8175E+11
  9.2472E+00  4.7698E+11  2.1271E+11  1.0000E+09  6.9069E+11
  9.3638E+00  4.8068E+11  2.1803E+11  1.0000E+09  6.9971E+11
  9.4812E+00  4.8435E+11  2.2346E+11  1.0000E+09  7.0881E+11
  9.5995E+00  4.8800E+11  2.2899E+11  1.0000E+09  7.1799E+11
  9.7186E+00  4.9163E+11  2.3463E+11  1.0000E+09  7.2725E+11
  9.8386E+00  4.9523E+11  2.4037E+11  1.0000E+09  7.3660E+11
  9.9594E+00  4.9881E+11  2.4623E+11  1.0000E+09  7.4603E+11
  1.0081E+01  5.0237E+11  2.5219E+11  1.0000E+09  7.5556E+11
  1.0204E+01  5.0590E+11  2.5827E+11  1.0000E+09  7.6517E+11
  1.0327E+01  5.0941E+11  2.6446E+11  1.0000E+09  7.7487E+11
  1.0452E+01  5.1290E+11  2.7077E+11  1.0000E+09  7.8467E+11
  1.0577E+01  5.1636E+11  2.7720E+11  1.0000E+09  7.9456E+11
  1.0703E+01  5.1981E+11  2.8375E+11  1.0000E+09  8.0455E+11
  1.0830E+01  5.2323E+11  2.9042E+11  1.0000E+09  8.1464E+11
  1.0958E+01  5.2662E+11  2.9721E+11  1.0000E+09  8.2484E+11
  1.1087E+01  5.3000E+11  3.0413E+11  1.0000E+09  8.3513E+11
  1.1217E+01  5.3335E+11  3.1118E+11  1.0000E+09  8.4553E+11
  1.1347E+01  5.3668E+11  3.1836E+11  1.0000E+09  8.5604E+11
  1.1479E+01  5.3999E+11  3.2566E+11  1.0000E+09  8.6665E+11
  1.1612E+01  5.4328E+11  3.3311E+11  1.0000E+09  8.7738E+11
  1.1745E+01  5.4654E+11  3.4068E+11  1.0000E+09  8.8823E+11
  1.1880E+01  5.4978E+11  3.4840E+11  1.0000E+09  8.9918E+11
  1.2016E+01  5.5300E+11  3.5625E+11  1.0000E+09  9.1026E+11
  1.2152E+01  5.5620E+11  3.6425E+11  1.0000E+09  9.2145E+11
  1.2290E+01  5.5938E+11  3.7239E+11  1.0000E+09  9.3277E+11
  1.2428E+01  5.6254E+11  3.8068E+11  1.0000E+09  9.4422E+11
  1.2568E+01  5.6567E+11  3.8912E+11  1.0000E+09  9.5579E+11
  1.2708E+01  5.6878E+11  3.9770E+11  1.0000E+09  9.6749E+11
  1.2849E+01  5.7188E+11  4.0644E+11  1.0000E+09  9.7932E+11
  1.2992E+01  5.7495E+11  4.1534E+11  1.0000E+09  9.9128E+11
  1.3136E+01  5.7800E+11  4.2439E+11  1.0000E+09  1.0034E+12
  1.3280E+01  5.8103E+11  4.3360E+11  1.0000E+09  1.0156E+12
  1.3426E+01  5.8403E+11  4.4298E+11  1.0000E+09  1.0280E+12
  1.3572E+01  5.8702E+11  4.5252E+11  1.0000E+09  1.0405E+12
  1.3720E+01  5.8999E+11  4.6222E+11  1.0000E+09  1.0532E+12
  1.3869E+01  5.9293E+11  4.7210E+11  1.0000E+09  1.0660E+12
  1.4019E+01  5.9586E+11  4.8215E+11  1.0000E+09  1.0790E+12
  1.4170E+01  5.9877E+11  4.9237E+11  1.0000E+09  1.0921E+12
  1.4322E+01  6.0165E+11  5.0277E+11  1.0000E+09  1.1054E+12
  1.4475E+01  6.0452E+11  5.1335E+11  1.0000E+09  1.1189E+12
  1.4629E+01  6.0736E+11  5.2412E+11  1.0000E+09  1.1325E+12
  1.4784E+01  6.1019E+11  5.3507E+11  1.0000E+09  1.1463E+12
  1.4941E+01  6.1300E+11  5.4621E+11  1.0000E+09  1.1602E+12
  1.5098E+01  6.1578E+11  5.5754E+11  1.0000E+09  1.1743E+12
  1.5257E+01  6.1855E+11  5.6906E+11  1.0000E+09  1.1886E+12
  1.5417E+01  6.2130E+11  5.8078E+11  1.0000E+09  1.2031E+12
  1.5578E+01  6.2403E+11  5.9270E+11  1.0000E+09  1.2177E+12
  1.5740E+01  6.2674E+11  6.0482E+11  1.0000E+09  1.2326E+12
  1.5903E+01  6.2943E+11  6.1715E+11  1.0000E+09  1.2476E+12
  1.6068E+01  6.3210E+11  6.2968E+11  1.0000E+09  1.2628E+12
  1.6234E+01  6.3475E+11  6.4243E+11  1.0000E+09  1.2782E+12
  1.6401E+01  6.3739E+11  6.5539E+11  1.0000E+09  1.2938E+12
  1.6569E+01  6.4000E+11  6.6857E+11  1.0000E+09  1.3096E+12
  1.6738E+01  6.4260E+11  6.8197E+11  1.0000E+09  1.3256E+12
  1.6908E+01  6.4518E+11  6.9560E+11  1.0000E+09  1.3418E+12
  1.7080E+01  6.4774E+11  7.0945E+11  1.0000E+09  1.3582E+12
  1.7253E+01  6.5028E+11  7.2354E+11  1.0000E+09  1.3748E+12
  1.7427E+01  6.5280E+11  7.3785E+11  1.0000E+09  1.3917E+12
  1.7603E+01  6.5531E+11  7.5241E+11  1.0000E+09  1.4087E+12
  1.7780E+01  6.5780E+11  7.6721E+11  1.0000E+09  1.4260E+12
  1.7958E+01  6.6027E+11  7.8225E+11  1.0000E+09  1.4435E+12
  1.8137E+01  6.6273E+11  7.9754E+11  1.0000E+09  1.4613E+12
  1.8317E+01  6.6516E+11  8.1308E+11  1.0000E+09  1.4792E+12
  1.8499E+01  6.6758E+11  8.2888E+11  1.0000E+09  1.4975E+12
  1.8683E+01  6.6998E+11  8.4493E+11  1.0000E+09  1.5159E+12
  1.8867E+01  6.7237E+11  8.6125E+11  1.0000E+09  1.5346E+12
  1.9053E+01  6.7473E+11  8.7783E+11  1.0000E+09  1.5536E+12
  1.9240E+01  6.7708E+11  8.9469E+11  1.0000E+09  1.5728E+12
  1.9429E+01  6.7942E+11  9.1182E+11  1.0000E+09  1.5922E+12
  1.9619E+01  6.8174E+11  9.2922E+11  1.0000E+09  1.6120E+12
  1.9810E+01  6.8404E+11  9.4691E+11  1.0000E+09  1.6319E+12
  2.0002E+01  6.8632E+11  9.6489E+11  1.0000E+09  1.6522E+12
  2.0196E+01  6.8859E+11  9.8315E+11  1.0000E+09  1.6727E+12
  2.0392E+01  6.9084E+11  1.0017E+12  1.0000E+09  1.6936E+12
  2.0589E+01  6.9307E+11  1.0206E+12  1.0000E+09  1.7146E+12
  2.0787E+01  6.9529E+11  1.0397E+12  1.0000E+09  1.7360E+12
  2.0987E+01  6.9750E+11  1.0592E+12  1.0000E+09  1.7577E+12
  2.1188E+01  6.9969E+11  1.0790E+12  1.0000E+09  1.7797E+12
  2.1390E+01  7.0186E+11  1.0991E+12  1.0000E+09  1.8019E+12
  2.1594E+01  7.0401E+11  1.1195E+12  1.0000E+09  1.8245E+12
  2.1800E+01  7.0615E+11  1.1402E+12  1.0000E+09  1.8474E+12
  2.2007E+01  7.0828E+11  1.1613E+12  1.0000E+09  1.8706E+12
  2.2215E+01  7.1039E+11  1.1827E+12  1.0000E+09  1.8941E+12
  2.2425E+01  7.1249E+11  1.2045E+12  1.0000E+09  1.9179E+12
  2.2637E+01  7.1457E+11  1.2265E+12  1.0000E+09  1.9421E+12
  2.2850E+01  7.1663E+11  1.2490E+12  1.0000E+09  1.9666E+12
  2.3064E+01  7.1868E+11  1.2718E+12  1.0000E+09  1.9914E+12
  2.3280E+01  7.2072E+11  1.2949E+12  1.0000E+09  2.0166E+12
  2.3498E+01  7.2274E+11  1.3184E+12  1.0000E+09  2.0422E+12
  2.3717E+01  7.2474E+11  1.3423E+12  1.0000E+09  2.0680E+12
  2.3938E+01  7.2673E+11  1.3665E+12  1.0000E+09  2.0943E+12
  2.4160E+01  7.2871E+11  1.3912E+12  1.0000E+09  2.1209E+12
  2.4384E+01  7.3067E+11  1.4162E+12  1.0000E+09  2.1479E+12
  2.4610E+01  7.3262E+11  1.4416E+12  1.0000E+09  2.1752E+12
  2.4837E+01  7.3456E+11  1.4674E+12  1.0000E+09  2.2030E+12
  2.5066E+01  7.3648E+11  1.4936E+12  1.0000E+09  2.2311E+12
  2.5296E+01  7.3839E+11  1.5202E+12  1.0000E+09  2.2596E+12
  2.5528E+01  7.4028E+11  1.5472E+12  1.0000E+09  2.2885E+12
  2.5762E+01  7.4216E+11  1.5746E+12  1.0000E+09  2.3178E+12
  2.5997E+01  7.4402E+11  1.6025E+12  1.0000E+09  2.3475E+12
  2.6235E+01  7.4588E+11  1.6308E+12  1.0000E+09  2.3777E+12
  2.6473E+01  7.4772E+11  1.6595E+12  1.0000E+09  2.4082E+12
  2.6714E+01  7.4954E+11  1.6887E+12  1.0000E+09  2.4392E+12
  2.6956E+01  7.5135E+11  1.7183E+12  1.0000E+09  2.4706E+12
  2.7201E+01  7.5315E+11  1.7483E+12  1.0000E+09  2.5025E+12
  2.7446E+01  7.5494E+11  1.7788E+12  1.0000E+09  2.5348E+12
  2.7694E+01  7.5671E+11  1.8098E+12  1.0000E+09  2.5675E+12
  2.7943E+01  7.5847E+11  1.8413E+12  1.0000E+09  2.6008E+12
  2.8195E+01  7.6022E+11  1.8732E+12  1.0000E+09  2.6344E+12
  2.8448E+01  7.6196E+11  1.9056E+12  1.0000E+09  2.6686E+12
  2.8702E+01  7.6368E+11  1.9385E+12  1.0000E+09  2.7032E+12
  2.8959E+01  7.6539E+11  1.9719E+12  1.0000E+09  2.7383E+12
  2.9218E+01  7.6709E+11  2.0059E+12  1.0000E+09  2.7739E+12
  2.9478E+01  7.6877E+11  2.0403E+12  1.0000E+09  2.8100E+12
  2.9740E+01  7.7044E+11  2.0752E+12  1.0000E+09  2.8467E+12
  3.0004E+01  7.7210E+11  2.1107E+12  1.0000E+09  2.8838E+12
  3.0270E+01  7.7375E+11  2.1467E+12  1.0000E+09  2.9214E+12
  3.0538E+01  7.7539E+11  2.1832E+12  1.0000E+09  2.9596E+12
  3.0808E+01  7.7702E+11  2.2203E+12  1.0000E+09  2.9983E+12
  3.1080E+01  7.7863E+11  2.2579E+12  1.0000E+09  3.0376E+12
  3.1354E+01  7.8023E+11  2.2961E+12  1.0000E+09  3.0774E+12
  3.1629E+01  7.8182E+11  2.3349E+12  1.0000E+09  3.1177E+12
  3.1907E+01  7.8340E+11  2.3743E+12  1.0000E+09  3.1587E+12
  3.2187E+01  7.8497E+11  2.4142E+12  1.0000E+09  3.2002E+12
  3.2469E+01  7.8652E+11  2.4547E+12  1.0000E+09  3.2422E+12
  3.2752E+01  7.8807E+11  2.4958E+12  1.0000E+09  3.2849E+12
  3.3038E+01  7.8960E+11  2.5376E+12  1.0000E+09  3.3282E+12
  3.3326E+01  7.9112E+11  2.5799E+12  1.0000E+09  3.3720E+12
  3.3616E+01  7.9263E+11  2.6229E+12  1.0000E+09  3.4165E+12
  3.3908E+01  7.9413E+11  2.6665E+12  1.0000E+09  3.4616E+12
  3.4202E+01  7.9562E+11  2.7108E+12  1.0000E+09  3.5074E+12
  3.4499E+01  7.9710E+11  2.7557E+12  1.0000E+09  3.5538E+12
  3.4797E+01  7.9857E+11  2.8012E+12  1.0000E+09  3.6008E+12
  3.5097E+01  8.0002E+11  2.8474E+12  1.0000E+09  3.6485E+12
  3.5400E+01  8.0147E+11  2.8943E+12  1.0000E+09  3.6968E+12
  3.5705E+01  8.0290E+11  2.9419E+12  1.0000E+09  3.7458E+12
  3.6012E+01  8.0433E+11  2.9902E+12  1.0000E+09  3.7955E+12
  3.6321E+01  8.0574E+11  3.0392E+12  1.0000E+09  3.8459E+12
  3.6633E+01  8.0715E+11  3.0889E+12  1.0000E+09  3.8971E+12
  3.6947E+01  8.0854E+11  3.1393E+12  1.0000E+09  3.9489E+12
  3.7263E+01  8.0993E+11  3.1905E+12  1.0000E+09  4.0014E+12
  3.7581E+01  8.1130E+11  3.2424E+12  1.0000E+09  4.0547E+12
  3.7902E+01  8.1267E+11  3.2950E+12  1.0000E+09  4.1087E+12
  3.8224E+01  8.1402E+11  3.3484E+12  1.0000E+09  4.1634E+12
  3.8550E+01  8.1537E+11  3.4026E+12  1.0000E+09  4.2190E+12
  3.8877E+01  8.1670E+11  3.4575E+12  1.0000E+09  4.2752E+12
  3.9207E+01  8.1803E+11  3.5133E+12  1.0000E+09  4.3323E+12
  3.9539E+01  8.1934E+11  3.5698E+12  1.0000E+09  4.3902E+12
  3.9874E+01  8.2065E+11  3.6272E+12  1.0000E+09  4.4488E+12
  4.0211E+01  8.2194E+11  3.6854E+12  1.0000E+09  4.5083E+12
  4.0551E+01  8.2323E+11  3.7444E+12  1.0000E+09  4.5686E+12
  4.0893E+01  8.2451E+11  3.8042E+12  1.0000E+09  4.6297E+12
  4.1237E+01  8.2578E+11  3.8649E+12  1.0000E+09  4.6917E+12
  4.1584E+01  8.2703E+11  3.9265E+12  1.0000E+09  4.7546E+12
  4.1933E+01  8.2828E+11  3.9890E+12  1.0000E+09  4.8183E+12
  4.2285E+01  8.2953E+11  4.0523E+12  1.0000E+09  4.8828E+12
  4.2640E+01  8.3076E+11  4.1165E+12  1.0000E+09  4.9483E+12
  4.2997E+01  8.3198E+11  4.1817E+12  1.0000E+09  5.0147E+12
  4.3356E+01  8.3319E+11  4.2478E+12  1.0000E+09  5.0819E+12
  4.3719E+01  8.3440E+11  4.3148E+12  1.0000E+09  5.1502E+12
  4.4083E+01  8.3560E+11  4.3827E+12  1.0000E+09  5.2193E+12
  4.4451E+01  8.3678E+11  4.4516E+12  1.0000E+09  5.2894E+12
  4.4821E+01  8.3796E+11  4.5215E+12  1.0000E+09  5.3604E+12
  4.5194E+01  8.3913E+11  4.5923E+12  1.0000E+09  5.4325E+12
  4.5569E+01  8.4029E+11  4.6642E+12  1.0000E+09  5.5055E+12
  4.5947E+01  8.4145E+11  4.7371E+12  1.0000E+09  5.5795E+12
  4.6328E+01  8.4259E+11  4.8109E+12  1.0000E+09  5.6545E+12
  4.6711E+01  8.4373E+11  4.8858E+12  1.0000E+09  5.7306E+12
  4.7098E+01  8.4486E+11  4.9618E+12  1.0000E+09  5.8077E+12
  4.7487E+01  8.4598E+11  5.0388E+12  1.0000E+09  5.8858E+12
  4.7879E+01  8.4709E+11  5.1169E+12  1.0000E+09  5.9650E+12
  4.8273E+01  8.4820E+11  5.1961E+12  1.0000E+09  6.0453E+12
  4.8671E+01  8.4929E+11  5.2764E+12  1.0000E+09  6.1266E+12
  4.9071E+01  8.5038E+11  5.3577E+12  1.0000E+09  6.2091E+12
  4.9475E+01  8.5146E+11  5.4403E+12  1.0000E+09  6.2927E+12
  4.9881E+01  8.5253E+11  5.5239E+12  1.0000E+09  6.3774E+12
  5.0290E+01  8.5360E+11  5.6087E+12  1.0000E+09  6.4633E+12
  5.0702E+01  8.5465E+11  5.6947E+12  1.0000E+09  6.5504E+12
  5.1117E+01  8.5570E+11  5.7819E+12  1.0000E+09  6.6386E+12
  5.1535E+01  8.5674E+11  5.8702E+12  1.0000E+09  6.7280E+12
  5.1956E+01  8.5778E+11  5.9598E+12  1.0000E+09  6.8186E+12
  5.2380E+01  8.5880E+11  6.0506E+12  1.0000E+09  6.9104E+12
  5.2808E+01  8.5982E+11  6.1427E+12  1.0000E+09  7.0035E+12
  5.3238E+01  8.6084E+11  6.2360E+12  1.0000E+09  7.0978E+12
  5.3671E+01  8.6184E+11  6.3305E+12  1.0000E+09  7.1934E+12
  5.4108E+01  8.6284E+11  6.4264E+12  1.0000E+09  7.2903E+12
  5.4547E+01  8.6383E+11  6.5236E+12  1.0000E+09  7.3884E+12
  5.4990E+01  8.6481E+11  6.6221E+12  1.0000E+09  7.4879E+12
  5.5436E+01  8.6578E+11  6.7219E+12  1.0000E+09  7.5887E+12
  5.5885E+01  8.6675E+11  6.8231E+12  1.0000E+09  7.6909E+12
  5.6337E+01  8.6771E+11  6.9257E+12  1.0000E+09  7.7944E+12
  5.6793E+01  8.6867E+11  7.0296E+12  1.0000E+09  7.8993E+12
  5.7252E+01  8.6962E+11  7.1350E+12  1.0000E+09  8.0056E+12
  5.7714E+01  8.7056E+11  7.2418E+12  1.0000E+09  8.1133E+12
  5.8180E+01  8.7149E+11  7.3500E+12  1.0000E+09  8.2225E+12
  5.8649E+01  8.7242E+11  7.4597E+12  1.0000E+09  8.3331E+12
  5.9121E+01  8.7334E+11  7.5708E+12  1.0000E+09  8.4452E+12
  5.9596E+01  8.7425E+11  7.6835E+12  1.0000E+09  8.5587E+12
  6.0076E+01  8.7516E+11  7.7976E+12  1.0000E+09  8.6738E+12
  6.0558E+01  8.7606E+11  7.9133E+12  1.0000E+09  8.7903E+12
  6.1044E+01  8.7695E+11  8.0305E+12  1.0000E+09  8.9084E+12
  6.1534E+01  8.7784E+11  8.1493E+12  1.0000E+09  9.0281E+12
  6.2027E+01  8.7872E+11  8.2696E+12  1.0000E+09  9.1494E+12
  6.2523E+01  8.7959E+11  8.3916E+12  1.0000E+09  9.2722E+12
  6.3023E+01  8.8046E+11  8.5152E+12  1.0000E+09  9.3967E+12
  6.3527E+01  8.8132E+11  8.6404E+12  1.0000E+09  9.5227E+12
  6.4035E+01  8.8218E+11  8.7673E+12  1.0000E+09  9.6505E+12
  6.4546E+01  8.8303E+11  8.8959E+12  1.0000E+09  9.7799E+12
  6.5060E+01  8.8387E+11  9.0261E+12  1.0000E+09  9.9110E+12
  6.5579E+01  8.8471E+11  9.1581E+12  1.0000E+09  1.0044E+13
  6.6101E+01  8.8554E+11  9.2918E+12  1.0000E+09  1.0178E+13
  6.6627E+01  8.8637E+11  9.4273E+12  1.0000E+09  1.0315E+13
  6.7157E+01  8.8718E+11  9.5646E+12  1.0000E+09  1.0453E+13
  6.7690E+01  8.8800E+11  9.7036E+12  1.0000E+09  1.0593E+13
  6.8228E+01  8.8880E+11  9.8445E+12  1.0000E+09  1.0734E+13
  6.8769E+01  8.8961E+11  9.9872E+12  1.0000E+09  1.0878E+13
  6.9314E+01  8.9040E+11  1.0132E+13  1.0000E+09  1.1023E+13
  6.9863E+01  8.9119E+11  1.0278E+13  1.0000E+09  1.1171E+13
  7.0416E+01  8.9197E+11  1.0427E+13  1.0000E+09  1.1320E+13
  7.0973E+01  8.9275E+11  1.0577E+13  1.0000E+09  1.1471E+13
  7.1534E+01  8.9353E+11  1.0729E+13  1.0000E+09  1.1624E+13
  7.2099E+01  8.9429E+11  1.0884E+13  1.0000E+09  1.1779E+13
  7.2668E+01  8.9505E+11  1.1040E+13  1.0000E+09  1.1936E+13
  7.3241E+01  8.9581E+11  1.1198E+13  1.0000E+09  1.2095E+13
  7.3819E+01  8.9656E+11  1.1358E+13  1.0000E+09  1.2256E+13
  7.4400E+01  8.9731E+11  1.1521E+13  1.0000E+09  1.2419E+13
  7.4986E+01  8.9805E+11  1.1685E+13  1.0000E+09  1.2584E+13
  7.5576E+01  8.9878E+11  1.1852E+13  1.0000E+09  1.2751E+13
  7.6170E+01  8.9951E+11  1.2020E+13  1.0000E+09  1.2921E+13
  7.6768E+01  9.0023E+11  1.2191E+13  1.0000E+09  1.3093E+13
  7.7371E+01  9.0095E+11  1.2364E+13  1.0000E+09  1.3266E+13
  7.7978E+01  9.0166E+11  1.2540E+13  1.0000E+09  1.3442E+13
  7.8590E+01  9.0237E+11  1.2717E+13  1.0000E+09  1.3620E+13
  7.9205E+01  9.0308E+11  1.2897E+13  1.0000E+09  1.3801E+13
  7.9826E+01  9.0377E+11  1.3079E+13  1.0000E+09  1.3984E+13
  8.0450E+01  9.0447E+11  1.3263E+13  1.0000E+09  1.4169E+13
  8.1080E+01  9.0515E+11  1.3450E+13  1.0000E+09  1.4356E+13
  8.1713E+01  9.0584E+11  1.3639E+13  1.0000E+09  1.4546E+13
  8.2352E+01  9.0651E+11  1.3831E+13  1.0000E+09  1.4738E+13
  8.2995E+01  9.0719E+11  1.4024E+13  1.0000E+09  1.4933E+13
  8.3642E+01  9.0786E+11  1.4221E+13  1.0000E+09  1.5130E+13
  8.4294E+01  9.0852E+11  1.4420E+13  1.0000E+09  1.5329E+13
  8.4951E+01  9.0918E+11  1.4621E+13  1.0000E+09  1.5531E+13
  8.5613E+01  9.0983E+11  1.4825E+13  1.0000E+09  1.5735E+13
  8.6279E+01  9.1048E+11  1.5031E+13  1.0000E+09  1.5942E+13
  8.6951E+01  9.1112E+11  1.5240E+13  1.0000E+09  1.6152E+13
  8.7627E+01  9.1176E+11  1.5451E+13  1.0000E+09  1.6364E+13
  8.8308E+01  9.1240E+11  1.5666E+13  1.0000E+09  1.6579E+13
  8.8993E+01  9.1303E+11  1.5883E+13  1.0000E+09  1.6797E+13
  8.9684E+01  9.1366E+11  1.6102E+13  1.0000E+09  1.7017E+13
  9.0380E+01  9.1428E+11  1.6324E+13  1.0000E+09  1.7240E+13
  9.1081E+01  9.1489E+11  1.6549E+13  1.0000E+09  1.7465E+13
  9.1786E+01  9.1551E+11  1.6777E+13  1.0000E+09  1.7694E+13
  9.2497E+01  9.1611E+11  1.7008E+13  1.0000E+09  1.7925E+13
  9.3213E+01  9.1672E+11  1.7241E+13  1.0000E+09  1.8159E+13
  9.3934E+01  9.1732E+11  1.7478E+13  1.0000E+09  1.8396E+13
  9.4661E+01  9.1791E+11  1.7717E+13  1.0000E+09  1.8636E+13
  9.5392E+01  9.1850E+11  1.7959E+13  1.0000E+09  1.8879E+13
  9.6129E+01  9.1909E+11  1.8204E+13  1.0000E+09  1.9124E+13
  9.6871E+01  9.1967E+11  1.8452E+13  1.0000E+09  1.9373E+13
  9.7619E+01  9.2025E+11  1.8704E+13  1.0000E+09  1.9625E+13
  9.8372E+01  9.2082E+11  1.8958E+13  1.0000E+09  1.9880E+13
  9.9130E+01  9.2139E+11  1.9215E+13  1.0000E+09  2.0138E+13
  9.9894E+01  9.2196E+11  1.9476E+13  1.0000E+09  2.0399E+13
  1.0066E+02  9.2252E+11  1.9739E+13  1.0000E+09  2.0663E+13
  1.0144E+02  9.2307E+11  2.0006E+13  1.0000E+09  2.0930E+13
  1.0222E+02  9.2363E+11  2.0276E+13  1.0000E+09  2.1201E+13
  1.0300E+02  9.2418E+11  2.0550E+13  1.0000E+09  2.1475E+13
  1.0380E+02  9.2472E+11  2.0826E+13  1.0000E+09  2.1752E+13
  1.0459E+02  9.2526E+11  2.1106E+13  1.0000E+09  2.2032E+13
  1.0540E+02  9.2580E+11  2.1389E+13  1.0000E+09  2.2316E+13
  1.0620E+02  9.2633E+11  2.1676E+13  1.0000E+09  2.2603E+13
  1.0702E+02  9.2686E+11  2.1966E+13  1.0000E+09  2.2894E+13
  1.0784E+02  9.2739E+11  2.2260E+13  1.0000E+09  2.3188E+13
  1.0867E+02  9.2791E+11  2.2557E+13  1.0000E+09  2.3486E+13
  1.0950E+02  9.2843E+11  2.2857E+13  1.0000E+09  2.3787E+13
  1.1034E+02  9.2894E+11  2.3162E+13  1.0000E+09  2.4092E+13
  1.1118E+02  9.2946E+11  2.3469E+13  1.0000E+09  2.4400E+13
  1.1203E+02  9.2996E+11  2.3781E+13  1.0000E+09  2.4712E+13
  1.1289E+02  9.3047E+11  2.4096E+13  1.0000E+09  2.5027E+13
  1.1375E+02  9.3097E+11  2.4415E+13  1.0000E+09  2.5347E+13
  1.1462E+02  9.3146E+11  2.4737E+13  1.0000E+09  2.5670E+13
  1.1550E+02  9.3195E+11  2.5064E+13  1.0000E+09  2.5997E+13
  1.1638E+02  9.3244E+11  2.5394E+13  1.0000E+09  2.6328E+13
  1.1727E+02  9.3293E+11  2.5728E+13  1.0000E+09  2.6662E+13
  1.1816E+02  9.3341E+11  2.6066E+13  1.0000E+09  2.7001E+13
  1.1906E+02  9.3389E+11  2.6408E+13  1.0000E+09  2.7343E+13
  1.1997E+02  9.3436E+11  2.6754E+13  1.0000E+09  2.7689E+13
  1.2088E+02  9.3484E+11  2.7104E+13  1.0000E+09  2.8040E+13
  1.2180E+02  9.3530E+11  2.7458E+13  1.0000E+09  2.8394E+13
  1.2273E+02  9.3577E+11  2.7816E+13  1.0000E+09  2.8753E+13
  1.2366E+02  9.3623E+11  2.8179E+13  1.0000E+09  2.9116E+13
  1.2460E+02  9.3669E+11  2.8545E+13  1.0000E+09  2.9483E+13
  1.2555E+02  9.3714E+11  2.8916E+13  1.0000E+09  2.9854E+13
  1.2650E+02  9.3760E+11  2.9291E+13  1.0000E+09  3.0229E+13
  1.2746E+02  9.3804E+11  2.9670E+13  1.0000E+09  3.0609E+13
  1.2843E+02  9.3849E+11  3.0054E+13  1.0000E+09  3.0993E+13
  1.2941E+02  9.3893E+11  3.0442E+13  1.0000E+09  3.1381E+13
  1.3039E+02  9.3937E+11  3.0834E+13  1.0000E+09  3.1774E+13
  1.3138E+02  9.3980E+11  3.1231E+13  1.0000E+09  3.2172E+13
  1.3237E+02  9.4024E+11  3.1632E+13  1.0000E+09  3.2574E+13
  1.3338E+02  9.4067E+11  3.2038E+13  1.0000E+09  3.2980E+13
  1.3439E+02  9.4109E+11  3.2449E+13  1.0000E+09  3.3391E+13
  1.3540E+02  9.4152E+11  3.2864E+13  1.0000E+09  3.3807E+13
  1.3643E+02  9.4194E+11  3.3284E+13  1.0000E+09  3.4227E+13
  1.3746E+02  9.4235E+11  3.3709E+13  1.0000E+09  3.4652E+13
  1.3850E+02  9.4277E+11  3.4138E+13  1.0000E+09  3.5082E+13
  1.3955E+02  9.4318E+11  3.4572E+13  1.0000E+09  3.5516E+13
  1.4060E+02  9.4359E+11  3.5011E+13  1.0000E+09  3.5956E+13
  1.4167E+02  9.4399E+11  3.5455E+13  1.0000E+09  3.6400E+13
  1.4274E+02  9.4439E+11  3.5904E+13  1.0000E+09  3.6850E+13
  1.4381E+02  9.4479E+11  3.6358E+13  1.0000E+09  3.7304E+13
  1.4490E+02  9.4519E+11  3.6817E+13  1.0000E+09  3.7763E+13
  1.4599E+02  9.4558E+11  3.7281E+13  1.0000E+09  3.8228E+13
  1.4709E+02  9.4597E+11  3.7751E+13  1.0000E+09  3.8697E+13
  1.4820E+02  9.4636E+11  3.8225E+13  1.0000E+09  3.9172E+13
  1.4932E+02  9.4675E+11  3.8705E+13  1.0000E+09  3.9652E+13
  1.5044E+02  9.4713E+11  3.9189E+13  1.0000E+09  4.0138E+13
  1.5158E+02  9.4751E+11  3.9680E+13  1.0000E+09  4.0628E+13
  1.5272E+02  9.4788E+11  4.0175E+13  1.0000E+09  4.1124E+13
  1.5387E+02  9.4826E+11  4.0676E+13  1.0000E+09  4.1626E+13
  1.5503E+02  9.4863E+11  4.1183E+13  1.0000E+09  4.2132E+13
  1.5619E+02  9.4900E+11  4.1695E+13  1.0000E+09  4.2645E+13
  1.5737E+02  9.4936E+11  4.2212E+13  1.0000E+09  4.3163E+13
  1.5855E+02  9.4973E+11  4.2736E+13  1.0000E+09  4.3686E+13
  1.5974E+02  9.5009E+11  4.3264E+13  1.0000E+09  4.4215E+13
  1.6094E+02  9.5045E+11  4.3799E+13  1.0000E+09  4.4750E+13
  1.6215E+02  9.5080E+11  4.4339E+13  1.0000E+09  4.5291E+13
  1.6337E+02  9.5116E+11  4.4885E+13  1.0000E+09  4.5837E+13
  1.6459E+02  9.5151E+11  4.5437E+13  1.0000E+09  4.6390E+13
  1.6583E+02  9.5185E+11  4.5995E+13  1.0000E+09  4.6948E+13
  1.6707E+02  9.5220E+11  4.6559E+13  1.0000E+09  4.7512E+13
  1.6833E+02  9.5254E+11  4.7129E+13  1.0000E+09  4.8082E+13
  1.6959E+02  9.5288E+11  4.7705E+13  1.0000E+09  4.8659E+13
  1.7086E+02  9.5322E+11  4.8287E+13  1.0000E+09  4.9241E+13
  1.7214E+02  9.5356E+11  4.8875E+13  1.0000E+09  4.9829E+13
  1.7343E+02  9.5389E+11  4.9469E+13  1.0000E+09  5.0424E+13
  1.7473E+02  9.5422E+11  5.0070E+13  1.0000E+09  5.1025E+13
  1.7604E+02  9.5455E+11  5.0677E+13  1.0000E+09  5.1632E+13
  1.7735E+02  9.5488E+11  5.1290E+13  1.0000E+09  5.2246E+13
  1.7868E+02  9.5520E+11  5.1910E+13  1.0000E+09  5.2866E+13
  1.8002E+02  9.5552E+11  5.2536E+13  1.0000E+09  5.3492E+13
  1.8136E+02  9.5584E+11  5.3169E+13  1.0000E+09  5.4125E+13
  1.8272E+02  9.5616E+11  5.3808E+13  1.0000E+09  5.4765E+13
  1.8408E+02  9.5647E+11  5.4454E+13  1.0000E+09  5.5411E+13
  1.8546E+02  9.5678E+11  5.5106E+13  1.0000E+09  5.6064E+13
  1.8685E+02  9.5709E+11  5.5766E+13  1.0000E+09  5.6724E+13
  1.8824E+02  9.5740E+11  5.6432E+13  1.0000E+09  5.7390E+13
  1.8965E+02  9.5771E+11  5.7105E+13  1.0000E+09  5.8064E+13
  1.9106E+02  9.5801E+11  5.7785E+13  1.0000E+09  5.8744E+13
  1.9249E+02  9.5831E+11  5.8472E+13  1.0000E+09  5.9431E+13
  1.9392E+02  9.5861E+11  5.9166E+13  1.0000E+09  6.0125E+13
  1.9537E+02  9.5891E+11  5.9866E+13  1.0000E+09  6.0826E+13
  1.9683E+02  9.5920E+11  6.0574E+13  1.0000E+09  6.1535E+13
  1.9829E+02  9.5950E+11  6.1290E+13  1.0000E+09  6.2250E+13
  1.9977E+02  9.5979E+11  6.2012E+13  1.0000E+09  6.2973E+13
  2.0126E+02  9.6007E+11  6.2742E+13  1.0000E+09  6.3703E+13
  2.0276E+02  9.6036E+11  6.3479E+13  1.0000E+09  6.4440E+13
  2.0427E+02  9.6065E+11  6.4223E+13  1.0000E+09  6.5185E+13
  2.0579E+02  9.6093E+11  6.4975E+13  1.0000E+09  6.5937E+13
  2.0732E+02  9.6121E+11  6.5735E+13  1.0000E+09  6.6697E+13
  2.0886E+02  9.6149E+11  6.6502E+13  1.0000E+09  6.7464E+13
  2.1042E+02  9.6176E+11  6.7276E+13  1.0000E+09  6.8239E+13
  2.1198E+02  9.6204E+11  6.8058E+13  1.0000E+09  6.9021E+13
  2.1356E+02  9.6231E+11  6.8848E+13  1.0000E+09  6.9812E+13
  2.1515E+02  9.6258E+11  6.9646E+13  1.0000E+09  7.0610E+13
  2.1674E+02  9.6285E+11  7.0452E+13  1.0000E+09  7.1416E+13
  2.1836E+02  9.6311E+11  7.1265E+13  1.0000E+09  7.2229E+13
  2.1998E+02  9.6338E+11  7.2087E+13  1.0000E+09  7.3051E+13
  2.2161E+02  9.6364E+11  7.2916E+13  1.0000E+09  7.3881E+13
  2.2326E+02  9.6390E+11  7.3754E+13  1.0000E+09  7.4719E+13
  2.2491E+02  9.6416E+11  7.4600E+13  1.0000E+09  7.5565E+13
  2.2658E+02  9.6442E+11  7.5453E+13  1.0000E+09  7.6419E+13
  2.2827E+02  9.6467E+11  7.6316E+13  1.0000E+09  7.7281E+13
  2.2996E+02  9.6493E+11  7.7186E+13  1.0000E+09  7.8152E+13
  2.3166E+02  9.6518E+11  7.8065E+13  1.0000E+09  7.9031E+13
  2.3338E+02  9.6543E+11  7.8952E+13  1.0000E+09  7.9919E+13
  2.3511E+02  9.6567E+11  7.9848E+13  1.0000E+09  8.0814E+13
  2.3686E+02  9.6592E+11  8.0752E+13  1.0000E+09  8.1719E+13
  2.3861E+02  9.6616E+11  8.1665E+13  1.0000E+09  8.2632E+13
  2.4038E+02  9.6641E+11  8.2586E+13  1.0000E+09  8.3554E+13
  2.4216E+02  9.6665E+11  8.3517E+13  1.0000E+09  8.4484E+13
  2.4395E+02  9.6689E+11  8.4456E+13  1.0000E+09  8.5424E+13
  2.4576E+02  9.6712E+11  8.5404E+13  1.0000E+09  8.6372E+13
  2.4758E+02  9.6736E+11  8.6360E+13  1.0000E+09  8.7329E+13
  2.4941E+02  9.6759E+11  8.7326E+13  1.0000E+09  8.8295E+13
  2.5126E+02  9.6783E+11  8.8301E+13  1.0000E+09  8.9269E+13
  2.5312E+02  9.6806E+11  8.9284E+13  1.0000E+09  9.0253E+13
  2.5499E+02  9.6829E+11  9.0277E+13  1.0000E+09  9.1247E+13
  2.5687E+02  9.6851E+11  9.1279E+13  1.0000E+09  9.2249E+13
  2.5877E+02  9.6874E+11  9.2291E+13  1.0000E+09  9.3260E+13
  2.6069E+02  9.6896E+11  9.3311E+13  1.0000E+09  9.4281E+13
  2.6261E+02  9.6919E+11  9.4341E+13  1.0000E+09  9.5311E+13
  2.6456E+02  9.6941E+11  9.5381E+13  1.0000E+09  9.6351E+13
  2.6651E+02  9.6963E+11  9.6430E+13  1.0000E+09  9.7400E+13
  2.6848E+02  9.6984E+11  9.7488E+13  1.0000E+09  9.8459E+13
  2.7046E+02  9.7006E+11  9.8556E+13  1.0000E+09  9.9527E+13
  2.7246E+02  9.7027E+11  9.9634E+13  1.0000E+09  1.0061E+14
  2.7447E+02  9.7049E+11  1.0072E+14  1.0000E+09  1.0169E+14
  2.7650E+02  9.7070E+11  1.0182E+14  1.0000E+09  1.0279E+14
  2.7854E+02  9.7091E+11  1.0293E+14  1.0000E+09  1.0390E+14
  2.8059E+02  9.7112E+11  1.0404E+14  1.0000E+09  1.0501E+14
  2.8266E+02  9.7132E+11  1.0517E+14  1.0000E+09  1.0614E+14
  2.8475E+02  9.7153E+11  1.0631E+14  1.0000E+09  1.0728E+14
  2.8685E+02  9.7173E+11  1.0745E+14  1.0000E+09  1.0843E+14
  2.8896E+02  9.7194E+11  1.0861E+14  1.0000E+09  1.0958E+14
  2.9109E+02  9.7214E+11  1.0978E+14  1.0000E+09  1.1075E+14
  2.9324E+02  9.7234E+11  1.1096E+14  1.0000E+09  1.1193E+14
  2.9540E+02  9.7253E+11  1.1214E+14  1.0000E+09  1.1312E+14
  2.9758E+02  9.7273E+11  1.1334E+14  1.0000E+09  1.1432E+14
  2.9977E+02  9.7293E+11  1.1455E+14  1.0000E+09  1.1552E+14
  3.0198E+02  9.7312E+11  1.1577E+14  1.0000E+09  1.1674E+14
  3.0420E+02  9.7331E+11  1.1700E+14  1.0000E+09  1.1797E+14
  3.0644E+02  9.7350E+11  1.1824E+14  1.0000E+09  1.1921E+14
  3.0870E+02  9.7369E+11  1.1949E+14  1.0000E+09  1.2047E+14
  3.1097E+02  9.7388E+11  1.2075E+14  1.0000E+09  1.2173E+14
  3.1326E+02  9.7407E+11  1.2202E+14  1.0000E+09  1.2300E+14
  3.1557E+02  9.7426E+11  1.2331E+14  1.0000E+09  1.2428E+14
  3.1789E+02  9.7444E+11  1.2460E+14  1.0000E+09  1.2558E+14
  3.2023E+02  9.7462E+11  1.2591E+14  1.0000E+09  1.2688E+14
  3.2258E+02  9.7481E+11  1.2722E+14  1.0000E+09  1.2820E+14
  3.2496E+02  9.7499E+11  1.2855E+14  1.0000E+09  1.2953E+14
  3.2735E+02  9.7517E+11  1.2989E+14  1.0000E+09  1.3087E+14
  3.2975E+02  9.7534E+11  1.3124E+14  1.0000E+09  1.3222E+14
  3.3218E+02  9.7552E+11  1.3260E+14  1.0000E+09  1.3358E+14
  3.3462E+02  9.7569E+11  1.3397E+14  1.0000E+09  1.3495E+14
  3.3708E+02  9.7587E+11  1.3536E+14  1.0000E+09  1.3633E+14
  3.3956E+02  9.7604E+11  1.3675E+14  1.0000E+09  1.3773E+14
  3.4205E+02  9.7621E+11  1.3816E+14  1.0000E+09  1.3913E+14
  3.4456E+02  9.7638E+11  1.3958E+14  1.0000E+09  1.4055E+14
  3.4709E+02  9.7655E+11  1.4101E+14  1.0000E+09  1.4198E+14
  3.4964E+02  9.7672E+11  1.4245E+14  1.0000E+09  1.4342E+14
  3.5221E+02  9.7689E+11  1.4390E+14  1.0000E+09  1.4488E+14
  3.5480E+02  9.7705E+11  1.4536E+14  1.0000E+09  1.4634E+14
  3.5740E+02  9.7722E+11  1.4684E+14  1.0000E+09  1.4782E+14
  3.6002E+02  9.7738E+11  1.4833E+14  1.0000E+09  1.4931E+14
  3.6267E+02  9.7754E+11  1.4983E+14  1.0000E+09  1.5081E+14
  3.6533E+02  9.7770E+11  1.5134E+14  1.0000E+09  1.5232E+14
  3.6801E+02  9.7786E+11  1.5287E+14  1.0000E+09  1.5384E+14
  3.7071E+02  9.7802E+11  1.5440E+14  1.0000E+09  1.5538E+14
  3.7343E+02  9.7818E+11  1.5595E+14  1.0000E+09  1.5693E+14
  3.7617E+02  9.7834E+11  1.5751E+14  1.0000E+09  1.5849E+14
  3.7892E+02  9.7849E+11  1.5909E+14  1.0000E+09  1.6006E+14
  3.8170E+02  9.7864E+11  1.6067E+14  1.0000E+09  1.6165E+14
  3.8450E+02  9.7880E+11  1.6227E+14  1.0000E+09  1.6325E+14
  3.8732E+02  9.7895E+11  1.6388E+14  1.0000E+09  1.6486E+14
  3.9016E+02  9.7910E+11  1.6550E+14  1.0000E+09  1.6648E+14
  3.9302E+02  9.7925E+11  1.6714E+14  1.0000E+09  1.6812E+14
  3.9590E+02  9.7940E+11  1.6878E+14  1.0000E+09  1.6976E+14
  3.9880E+02  9.7955E+11  1.7044E+14  1.0000E+09  1.7143E+14
  4.0172E+02  9.7969E+11  1.7212E+14  1.0000E+09  1.7310E+14
  4.0466E+02  9.7984E+11  1.7380E+14  1.0000E+09  1.7478E+14
  4.0762E+02  9.7998E+11  1.7550E+14  1.0000E+09  1.7648E+14
  4.1061E+02  9.8013E+11  1.7721E+14  1.0000E+09  1.7819E+14
  4.1362E+02  9.8027E+11  1.7894E+14  1.0000E+09  1.7992E+14
  4.1664E+02  9.8041E+11  1.8068E+14  1.0000E+09  1.8166E+14
  4.1969E+02  9.8055E+11  1.8243E+14  1.0000E+09  1.8341E+14
  4.2277E+02  9.8069E+11  1.8419E+14  1.0000E+09  1.8517E+14
  4.2586E+02  9.8083E+11  1.8597E+14  1.0000E+09  1.8695E+14
  4.2898E+02  9.8096E+11  1.8776E+14  1.0000E+09  1.8874E+14
  4.3211E+02  9.8110E+11  1.8956E+14  1.0000E+09  1.9054E+14
  4.3528E+02  9.8124E+11  1.9137E+14  1.0000E+09  1.9236E+14
  4.3846E+02  9.8137E+11  1.9320E+14  1.0000E+09  1.9419E+14
  4.4167E+02  9.8150E+11  1.9505E+14  1.0000E+09  1.9603E+14
  4.4490E+02  9.8164E+11  1.9690E+14  1.0000E+09  1.9788E+14
  4.4815E+02  9.8177E+11  1.9877E+14  1.0000E+09  1.9975E+14
  4.5143E+02  9.8190E+11  2.0065E+14  1.0000E+09  2.0164E+14
  4.5473E+02  9.8203E+11  2.0255E+14  1.0000E+09  2.0353E+14
  4.5805E+02  9.8216E+11  2.0446E+14  1.0000E+09  2.0544E+14
  4.6140E+02  9.8228E+11  2.0639E+14  1.0000E+09  2.0737E+14
  4.6477E+02  9.8241E+11  2.0832E+14  1.0000E+09  2.0931E+14
  4.6817E+02  9.8254E+11  2.1027E+14  1.0000E+09  2.1126E+14
  4.7159E+02  9.8266E+11  2.1224E+14  1.0000E+09  2.1322E+14
  4.7503E+02  9.8279E+11  2.1422E+14  1.0000E+09  2.1520E+14
  4.7850E+02  9.8291E+11  2.1621E+14  1.0000E+09  2.1719E+14
  4.8200E+02  9.8303E+11  2.1822E+14  1.0000E+09  2.1920E+14
  4.8552E+02  9.8315E+11  2.2024E+14  1.0000E+09  2.2122E+14
  4.8906E+02  9.8327E+11  2.2227E+14  1.0000E+09  2.2325E+14
  4.9264E+02  9.8339E+11  2.2432E+14  1.0000E+09  2.2530E+14
  4.9623E+02  9.8351E+11  2.2638E+14  1.0000E+09  2.2737E+14
  4.9986E+02  9.8363E+11  2.2846E+14  1.0000E+09  2.2944E+14
  5.0350E+02  9.8375E+11  2.3055E+14  1.0000E+09  2.3153E+14
  5.0718E+02  9.8386E+11  2.3265E+14  1.0000E+09  2.3364E+14
  5.1088E+02  9.8398E+11  2.3477E+14  1.0000E+09  2.3576E+14
  5.1461E+02  9.8409E+11  2.3691E+14  1.0000E+09  2.3789E+14
  5.1837E+02  9.8421E+11  2.3905E+14  1.0000E+09  2.4004E+14
  5.2215E+02  9.8432E+11  2.4122E+14  1.0000E+09  2.4220E+14
  5.2596E+02  9.8443E+11  2.4339E+14  1.0000E+09  2.4438E+14
  5.2979E+02  9.8454E+11  2.4558E+14  1.0000E+09  2.4657E+14
  5.3366E+02  9.8466E+11  2.4779E+14  1.0000E+09  2.4877E+14
  5.3755E+02  9.8477E+11  2.5001E+14  1.0000E+09  2.5099E+14
  5.4147E+02  9.8487E+11  2.5224E+14  1.0000E+09  2.5323E+14
  5.4542E+02  9.8498E+11  2.5449E+14  1.0000E+09  2.5548E+14
  5.4940E+02  9.8509E+11  2.5675E+14  1.0000E+09  2.5774E+14
  5.5340E+02  9.8520E+11  2.5903E+14  1.0000E+09  2.6002E+14
  5.5744E+02  9.8530E+11  2.6133E+14  1.0000E+09  2.6231E+14
  5.6150E+02  9.8541E+11  2.6363E+14  1.0000E+09  2.6462E+14
  5.6559E+02  9.8551E+11  2.6596E+14  1.0000E+09  2.6694E+14
  5.6972E+02  9.8562E+11  2.6829E+14  1.0000E+09  2.6928E+14
  5.7387E+02  9.8572E+11  2.7064E+14  1.0000E+09  2.7163E+14
  5.7805E+02  9.8582E+11  2.7301E+14  1.0000E+09  2.7400E+14
  5.8226E+02  9.8592E+11  2.7539E+14  1.0000E+09  2.7638E+14
  5.8650E+02  9.8602E+11  2.7779E+14  1.0000E+09  2.7878E+14
  5.9078E+02  9.8612E+11  2.8020E+14  1.0000E+09  2.8119E+14
  5.9508E+02  9.8622E+11  2.8263E+14  1.0000E+09  2.8361E+14
  5.9941E+02  9.8632E+11  2.8507E+14  1.0000E+09  2.8606E+14
  6.0378E+02  9.8642E+11  2.8752E+14  1.0000E+09  2.8851E+14
  6.0818E+02  9.8652E+11  2.9000E+14  1.0000E+09  2.9098E+14
  6.1261E+02  9.8661E+11  2.9248E+14  1.0000E+09  2.9347E+14
  6.1707E+02  9.8671E+11  2.9498E+14  1.0000E+09  2.9597E+14
  6.2156E+02  9.8680E+11  2.9750E+14  1.0000E+09  2.9849E+14
  6.2609E+02  9.8690E+11  3.0003E+14  1.0000E+09  3.0102E+14
  6.3064E+02  9.8699E+11  3.0258E+14  1.0000E+09  3.0357E+14
  6.3523E+02  9.8709E+11  3.0514E+14  1.0000E+09  3.0613E+14
  6.3986E+02  9.8718E+11  3.0772E+14  1.0000E+09  3.0871E+14
  6.4451E+02  9.8727E+11  3.1031E+14  1.0000E+09  3.1130E+14
  6.4920E+02  9.8736E+11  3.1292E+14  1.0000E+09  3.1391E+14
  6.5393E+02  9.8745E+11  3.1555E+14  1.0000E+09  3.1653E+14
  6.5869E+02  9.8754E+11  3.1818E+14  1.0000E+09  3.1917E+14
  6.6348E+02  9.8763E+11  3.2084E+14  1.0000E+09  3.2183E+14
  6.6831E+02  9.8772E+11  3.2351E+14  1.0000E+09  3.2450E+14
  6.7317E+02  9.8781E+11  3.2619E+14  1.0000E+09  3.2718E+14
  6.7807E+02  9.8789E+11  3.2889E+14  1.0000E+09  3.2988E+14
  6.8300E+02  9.8798E+11  3.3161E+14  1.0000E+09  3.3260E+14
  6.8797E+02  9.8807E+11  3.3434E+14  1.0000E+09  3.3533E+14
  6.9297E+02  9.8815E+11  3.3709E+14  1.0000E+09  3.3808E+14
  6.9801E+02  9.8824E+11  3.3985E+14  1.0000E+09  3.4084E+14
  7.0308E+02  9.8832E+11  3.4263E+14  1.0000E+09  3.4362E+14
  7.0820E+02  9.8840E+11  3.4542E+14  1.0000E+09  3.4641E+14
  7.1335E+02  9.8849E+11  3.4823E+14  1.0000E+09  3.4922E+14
  7.1853E+02  9.8857E+11  3.5106E+14  1.0000E+09  3.5205E+14
  7.2375E+02  9.8865E+11  3.5390E+14  1.0000E+09  3.5489E+14
  7.2902E+02  9.8873E+11  3.5675E+14  1.0000E+09  3.5774E+14
  7.3431E+02  9.8881E+11  3.5962E+14  1.0000E+09  3.6061E+14
  7.3965E+02  9.8889E+11  3.6251E+14  1.0000E+09  3.6350E+14
  7.4503E+02  9.8897E+11  3.6541E+14  1.0000E+09  3.6640E+14
  7.5044E+02  9.8905E+11  3.6833E+14  1.0000E+09  3.6932E+14
  7.5589E+02  9.8913E+11  3.7127E+14  1.0000E+09  3.7226E+14
  7.6139E+02  9.8921E+11  3.7422E+14  1.0000E+09  3.7521E+14
  7.6692E+02  9.8928E+11  3.7718E+14  1.0000E+09  3.7817E+14
  7.7249E+02  9.8936E+11  3.8016E+14  1.0000E+09  3.8115E+14
  7.7810E+02  9.8944E+11  3.8316E+14  1.0000E+09  3.8415E+14
  7.8375E+02  9.8951E+11  3.8617E+14  1.0000E+09  3.8716E+14
  7.8945E+02  9.8959E+11  3.8920E+14  1.0000E+09  3.9019E+14
  7.9518E+02  9.8966E+11  3.9225E+14  1.0000E+09  3.9324E+14
  8.0096E+02  9.8974E+11  3.9531E+14  1.0000E+09  3.9630E+14
  8.0677E+02  9.8981E+11  3.9838E+14  1.0000E+09  3.9937E+14
  8.1263E+02  9.8988E+11  4.0147E+14  1.0000E+09  4.0247E+14
  8.1853E+02  9.8996E+11  4.0458E+14  1.0000E+09  4.0557E+14
  8.2448E+02  9.9003E+11  4.0771E+14  1.0000E+09  4.0870E+14
  8.3046E+02  9.9010E+11  4.1084E+14  1.0000E+09  4.1184E+14
  8.3649E+02  9.9017E+11  4.1400E+14  1.0000E+09  4.1499E+14
  8.4257E+02  9.9024E+11  4.1717E+14  1.0000E+09  4.1816E+14
  8.4868E+02  9.9031E+11  4.2036E+14  1.0000E+09  4.2135E+14
  8.5484E+02  9.9038E+11  4.2356E+14  1.0000E+09  4.2455E+14
  8.6105E+02  9.9045E+11  4.2678E+14  1.0000E+09  4.2777E+14
  8.6730E+02  9.9052E+11  4.3001E+14  1.0000E+09  4.3100E+14
  8.7359E+02  9.9058E+11  4.3326E+14  1.0000E+09  4.3425E+14
  8.7993E+02  9.9065E+11  4.3653E+14  1.0000E+09  4.3752E+14
  8.8632E+02  9.9072E+11  4.3981E+14  1.0000E+09  4.4080E+14
  8.9275E+02  9.9078E+11  4.4310E+14  1.0000E+09  4.4410E+14
  8.9923E+02  9.9085E+11  4.4642E+14  1.0000E+09  4.4741E+14
  9.0575E+02  9.9092E+11  4.4975E+14  1.0000E+09  4.5074E+14
  9.1232E+02  9.9098E+11  4.5309E+14  1.0000E+09  4.5408E+14
  9.1894E+02  9.9105E+11  4.5645E+14  1.0000E+09  4.5744E+14
  9.2561E+02  9.9111E+11  4.5983E+14  1.0000E+09  4.6082E+14
  9.3232E+02  9.9117E+11  4.6322E+14  1.0000E+09  4.6421E+14
  9.3908E+02  9.9124E+11  4.6663E+14  1.0000E+09  4.6762E+14
  9.4590E+02  9.9130E+11  4.7005E+14  1.0000E+09  4.7104E+14
  9.5276E+02  9.9136E+11  4.7349E+14  1.0000E+09  4.7448E+14
  9.5967E+02  9.9142E+11  4.7695E+14  1.0000E+09  4.7794E+14
  9.6663E+02  9.9148E+11  4.8042E+14  1.0000E+09  4.8141E+14
  9.7364E+02  9.9155E+11  4.8390E+14  1.0000E+09  4.8490E+14
  9.8070E+02  9.9161E+11  4.8741E+14  1.0000E+09  4.8840E+14
  9.8781E+02  9.9167E+11  4.9093E+14  1.0000E+09  4.9192E+14
  9.9497E+02  9.9173E+11  4.9446E+14  1.0000E+09  4.9545E+14
  1.0022E+03  9.9178E+11  4.9801E+14  1.0000E+09  4.9900E+14
  1.0094E+03  9.9184E+11  5.0158E+14  1.0000E+09  5.0257E+14
  1.0168E+03  9.9190E+11  5.0516E+14  1.0000E+09  5.0615E+14
  1.0241E+03  9.9196E+11  5.0875E+14  1.0000E+09  5.0975E+14
  1.0316E+03  9.9202E+11  5.1237E+14  1.0000E+09  5.1336E+14
  1.0390E+03  9.9207E+11  5.1600E+14  1.0000E+09  5.1699E+14
  1.0466E+03  9.9213E+11  5.1964E+14  1.0000E+09  5.2063E+14
  1.0542E+03  9.9219E+11  5.2330E+14  1.0000E+09  5.2429E+14
  1.0618E+03  9.9224E+11  5.2698E+14  1.0000E+09  5.2797E+14
  1.0695E+03  9.9230E+11  5.3067E+14  1.0000E+09  5.3166E+14
  1.0772E+03  9.9235E+11  5.3437E+14  1.0000E+09  5.3537E+14
  1.0850E+03  9.9241E+11  5.3810E+14  1.0000E+09  5.3909E+14
  1.0929E+03  9.9246E+11  5.4183E+14  1.0000E+09  5.4283E+14
  1.1008E+03  9.9252E+11  5.4559E+14  1.0000E+09  5.4658E+14
  1.1088E+03  9.9257E+11  5.4936E+14  1.0000E+09  5.5035E+14
  1.1168E+03  9.9262E+11  5.5314E+14  1.0000E+09  5.5414E+14
  1.1249E+03  9.9268E+11  5.5694E+14  1.0000E+09  5.5794E+14
  1.1331E+03  9.9273E+11  5.6076E+14  1.0000E+09  5.6175E+14
  1.1413E+03  9.9278E+11  5.6459E+14  1.0000E+09  5.6558E+14
  1.1496E+03  9.9283E+11  5.6844E+14  1.0000E+09  5.6943E+14
  1.1579E+03  9.9288E+11  5.7230E+14  1.0000E+09  5.7329E+14
  1.1663E+03  9.9293E+11  5.7618E+14  1.0000E+09  5.7717E+14
  1.1747E+03  9.9298E+11  5.8007E+14  1.0000E+09  5.8106E+14
  1.1832E+03  9.9304E+11  5.8398E+14  1.0000E+09  5.8497E+14
  1.1918E+03  9.9308E+11  5.8790E+14  1.0000E+09  5.8890E+14
  1.2004E+03  9.9313E+11  5.9184E+14  1.0000E+09  5.9284E+14
  1.2091E+03  9.9318E+11  5.9580E+14  1.0000E+09  5.9679E+14
  1.2179E+03  9.9323E+11  5.9977E+14  1.0000E+09  6.0076E+14
  1.2267E+03  9.9328E+11  6.0375E+14  1.0000E+09  6.0475E+14
  1.2356E+03  9.9333E+11  6.0775E+14  1.0000E+09  6.0875E+14
  1.2445E+03  9.9338E+11  6.1177E+14  1.0000E+09  6.1277E+14
  1.2535E+03  9.9342E+11  6.1580E+14  1.0000E+09  6.1680E+14
  1.2626E+03  9.9347E+11  6.1985E+14  1.0000E+09  6.2084E+14
  1.2717E+03  9.9352E+11  6.2391E+14  1.0000E+09  6.2491E+14
  1.2809E+03  9.9356E+11  6.2799E+14  1.0000E+09  6.2898E+14
  1.2902E+03  9.9361E+11  6.3208E+14  1.0000E+09  6.3307E+14
  1.2996E+03  9.9366E+11  6.3619E+14  1.0000E+09  6.3718E+14
  1.3090E+03  9.9370E+11  6.4031E+14  1.0000E+09  6.4130E+14
  1.3184E+03  9.9375E+11  6.4445E+14  1.0000E+09  6.4544E+14
  1.3280E+03  9.9379E+11  6.4860E+14  1.0000E+09  6.4959E+14
  1.3376E+03  9.9384E+11  6.5277E+14  1.0000E+09  6.5376E+14
  1.3473E+03  9.9388E+11  6.5695E+14  1.0000E+09  6.5794E+14
  1.3570E+03  9.9392E+11  6.6115E+14  1.0000E+09  6.6214E+14
  1.3668E+03  9.9397E+11  6.6536E+14  1.0000E+09  6.6635E+14
  1.3767E+03  9.9401E+11  6.6959E+14  1.0000E+09  6.7058E+14
  1.3867E+03  9.9405E+11  6.7383E+14  1.0000E+09  6.7482E+14
  1.3967E+03  9.9410E+11  6.7809E+14  1.0000E+09  6.7908E+14
  1.4068E+03  9.9414E+11  6.8236E+14  1.0000E+09  6.8335E+14
  1.4170E+03  9.9418E+11  6.8664E+14  1.0000E+09  6.8764E+14
  1.4273E+03  9.9422E+11  6.9095E+14  1.0000E+09  6.9194E+14
  1.4376E+03  9.9426E+11  6.9526E+14  1.0000E+09  6.9626E+14
  1.4480E+03  9.9430E+11  6.9959E+14  1.0000E+09  7.0059E+14
  1.4585E+03  9.9434E+11  7.0394E+14  1.0000E+09  7.0493E+14
  1.4690E+03  9.9438E+11  7.0830E+14  1.0000E+09  7.0929E+14
  1.4797E+03  9.9442E+11  7.1267E+14  1.0000E+09  7.1367E+14
  1.4904E+03  9.9446E+11  7.1706E+14  1.0000E+09  7.1806E+14
  1.5011E+03  9.9450E+11  7.2147E+14  1.0000E+09  7.2246E+14
  1.5120E+03  9.9454E+11  7.2589E+14  1.0000E+09  7.2688E+14
  1.5229E+03  9.9458E+11  7.3032E+14  1.0000E+09  7.3131E+14
  1.5340E+03  9.9462E+11  7.3477E+14  1.0000E+09  7.3576E+14
  1.5450E+03  9.9466E+11  7.3923E+14  1.0000E+09  7.4022E+14
  1.5562E+03  9.9470E+11  7.4370E+14  1.0000E+09  7.4470E+14
  1.5675E+03  9.9474E+11  7.4819E+14  1.0000E+09  7.4919E+14
  1.5788E+03  9.9477E+11  7.5270E+14  1.0000E+09  7.5369E+14
  1.5902E+03  9.9481E+11  7.5722E+14  1.0000E+09  7.5821E+14
  1.6017E+03  9.9485E+11  7.6175E+14  1.0000E+09  7.6275E+14
  1.6133E+03  9.9488E+11  7.6630E+14  1.0000E+09  7.6729E+14
  1.6250E+03  9.9492E+11  7.7086E+14  1.0000E+09  7.7186E+14
  1.6367E+03  9.9496E+11  7.7544E+14  1.0000E+09  7.7643E+14
  1.6486E+03  9.9499E+11  7.8003E+14  1.0000E+09  7.8102E+14
  1.6605E+03  9.9503E+11  7.8463E+14  1.0000E+09  7.8563E+14
  1.6725E+03  9.9507E+11  7.8925E+14  1.0000E+09  7.9024E+14
  1.6846E+03  9.9510E+11  7.9388E+14  1.0000E+09  7.9488E+14
  1.6968E+03  9.9514E+11  7.9853E+14  1.0000E+09  7.9952E+14
  1.7090E+03  9.9517E+11  8.0319E+14  1.0000E+09  8.0418E+14
  1.7214E+03  9.9520E+11  8.0786E+14  1.0000E+09  8.0886E+14
  1.7338E+03  9.9524E+11  8.1255E+14  1.0000E+09  8.1354E+14
  1.7464E+03  9.9527E+11  8.1725E+14  1.0000E+09  8.1824E+14
  1.7590E+03  9.9531E+11  8.2196E+14  1.0000E+09  8.2296E+14
  1.7717E+03  9.9534E+11  8.2669E+14  1.0000E+09  8.2769E+14
  1.7845E+03  9.9537E+11  8.3143E+14  1.0000E+09  8.3243E+14
  1.7974E+03  9.9541E+11  8.3619E+14  1.0000E+09  8.3719E+14
  1.8104E+03  9.9544E+11  8.4096E+14  1.0000E+09  8.4196E+14
  1.8235E+03  9.9547E+11  8.4574E+14  1.0000E+09  8.4674E+14
  1.8367E+03  9.9550E+11  8.5054E+14  1.0000E+09  8.5154E+14
  1.8499E+03  9.9554E+11  8.5535E+14  1.0000E+09  8.5635E+14
  1.8633E+03  9.9557E+11  8.6017E+14  1.0000E+09  8.6117E+14
  1.8768E+03  9.9560E+11  8.6501E+14  1.0000E+09  8.6601E+14
  1.8903E+03  9.9563E+11  8.6986E+14  1.0000E+09  8.7086E+14
  1.9040E+03  9.9566E+11  8.7472E+14  1.0000E+09  8.7572E+14
  1.9177E+03  9.9569E+11  8.7960E+14  1.0000E+09  8.8060E+14
  1.9316E+03  9.9572E+11  8.8449E+14  1.0000E+09  8.8549E+14
  1.9456E+03  9.9576E+11  8.8939E+14  1.0000E+09  8.9039E+14
  1.9596E+03  9.9579E+11  8.9431E+14  1.0000E+09  8.9531E+14
  1.9738E+03  9.9582E+11  8.9924E+14  1.0000E+09  9.0024E+14
  1.9880E+03  9.9585E+11  9.0418E+14  1.0000E+09  9.0518E+14
  2.0024E+03  9.9588E+11  9.0914E+14  1.0000E+09  9.1014E+14
  2.0169E+03  9.9591E+11  9.1411E+14  1.0000E+09  9.1511E+14
  2.0314E+03  9.9593E+11  9.1909E+14  1.0000E+09  9.2009E+14
  2.0461E+03  9.9596E+11  9.2408E+14  1.0000E+09  9.2508E+14
  2.0609E+03  9.9599E+11  9.2909E+14  1.0000E+09  9.3009E+14
  2.0758E+03  9.9602E+11  9.3411E+14  1.0000E+09  9.3511E+14
  2.0908E+03  9.9605E+11  9.3914E+14  1.0000E+09  9.4014E+14
  2.1059E+03  9.9608E+11  9.4419E+14  1.0000E+09  9.4519E+14
  2.1211E+03  9.9611E+11  9.4925E+14  1.0000E+09  9.5025E+14
  2.1364E+03  9.9613E+11  9.5432E+14  1.0000E+09  9.5532E+14
  2.1519E+03  9.9616E+11  9.5940E+14  1.0000E+09  9.6040E+14
  2.1674E+03  9.9619E+11  9.6450E+14  1.0000E+09  9.6550E+14
  2.1831E+03  9.9622E+11  9.6961E+14  1.0000E+09  9.7061E+14
  2.1988E+03  9.9624E+11  9.7473E+14  1.0000E+09  9.7573E+14
  2.2147E+03  9.9627E+11  9.7986E+14  1.0000E+09  9.8086E+14
  2.2307E+03  9.9630E+11  9.8501E+14  1.0000E+09  9.8601E+14
  2.2468E+03  9.9632E+11  9.9017E+14  1.0000E+09  9.9116E+14
  2.2630E+03  9.9635E+11  9.9534E+14  1.0000E+09  9.9633E+14
  2.2794E+03  9.9638E+11  1.0005E+15  1.0000E+09  1.0015E+15
  2.2958E+03  9.9640E+11  1.0057E+15  1.0000E+09  1.0067E+15
  2.3124E+03  9.9643E+11  1.0109E+15  1.0000E+09  1.0119E+15
  2.3291E+03  9.9645E+11  1.0161E+15  1.0000E+09  1.0171E+15
  2.3459E+03  9.9648E+11  1.0214E+15  1.0000E+09  1.0224E+15
  2.3629E+03  9.9650E+11  1.0266E+15  1.0000E+09  1.0276E+15
  2.3799E+03  9.9653E+11  1.0319E+15  1.0000E+09  1.0329E+15
  2.3971E+03  9.9655E+11  1.0371E+15  1.0000E+09  1.0381E+15
  2.4144E+03  9.9658E+11  1.0424E+15  1.0000E+09  1.0434E+15
  2.4319E+03  9.9660E+11  1.0477E+15  1.0000E+09  1.0487E+15
  2.4494E+03  9.9663E+11  1.0530E+15  1.0000E+09  1.0540E+15
  2.4671E+03  9.9665E+11  1.0583E+15  1.0000E+09  1.0593E+15
  2.4849E+03  9.9667E+11  1.0637E+15  1.0000E+09  1.0646E+15
  2.5029E+03  9.9670E+11  1.0690E+15  1.0000E+09  1.0700E+15
  2.5209E+03  9.9672E+11  1.0743E+15  1.0000E+09  1.0753E+15
  2.5391E+03  9.9675E+11  1.0797E+15  1.0000E+09  1.0807E+15
  2.5575E+03  9.9677E+11  1.0851E+15  1.0000E+09  1.0861E+15
  2.5759E+03  9.9679E+11  1.0905E+15  1.0000E+09  1.0915E+15
  2.5945E+03  9.9681E+11  1.0958E+15  1.0000E+09  1.0968E+15
  2.6133E+03  9.9684E+11  1.1013E+15  1.0000E+09  1.1023E+15
  2.6321E+03  9.9686E+11  1.1067E+15  1.0000E+09  1.1077E+15
  2.6511E+03  9.9688E+11  1.1121E+15  1.0000E+09  1.1131E+15
  2.6703E+03  9.9690E+11  1.1175E+15  1.0000E+09  1.1185E+15
  2.6895E+03  9.9693E+11  1.1230E+15  1.0000E+09  1.1240E+15
  2.7090E+03  9.9695E+11  1.1285E+15  1.0000E+09  1.1295E+15
  2.7285E+03  9.9697E+11  1.1339E+15  1.0000E+09  1.1349E+15
  2.7482E+03  9.9699E+11  1.1394E+15  1.0000E+09  1.1404E+15
  2.7680E+03  9.9701E+11  1.1449E+15  1.0000E+09  1.1459E+15
  2.7880E+03  9.9704E+11  1.1504E+15  1.0000E+09  1.1514E+15
  2.8082E+03  9.9706E+11  1.1559E+15  1.0000E+09  1.1569E+15
  2.8284E+03  9.9708E+11  1.1615E+15  1.0000E+09  1.1625E+15
  2.8488E+03  9.9710E+11  1.1670E+15  1.0000E+09  1.1680E+15
  2.8694E+03  9.9712E+11  1.1726E+15  1.0000E+09  1.1736E+15
  2.8901E+03  9.9714E+11  1.1781E+15  1.0000E+09  1.1791E+15
  2.9110E+03  9.9716E+11  1.1837E+15  1.0000E+09  1.1847E+15
  2.9320E+03  9.9718E+11  1.1893E+15  1.0000E+09  1.1903E+15
  2.9531E+03  9.9720E+11  1.1949E+15  1.0000E+09  1.1959E+15
  2.9744E+03  9.9722E+11  1.2005E+15  1.0000E+09  1.2015E+15
  2.9959E+03  9.9724E+11  1.2061E+15  1.0000E+09  1.2071E+15
  3.0175E+03  9.9726E+11  1.2117E+15  1.0000E+09  1.2127E+15
  3.0393E+03  9.9728E+11  1.2173E+15  1.0000E+09  1.2183E+15
  3.0612E+03  9.9730E+11  1.2230E+15  1.0000E+09  1.2240E+15
  3.0833E+03  9.9732E+11  1.2286E+15  1.0000E+09  1.2296E+15
  3.1056E+03  9.9734E+11  1.2343E+15  1.0000E+09  1.2353E+15
  3.1280E+03  9.9736E+11  1.2400E+15  1.0000E+09  1.2410E+15
  3.1506E+03  9.9738E+11  1.2457E+15  1.0000E+09  1.2467E+15
  3.1733E+03  9.9739E+11  1.2514E+15  1.0000E+09  1.2524E+15
  3.1962E+03  9.9741E+11  1.2571E+15  1.0000E+09  1.2581E+15
  3.2193E+03  9.9743E+11  1.2628E+15  1.0000E+09  1.2638E+15
  3.2425E+03  9.9745E+11  1.2685E+15  1.0000E+09  1.2695E+15
  3.2659E+03  9.9747E+11  1.2743E+15  1.0000E+09  1.2752E+15
  3.2895E+03  9.9749E+11  1.2800E+15  1.0000E+09  1.2810E+15
  3.3132E+03  9.9750E+11  1.2858E+15  1.0000E+09  1.2868E+15
  3.3371E+03  9.9752E+11  1.2915E+15  1.0000E+09  1.2925E+15
  3.3612E+03  9.9754E+11  1.2973E+15  1.0000E+09  1.2983E+15
  3.3854E+03  9.9756E+11  1.3031E+15  1.0000E+09  1.3041E+15
  3.4098E+03  9.9757E+11  1.3089E+15  1.0000E+09  1.3099E+15
  3.4344E+03  9.9759E+11  1.3147E+15  1.0000E+09  1.3157E+15
  3.4592E+03  9.9761E+11  1.3205E+15  1.0000E+09  1.3215E+15
  3.4842E+03  9.9763E+11  1.3263E+15  1.0000E+09  1.3273E+15
  3.5093E+03  9.9764E+11  1.3322E+15  1.0000E+09  1.3332E+15
  3.5346E+03  9.9766E+11  1.3380E+15  1.0000E+09  1.3390E+15
  3.5601E+03  9.9768E+11  1.3438E+15  1.0000E+09  1.3448E+15
  3.5858E+03  9.9769E+11  1.3497E+15  1.0000E+09  1.3507E+15
  3.6117E+03  9.9771E+11  1.3556E+15  1.0000E+09  1.3566E+15
  3.6377E+03  9.9773E+11  1.3615E+15  1.0000E+09  1.3625E+15
  3.6640E+03  9.9774E+11  1.3673E+15  1.0000E+09  1.3683E+15
  3.6904E+03  9.9776E+11  1.3732E+15  1.0000E+09  1.3742E+15
  3.7170E+03  9.9777E+11  1.3792E+15  1.0000E+09  1.3802E+15
  3.7438E+03  9.9779E+11  1.3851E+15  1.0000E+09  1.3861E+15
  3.7708E+03  9.9781E+11  1.3910E+15  1.0000E+09  1.3920E+15
  3.7980E+03  9.9782E+11  1.3969E+15  1.0000E+09  1.3979E+15
  3.8254E+03  9.9784E+11  1.4029E+15  1.0000E+09  1.4039E+15
  3.8530E+03  9.9785E+11  1.4088E+15  1.0000E+09  1.4098E+15
  3.8808E+03  9.9787E+11  1.4148E+15  1.0000E+09  1.4158E+15
  3.9088E+03  9.9788E+11  1.4208E+15  1.0000E+09  1.4218E+15
  3.9370E+03  9.9790E+11  1.4267E+15  1.0000E+09  1.4277E+15
  3.9654E+03  9.9791E+11  1.4327E+15  1.0000E+09  1.4337E+15
  3.9940E+03  9.9793E+11  1.4387E+15  1.0000E+09  1.4397E+15
  4.0228E+03  9.9794E+11  1.4447E+15  1.0000E+09  1.4457E+15
  4.0518E+03  9.9796E+11  1.4507E+15  1.0000E+09  1.4517E+15
  4.0811E+03  9.9797E+11  1.4568E+15  1.0000E+09  1.4578E+15
  4.1105E+03  9.9799E+11  1.4628E+15  1.0000E+09  1.4638E+15
  4.1401E+03  9.9800E+11  1.4688E+15  1.0000E+09  1.4698E+15
  4.1700E+03  9.9802E+11  1.4749E+15  1.0000E+09  1.4759E+15
  4.2001E+03  9.9803E+11  1.4809E+15  1.0000E+09  1.4819E+15
  4.2304E+03  9.9804E+11  1.4870E+15  1.0000E+09  1.4880E+15
  4.2609E+03  9.9806E+11  1.4931E+15  1.0000E+09  1.4941E+15
  4.2916E+03  9.9807E+11  1.4992E+15  1.0000E+09  1.5002E+15
  4.3225E+03  9.9809E+11  1.5052E+15  1.0000E+09  1.5062E+15
  4.3537E+03  9.9810E+11  1.5113E+15  1.0000E+09  1.5123E+15
  4.3851E+03  9.9811E+11  1.5175E+15  1.0000E+09  1.5185E+15
  4.4167E+03  9.9813E+11  1.5236E+15  1.0000E+09  1.5246E+15
  4.4486E+03  9.9814E+11  1.5297E+15  1.0000E+09  1.5307E+15
  4.4807E+03  9.9815E+11  1.5358E+15  1.0000E+09  1.5368E+15
  4.5130E+03  9.9817E+11  1.5420E+15  1.0000E+09  1.5430E+15
  4.5455E+03  9.9818E+11  1.5481E+15  1.0000E+09  1.5491E+15
  4.5783E+03  9.9819E+11  1.5543E+15  1.0000E+09  1.5553E+15
  4.6113E+03  9.9821E+11  1.5604E+15  1.0000E+09  1.5614E+15
  4.6446E+03  9.9822E+11  1.5666E+15  1.0000E+09  1.5676E+15
  4.6781E+03  9.9823E+11  1.5728E+15  1.0000E+09  1.5738E+15
  4.7118E+03  9.9824E+11  1.5789E+15  1.0000E+09  1.5799E+15
  4.7458E+03  9.9826E+11  1.5851E+15  1.0000E+09  1.5861E+15
  4.7800E+03  9.9827E+11  1.5913E+15  1.0000E+09  1.5923E+15
  4.8144E+03  9.9828E+11  1.5975E+15  1.0000E+09  1.5985E+15
  4.8492E+03  9.9829E+11  1.6038E+15  1.0000E+09  1.6048E+15
  4.8841E+03  9.9831E+11  1.6100E+15  1.0000E+09  1.6110E+15
  4.9193E+03  9.9832E+11  1.6162E+15  1.0000E+09  1.6172E+15
  4.9548E+03  9.9833E+11  1.6225E+15  1.0000E+09  1.6235E+15
  4.9905E+03  9.9834E+11  1.6287E+15  1.0000E+09  1.6297E+15
  5.0265E+03  9.9835E+11  1.6350E+15  1.0000E+09  1.6360E+15
  5.0628E+03  9.9837E+11  1.6412E+15  1.0000E+09  1.6422E+15
  5.0993E+03  9.9838E+11  1.6475E+15  1.0000E+09  1.6485E+15
  5.1360E+03  9.9839E+11  1.6538E+15  1.0000E+09  1.6548E+15
  5.1731E+03  9.9840E+11  1.6600E+15  1.0000E+09  1.6610E+15
  5.2103E+03  9.9841E+11  1.6663E+15  1.0000E+09  1.6673E+15
  5.2479E+03  9.9842E+11  1.6726E+15  1.0000E+09  1.6736E+15
  5.2857E+03  9.9843E+11  1.6789E+15  1.0000E+09  1.6799E+15
  5.3239E+03  9.9845E+11  1.6852E+15  1.0000E+09  1.6862E+15
  5.3622E+03  9.9846E+11  1.6916E+15  1.0000E+09  1.6926E+15
  5.4009E+03  9.9847E+11  1.6979E+15  1.0000E+09  1.6989E+15
  5.4398E+03  9.9848E+11  1.7042E+15  1.0000E+09  1.7052E+15
  5.4790E+03  9.9849E+11  1.7105E+15  1.0000E+09  1.7115E+15
  5.5185E+03  9.9850E+11  1.7169E+15  1.0000E+09  1.7179E+15
  5.5583E+03  9.9851E+11  1.7232E+15  1.0000E+09  1.7242E+15
  5.5984E+03  9.9852E+11  1.7296E+15  1.0000E+09  1.7306E+15
  5.6388E+03  9.9853E+11  1.7360E+15  1.0000E+09  1.7370E+15
  5.6794E+03  9.9854E+11  1.7423E+15  1.0000E+09  1.7433E+15
  5.7204E+03  9.9855E+11  1.7487E+15  1.0000E+09  1.7497E+15
  5.7616E+03  9.9856E+11  1.7551E+15  1.0000E+09  1.7561E+15
  5.8031E+03  9.9857E+11  1.7615E+15  1.0000E+09  1.7625E+15
  5.8450E+03  9.9858E+11  1.7679E+15  1.0000E+09  1.7689E+15
  5.8871E+03  9.9859E+11  1.7743E+15  1.0000E+09  1.7753E+15
  5.9295E+03  9.9860E+11  1.7807E+15  1.0000E+09  1.7817E+15
  5.9723E+03  9.9861E+11  1.7871E+15  1.0000E+09  1.7881E+15
  6.0153E+03  9.9862E+11  1.7935E+15  1.0000E+09  1.7945E+15
  6.0587E+03  9.9863E+11  1.8000E+15  1.0000E+09  1.8010E+15
  6.1024E+03  9.9864E+11  1.8064E+15  1.0000E+09  1.8074E+15
  6.1463E+03  9.9865E+11  1.8129E+15  1.0000E+09  1.8139E+15
  6.1906E+03  9.9866E+11  1.8193E+15  1.0000E+09  1.8203E+15
  6.2353E+03  9.9867E+11  1.8258E+15  1.0000E+09  1.8268E+15
  6.2802E+03  9.9868E+11  1.8322E+15  1.0000E+09  1.8332E+15
  6.3255E+03  9.9869E+11  1.8387E+15  1.0000E+09  1.8397E+15
  6.3711E+03  9.9870E+11  1.8452E+15  1.0000E+09  1.8462E+15
  6.4170E+03  9.9871E+11  1.8516E+15  1.0000E+09  1.8526E+15
  6.4632E+03  9.9872E+11  1.8581E+15  1.0000E+09  1.8591E+15
  6.5098E+03  9.9873E+11  1.8646E+15  1.0000E+09  1.8656E+15
  6.5567E+03  9.9874E+11  1.8711E+15  1.0000E+09  1.8721E+15
  6.6040E+03  9.9875E+11  1.8776E+15  1.0000E+09  1.8786E+15
  6.6516E+03  9.9876E+11  1.8841E+15  1.0000E+09  1.8851E+15
  6.6995E+03  9.9876E+11  1.8906E+15  1.0000E+09  1.8916E+15
  6.7478E+03  9.9877E+11  1.8972E+15  1.0000E+09  1.8982E+15
  6.7965E+03  9.9878E+11  1.9037E+15  1.0000E+09  1.9047E+15
  6.8455E+03  9.9879E+11  1.9102E+15  1.0000E+09  1.9112E+15
  6.8948E+03  9.9880E+11  1.9168E+15  1.0000E+09  1.9178E+15
  6.9445E+03  9.9881E+11  1.9233E+15  1.0000E+09  1.9243E+15
  6.9945E+03  9.9882E+11  1.9299E+15  1.0000E+09  1.9309E+15
  7.0449E+03  9.9883E+11  1.9364E+15  1.0000E+09  1.9374E+15
  7.0957E+03  9.9883E+11  1.9430E+15  1.0000E+09  1.9440E+15
  7.1469E+03  9.9884E+11  1.9495E+15  1.0000E+09  1.9505E+15
  7.1984E+03  9.9885E+11  1.9561E+15  1.0000E+09  1.9571E+15
  7.2502E+03  9.9886E+11  1.9627E+15  1.0000E+09  1.9637E+15
  7.3025E+03  9.9887E+11  1.9693E+15  1.0000E+09  1.9703E+15
  7.3551E+03  9.9887E+11  1.9759E+15  1.0000E+09  1.9769E+15
  7.4081E+03  9.9888E+11  1.9825E+15  1.0000E+09  1.9835E+15
  7.4615E+03  9.9889E+11  1.9891E+15  1.0000E+09  1.9901E+15
  7.5153E+03  9.9890E+11  1.9957E+15  1.0000E+09  1.9967E+15
  7.5695E+03  9.9891E+11  2.0023E+15  1.0000E+09  2.0033E+15
  7.6240E+03  9.9891E+11  2.0089E+15  1.0000E+09  2.0099E+15
  7.6789E+03  9.9892E+11  2.0155E+15  1.0000E+09  2.0165E+15
  7.7343E+03  9.9893E+11  2.0221E+15  1.0000E+09  2.0231E+15
  7.7900E+03  9.9894E+11  2.0288E+15  1.0000E+09  2.0298E+15
  7.8462E+03  9.9894E+11  2.0354E+15  1.0000E+09  2.0364E+15
  7.9027E+03  9.9895E+11  2.0421E+15  1.0000E+09  2.0431E+15
  7.9596E+03  9.9896E+11  2.0487E+15  1.0000E+09  2.0497E+15
  8.0170E+03  9.9897E+11  2.0554E+15  1.0000E+09  2.0564E+15
  8.0748E+03  9.9897E+11  2.0620E+15  1.0000E+09  2.0630E+15
  8.1330E+03  9.9898E+11  2.0687E+15  1.0000E+09  2.0697E+15
  8.1916E+03  9.9899E+11  2.0753E+15  1.0000E+09  2.0763E+15
  8.2506E+03  9.9900E+11  2.0820E+15  1.0000E+09  2.0830E+15
  8.3101E+03  9.9900E+11  2.0887E+15  1.0000E+09  2.0897E+15
  8.3699E+03  9.9901E+11  2.0954E+15  1.0000E+09  2.0964E+15
  8.4303E+03  9.9902E+11  2.1021E+15  1.0000E+09  2.1031E+15
  8.4910E+03  9.9903E+11  2.1087E+15  1.0000E+09  2.1097E+15
  8.5522E+03  9.9903E+11  2.1154E+15  1.0000E+09  2.1164E+15
  8.6138E+03  9.9904E+11  2.1221E+15  1.0000E+09  2.1231E+15
  8.6759E+03  9.9905E+11  2.1288E+15  1.0000E+09  2.1298E+15
  8.7384E+03  9.9905E+11  2.1356E+15  1.0000E+09  2.1366E+15
  8.8014E+03  9.9906E+11  2.1423E+15  1.0000E+09  2.1433E+15
  8.8648E+03  9.9907E+11  2.1490E+15  1.0000E+09  2.1500E+15
  8.9287E+03  9.9907E+11  2.1557E+15  1.0000E+09  2.1567E+15
  8.9930E+03  9.9908E+11  2.1624E+15  1.0000E+09  2.1634E+15
