  1.0017E-02  2.2257E+14  0.0000E+00  3.2264E+00  3.0605E+00
  2.0015E-02  2.2257E+14  0.0000E+00  3.2293E+00  3.0633E+00
  3.0028E-02  2.2257E+14  1.5824E+06  3.2400E+00  3.0741E+00
  4.0033E-02  2.2257E+14  2.0253E+07  3.2598E+00  3.0939E+00
  5.0023E-02  2.2257E+14  1.4561E+08  3.2865E+00  3.1205E+00
  6.0037E-02  2.2257E+14  3.8805E+08  3.3226E+00  3.1566E+00
  7.0033E-02  2.2257E+14  8.2647E+08  3.3584E+00  3.1925E+00
  8.0016E-02  2.2257E+14  1.4457E+09  3.4037E+00  3.2378E+00
  9.0009E-02  2.2257E+14  2.3396E+09  3.4586E+00  3.2926E+00
  1.0001E-01  2.2257E+14  3.4840E+09  3.4952E+00  3.3293E+00
  1.1000E-01  2.2257E+14  4.9515E+09  3.5491E+00  3.3832E+00
  1.2001E-01  2.2257E+14  6.8244E+09  3.6143E+00  3.4484E+00
  1.3003E-01  2.2257E+14  9.0737E+09  3.6496E+00  3.4837E+00
  1.4002E-01  2.2256E+14  1.1774E+10  3.7121E+00  3.5462E+00
  1.5000E-01  2.2256E+14  1.5000E+10  3.7857E+00  3.6197E+00
  1.6002E-01  2.2256E+14  1.8734E+10  3.8152E+00  3.6493E+00
  1.7000E-01  2.2255E+14  2.3062E+10  3.8898E+00  3.7239E+00
  1.8000E-01  2.2255E+14  2.7943E+10  3.9177E+00  3.7518E+00
  1.9001E-01  2.2254E+14  3.3489E+10  3.9920E+00  3.8261E+00
  2.0003E-01  2.2254E+14  3.9612E+10  4.0134E+00  3.8475E+00
  2.1002E-01  2.2253E+14  4.6404E+10  4.0838E+00  3.9179E+00
  2.2002E-01  2.2252E+14  5.3760E+10  4.0979E+00  3.9320E+00
  2.3001E-01  2.2251E+14  6.1718E+10  4.1524E+00  3.9864E+00
  2.4000E-01  2.2251E+14  7.0329E+10  4.2175E+00  4.0516E+00
  2.5001E-01  2.2250E+14  7.9441E+10  4.2126E+00  4.0467E+00
  2.6001E-01  2.2249E+14  8.9078E+10  4.2561E+00  4.0902E+00
  2.7001E-01  2.2248E+14  9.9303E+10  4.3097E+00  4.1438E+00
  2.8000E-01  2.2247E+14  1.0988E+11  4.2899E+00  4.1240E+00
  2.9002E-01  2.2245E+14  1.2092E+11  4.3191E+00  4.1532E+00
  3.0001E-01  2.2244E+14  1.3231E+11  4.3459E+00  4.1800E+00
  3.1002E-01  2.2243E+14  1.4406E+11  4.3717E+00  4.2058E+00
  3.2001E-01  2.2242E+14  1.5619E+11  4.4048E+00  4.2389E+00
  3.3001E-01  2.2241E+14  1.6851E+11  4.4237E+00  4.2578E+00
  3.4002E-01  2.2240E+14  1.8107E+11  4.3723E+00  4.2064E+00
  3.5001E-01  2.2238E+14  1.9380E+11  4.3808E+00  4.2149E+00
  3.6000E-01  2.2237E+14  2.0670E+11  4.3868E+00  4.2209E+00
  3.7002E-01  2.2236E+14  2.1977E+11  4.3906E+00  4.2247E+00
  3.8002E-01  2.2234E+14  2.3295E+11  4.3923E+00  4.2264E+00
  3.9002E-01  2.2233E+14  2.4620E+11  4.3921E+00  4.2262E+00
  4.0001E-01  2.2232E+14  2.5951E+11  4.3901E+00  4.2242E+00
  4.1000E-01  2.2230E+14  2.7287E+11  4.3865E+00  4.2207E+00
  4.2002E-01  2.2229E+14  2.8629E+11  4.3815E+00  4.2156E+00
  4.3000E-01  2.2228E+14  2.9968E+11  4.3752E+00  4.2093E+00
  4.4002E-01  2.2226E+14  3.1311E+11  4.3677E+00  4.2019E+00
  4.5000E-01  2.2225E+14  3.2649E+11  4.3593E+00  4.1934E+00
  4.6002E-01  2.2224E+14  3.3989E+11  4.3500E+00  4.1841E+00
  4.7001E-01  2.2222E+14  3.5322E+11  4.3399E+00  4.1741E+00
  4.8000E-01  2.2221E+14  3.6651E+11  4.3293E+00  4.1635E+00
  4.9000E-01  2.2220E+14  3.7975E+11  4.3182E+00  4.1524E+00
  5.0000E-01  2.2219E+14  3.9294E+11  4.3067E+00  4.1408E+00
  5.1001E-01  2.2217E+14  4.0608E+11  4.2949E+00  4.1290E+00
  5.2002E-01  2.2216E+14  4.1915E+11  4.2828E+00  4.1169E+00
  5.3001E-01  2.2215E+14  4.3212E+11  4.2706E+00  4.1047E+00
  5.4000E-01  2.2213E+14  4.4503E+11  4.2582E+00  4.0924E+00
  5.5003E-01  2.2212E+14  4.5790E+11  4.2458E+00  4.0800E+00
  5.6003E-01  2.2211E+14  4.7067E+11  4.2334E+00  4.0676E+00
  5.7002E-01  2.2210E+14  4.8333E+11  4.2210E+00  4.0552E+00
  5.8002E-01  2.2208E+14  4.9594E+11  4.2086E+00  4.0428E+00
  5.9002E-01  2.2207E+14  5.0845E+11  4.2608E+00  4.0951E+00
  6.0003E-01  2.2206E+14  5.2090E+11  4.2467E+00  4.0809E+00
  6.1002E-01  2.2205E+14  5.3325E+11  4.2327E+00  4.0669E+00
  6.2001E-01  2.2203E+14  5.4550E+11  4.2189E+00  4.0531E+00
  6.3002E-01  2.2202E+14  5.5769E+11  4.2052E+00  4.0394E+00
  6.4002E-01  2.2201E+14  5.6979E+11  4.1917E+00  4.0260E+00
  6.5000E-01  2.2200E+14  5.8179E+11  4.1785E+00  4.0127E+00
  6.6000E-01  2.2199E+14  5.9362E+11  4.1558E+00  3.9901E+00
  6.7001E-01  2.2198E+14  6.0547E+11  4.1413E+00  3.9756E+00
  6.8000E-01  2.2196E+14  6.1723E+11  4.1278E+00  3.9621E+00
  6.9001E-01  2.2195E+14  6.2892E+11  4.1150E+00  3.9492E+00
  7.0000E-01  2.2194E+14  6.4050E+11  4.1025E+00  3.9368E+00
  7.1000E-01  2.2193E+14  6.5202E+11  4.0904E+00  3.9247E+00
  7.2001E-01  2.2192E+14  6.6346E+11  4.0786E+00  3.9129E+00
  7.3000E-01  2.2191E+14  6.7481E+11  4.0671E+00  3.9014E+00
  7.4000E-01  2.2190E+14  6.8608E+11  4.0559E+00  3.8902E+00
  7.5001E-01  2.2189E+14  6.9729E+11  4.0448E+00  3.8792E+00
  7.6002E-01  2.2188E+14  7.0842E+11  4.0340E+00  3.8684E+00
  7.7002E-01  2.2186E+14  7.1946E+11  4.0235E+00  3.8578E+00
  7.8002E-01  2.2185E+14  7.3043E+11  4.0131E+00  3.8475E+00
  7.9002E-01  2.2184E+14  7.4133E+11  4.0030E+00  3.8374E+00
  8.0003E-01  2.2183E+14  7.5216E+11  3.9930E+00  3.8274E+00
  8.1002E-01  2.2182E+14  7.6290E+11  3.9832E+00  3.8176E+00
  8.2003E-01  2.2181E+14  7.7359E+11  3.9736E+00  3.8080E+00
  8.3002E-01  2.2180E+14  7.8420E+11  4.0223E+00  3.8568E+00
  8.4001E-01  2.2179E+14  7.9473E+11  4.0115E+00  3.8460E+00
  8.5001E-01  2.2178E+14  8.0521E+11  4.0010E+00  3.8355E+00
  8.6001E-01  2.2177E+14  8.1561E+11  3.9907E+00  3.8252E+00
  8.7002E-01  2.2176E+14  8.2597E+11  3.9807E+00  3.8152E+00
  8.8000E-01  2.2175E+14  8.3623E+11  3.9709E+00  3.8054E+00
  8.9000E-01  2.2174E+14  8.4645E+11  3.9613E+00  3.7959E+00
  9.0002E-01  2.2173E+14  8.5663E+11  3.9519E+00  3.7865E+00
  9.1000E-01  2.2172E+14  8.6671E+11  3.9428E+00  3.7774E+00
  9.2001E-01  2.2171E+14  8.7675E+11  3.9338E+00  3.7684E+00
  9.3002E-01  2.2170E+14  8.8665E+11  3.9162E+00  3.7508E+00
  9.4001E-01  2.2169E+14  8.9656E+11  3.9067E+00  3.7414E+00
  9.5001E-01  2.2168E+14  9.0642E+11  3.8978E+00  3.7325E+00
  9.6002E-01  2.2168E+14  9.1624E+11  3.8893E+00  3.7240E+00
  9.7002E-01  2.2167E+14  9.2599E+11  3.8810E+00  3.7159E+00
  9.8000E-01  2.2166E+14  9.3567E+11  3.8731E+00  3.7079E+00
  9.9002E-01  2.2165E+14  9.4532E+11  3.8653E+00  3.7002E+00
  1.0000E+00  2.2164E+14  9.5491E+11  3.8578E+00  3.6927E+00
  1.0100E+00  2.2163E+14  9.6445E+11  3.8504E+00  3.6853E+00
  1.0200E+00  2.2162E+14  9.7395E+11  3.8431E+00  3.6782E+00
  1.0300E+00  2.2161E+14  9.8338E+11  3.8361E+00  3.6712E+00
  1.0400E+00  2.2160E+14  9.9276E+11  3.8292E+00  3.6643E+00
  1.0500E+00  2.2159E+14  1.0021E+12  3.8224E+00  3.6576E+00
  1.0600E+00  2.2159E+14  1.0114E+12  3.8158E+00  3.6511E+00
  1.0700E+00  2.2158E+14  1.0206E+12  3.8093E+00  3.6446E+00
  1.0800E+00  2.2157E+14  1.0298E+12  3.8029E+00  3.6383E+00
  1.0900E+00  2.2156E+14  1.0390E+12  3.7966E+00  3.6322E+00
  1.1000E+00  2.2155E+14  1.0481E+12  3.7905E+00  3.6261E+00
  1.1100E+00  2.2154E+14  1.0572E+12  3.7844E+00  3.6201E+00
  1.1200E+00  2.2154E+14  1.0662E+12  3.7785E+00  3.6143E+00
  1.1300E+00  2.2153E+14  1.0752E+12  3.7727E+00  3.6085E+00
  1.1400E+00  2.2152E+14  1.0841E+12  3.7670E+00  3.6028E+00
  1.1500E+00  2.2151E+14  1.0930E+12  3.7614E+00  3.5972E+00
  1.1600E+00  2.2150E+14  1.1019E+12  3.8081E+00  3.6439E+00
  1.1700E+00  2.2149E+14  1.1107E+12  3.8017E+00  3.6375E+00
  1.1800E+00  2.2149E+14  1.1195E+12  3.7955E+00  3.6313E+00
  1.1900E+00  2.2148E+14  1.1282E+12  3.7894E+00  3.6252E+00
  1.2000E+00  2.2147E+14  1.1369E+12  3.7834E+00  3.6192E+00
  1.2100E+00  2.2146E+14  1.1456E+12  3.7776E+00  3.6134E+00
  1.2200E+00  2.2146E+14  1.1542E+12  3.7719E+00  3.6077E+00
  1.2300E+00  2.2145E+14  1.1628E+12  3.7663E+00  3.6021E+00
  1.2400E+00  2.2144E+14  1.1713E+12  3.7608E+00  3.5966E+00
  1.2500E+00  2.2143E+14  1.1799E+12  3.7554E+00  3.5913E+00
  1.2600E+00  2.2143E+14  1.1884E+12  3.7501E+00  3.5860E+00
  1.2700E+00  2.2142E+14  1.1968E+12  3.7450E+00  3.5808E+00
  1.2800E+00  2.2141E+14  1.2052E+12  3.7399E+00  3.5758E+00
  1.2900E+00  2.2140E+14  1.2136E+12  3.7349E+00  3.5708E+00
  1.3000E+00  2.2140E+14  1.2220E+12  3.7300E+00  3.5659E+00
  1.3100E+00  2.2139E+14  1.2303E+12  3.7253E+00  3.5611E+00
  1.3200E+00  2.2138E+14  1.2386E+12  3.7205E+00  3.5564E+00
  1.3300E+00  2.2137E+14  1.2468E+12  3.7159E+00  3.5518E+00
  1.3400E+00  2.2137E+14  1.2550E+12  3.7046E+00  3.5405E+00
  1.3500E+00  2.2136E+14  1.2632E+12  3.6995E+00  3.5353E+00
  1.3600E+00  2.2135E+14  1.2714E+12  3.6947E+00  3.5305E+00
  1.3700E+00  2.2135E+14  1.2795E+12  3.6900E+00  3.5259E+00
  1.3800E+00  2.2134E+14  1.2876E+12  3.6856E+00  3.5215E+00
  1.3900E+00  2.2133E+14  1.2957E+12  3.6813E+00  3.5172E+00
  1.4000E+00  2.2133E+14  1.3038E+12  3.6771E+00  3.5130E+00
  1.4100E+00  2.2132E+14  1.3118E+12  3.6731E+00  3.5089E+00
  1.4200E+00  2.2131E+14  1.3198E+12  3.6691E+00  3.5049E+00
  1.4300E+00  2.2131E+14  1.3278E+12  3.6652E+00  3.5011E+00
  1.4400E+00  2.2130E+14  1.3357E+12  3.6614E+00  3.4973E+00
  1.4500E+00  2.2129E+14  1.3436E+12  3.6577E+00  3.4935E+00
  1.4600E+00  2.2129E+14  1.3515E+12  3.6541E+00  3.4899E+00
  1.4700E+00  2.2128E+14  1.3594E+12  3.6505E+00  3.4863E+00
  1.4800E+00  2.2128E+14  1.3673E+12  3.6470E+00  3.4828E+00
  1.4900E+00  2.2127E+14  1.3751E+12  3.6436E+00  3.4794E+00
  1.5000E+00  2.2126E+14  1.3829E+12  3.6402E+00  3.4760E+00
  1.5100E+00  2.2126E+14  1.3907E+12  3.6369E+00  3.4727E+00
  1.5200E+00  2.2125E+14  1.3984E+12  3.6337E+00  3.4695E+00
  1.5300E+00  2.2125E+14  1.4061E+12  3.6305E+00  3.4663E+00
  1.5400E+00  2.2124E+14  1.4139E+12  3.6274E+00  3.4631E+00
  1.5500E+00  2.2123E+14  1.4215E+12  3.6243E+00  3.4600E+00
  1.5600E+00  2.2123E+14  1.4292E+12  3.6213E+00  3.4570E+00
  1.5700E+00  2.2122E+14  1.4369E+12  3.6183E+00  3.4540E+00
  1.5800E+00  2.2122E+14  1.4445E+12  3.6154E+00  3.4511E+00
  1.5900E+00  2.2121E+14  1.4521E+12  3.6125E+00  3.4482E+00
  1.6000E+00  2.2121E+14  1.4597E+12  3.6097E+00  3.4454E+00
  1.6100E+00  2.2120E+14  1.4672E+12  3.6069E+00  3.4426E+00
  1.6200E+00  2.2120E+14  1.4748E+12  3.6042E+00  3.4399E+00
  1.6300E+00  2.2119E+14  1.4823E+12  3.6015E+00  3.4372E+00
  1.6400E+00  2.2119E+14  1.4898E+12  3.5989E+00  3.4346E+00
  1.6500E+00  2.2118E+14  1.4973E+12  3.5963E+00  3.4320E+00
  1.6600E+00  2.2118E+14  1.5048E+12  3.5937E+00  3.4294E+00
  1.6700E+00  2.2117E+14  1.5122E+12  3.5912E+00  3.4269E+00
  1.6800E+00  2.2117E+14  1.5196E+12  3.5888E+00  3.4245E+00
  1.6900E+00  2.2116E+14  1.5270E+12  3.5864E+00  3.4220E+00
  1.7000E+00  2.2116E+14  1.5344E+12  3.5840E+00  3.4196E+00
  1.7100E+00  2.2115E+14  1.5418E+12  3.5816E+00  3.4173E+00
  1.7200E+00  2.2115E+14  1.5492E+12  3.5793E+00  3.4150E+00
  1.7300E+00  2.2115E+14  1.5565E+12  3.5770E+00  3.4127E+00
  1.7400E+00  2.2114E+14  1.5638E+12  3.5748E+00  3.4105E+00
  1.7500E+00  2.2114E+14  1.5711E+12  3.5726E+00  3.4083E+00
  1.7600E+00  2.2113E+14  1.5784E+12  3.5705E+00  3.4061E+00
  1.7700E+00  2.2113E+14  1.5857E+12  3.5683E+00  3.4040E+00
  1.7800E+00  2.2113E+14  1.5930E+12  3.5662E+00  3.4019E+00
  1.7900E+00  2.2112E+14  1.6002E+12  3.5642E+00  3.3998E+00
  1.8000E+00  2.2112E+14  1.6074E+12  3.6080E+00  3.4437E+00
  1.8100E+00  2.2112E+14  1.6146E+12  3.6057E+00  3.4413E+00
  1.8200E+00  2.2111E+14  1.6218E+12  3.6033E+00  3.4389E+00
  1.8300E+00  2.2111E+14  1.6290E+12  3.6011E+00  3.4367E+00
  1.8400E+00  2.2111E+14  1.6362E+12  3.5988E+00  3.4344E+00
  1.8500E+00  2.2111E+14  1.6433E+12  3.5966E+00  3.4322E+00
  1.8600E+00  2.2110E+14  1.6505E+12  3.5945E+00  3.4300E+00
  1.8700E+00  2.2110E+14  1.6576E+12  3.5923E+00  3.4279E+00
  1.8800E+00  2.2110E+14  1.6647E+12  3.5903E+00  3.4258E+00
  1.8900E+00  2.2110E+14  1.6718E+12  3.5882E+00  3.4238E+00
  1.9000E+00  2.2110E+14  1.6789E+12  3.5862E+00  3.4217E+00
  1.9100E+00  2.2110E+14  1.6860E+12  3.5842E+00  3.4198E+00
  1.9200E+00  2.2109E+14  1.6930E+12  3.5823E+00  3.4178E+00
  1.9300E+00  2.2109E+14  1.7001E+12  3.5804E+00  3.4159E+00
  1.9400E+00  2.2109E+14  1.7071E+12  3.5785E+00  3.4140E+00
  1.9500E+00  2.2109E+14  1.7141E+12  3.5767E+00  3.4122E+00
  1.9600E+00  2.2109E+14  1.7211E+12  3.5749E+00  3.4104E+00
  1.9700E+00  2.2109E+14  1.7281E+12  3.5731E+00  3.4086E+00
  1.9800E+00  2.2110E+14  1.7351E+12  3.5714E+00  3.4068E+00
  1.9900E+00  2.2110E+14  1.7421E+12  3.5697E+00  3.4051E+00
  2.0000E+00  2.2110E+14  1.7490E+12  3.5680E+00  3.4034E+00
  2.0100E+00  2.2110E+14  1.7560E+12  3.5664E+00  3.4018E+00
  2.0200E+00  2.2110E+14  1.7629E+12  3.5648E+00  3.4002E+00
  2.0300E+00  2.2111E+14  1.7699E+12  3.5632E+00  3.3986E+00
  2.0400E+00  2.2111E+14  1.7768E+12  3.5616E+00  3.3970E+00
  2.0500E+00  2.2112E+14  1.7837E+12  3.5601E+00  3.3955E+00
  2.0600E+00  2.2112E+14  1.7906E+12  3.5586E+00  3.3939E+00
  2.0700E+00  2.2113E+14  1.7975E+12  3.5571E+00  3.3925E+00
  2.0800E+00  2.2113E+14  1.8043E+12  3.5557E+00  3.3910E+00
  2.0900E+00  2.2114E+14  1.8112E+12  3.5543E+00  3.3896E+00
  2.1000E+00  2.2115E+14  1.8181E+12  3.5529E+00  3.3882E+00
  2.1100E+00  2.2116E+14  1.8249E+12  3.5515E+00  3.3868E+00
  2.1200E+00  2.2117E+14  1.8318E+12  3.5502E+00  3.3854E+00
  2.1300E+00  2.2118E+14  1.8386E+12  3.5489E+00  3.3841E+00
  2.1400E+00  2.2119E+14  1.8454E+12  3.5476E+00  3.3828E+00
  2.1500E+00  2.2120E+14  1.8522E+12  3.5464E+00  3.3815E+00
  2.1600E+00  2.2121E+14  1.8590E+12  3.5451E+00  3.3802E+00
  2.1700E+00  2.2123E+14  1.8658E+12  3.5439E+00  3.3790E+00
  2.1800E+00  2.2124E+14  1.8726E+12  3.5427E+00  3.3778E+00
  2.1900E+00  2.2124E+14  1.8793E+12  3.5415E+00  3.3766E+00
  2.2000E+00  2.2125E+14  1.8861E+12  3.5404E+00  3.3754E+00
  2.2100E+00  2.2125E+14  1.8929E+12  3.5392E+00  3.3743E+00
  2.2200E+00  2.2125E+14  1.8996E+12  3.5381E+00  3.3731E+00
  2.2300E+00  2.2125E+14  1.9063E+12  3.5370E+00  3.3720E+00
  2.2400E+00  2.2124E+14  1.9131E+12  3.5359E+00  3.3709E+00
  2.2500E+00  2.2124E+14  1.9198E+12  3.5348E+00  3.3699E+00
  2.2600E+00  2.2124E+14  1.9265E+12  3.5338E+00  3.3688E+00
  2.2700E+00  2.2124E+14  1.9332E+12  3.5328E+00  3.3678E+00
  2.2800E+00  2.2124E+14  1.9399E+12  3.5317E+00  3.3668E+00
  2.2900E+00  2.2124E+14  1.9466E+12  3.5308E+00  3.3658E+00
  2.3000E+00  2.2124E+14  1.9533E+12  3.5298E+00  3.3648E+00
  2.3100E+00  2.2124E+14  1.9600E+12  3.5289E+00  3.3639E+00
  2.3200E+00  2.2124E+14  1.9666E+12  3.5279E+00  3.3630E+00
  2.3300E+00  2.2124E+14  1.9733E+12  3.5270E+00  3.3620E+00
  2.3400E+00  2.2124E+14  1.9800E+12  3.5261E+00  3.3611E+00
  2.3500E+00  2.2124E+14  1.9866E+12  3.5253E+00  3.3603E+00
  2.3600E+00  2.2123E+14  1.9932E+12  3.5244E+00  3.3594E+00
  2.3700E+00  2.2123E+14  1.9999E+12  3.5236E+00  3.3586E+00
  2.3800E+00  2.2123E+14  2.0065E+12  3.5227E+00  3.3577E+00
  2.3900E+00  2.2123E+14  2.0131E+12  3.5219E+00  3.3569E+00
  2.4000E+00  2.2123E+14  2.0197E+12  3.5211E+00  3.3562E+00
  2.4100E+00  2.2122E+14  2.0263E+12  3.5148E+00  3.3498E+00
  2.4200E+00  2.2122E+14  2.0329E+12  3.5139E+00  3.3489E+00
  2.4300E+00  2.2122E+14  2.0395E+12  3.5130E+00  3.3480E+00
  2.4400E+00  2.2122E+14  2.0461E+12  3.5121E+00  3.3471E+00
  2.4500E+00  2.2122E+14  2.0527E+12  3.5113E+00  3.3463E+00
  2.4600E+00  2.2121E+14  2.0592E+12  3.5105E+00  3.3455E+00
  2.4700E+00  2.2121E+14  2.0658E+12  3.5097E+00  3.3447E+00
  2.4800E+00  2.2121E+14  2.0724E+12  3.5090E+00  3.3440E+00
  2.4900E+00  2.2120E+14  2.0789E+12  3.5082E+00  3.3433E+00
  2.5000E+00  2.2120E+14  2.0855E+12  3.5075E+00  3.3426E+00
  2.5100E+00  2.2120E+14  2.0920E+12  3.5069E+00  3.3419E+00
  2.5200E+00  2.2120E+14  2.0986E+12  3.5062E+00  3.3412E+00
  2.5300E+00  2.2119E+14  2.1051E+12  3.5055E+00  3.3406E+00
  2.5400E+00  2.2119E+14  2.1117E+12  3.5049E+00  3.3400E+00
  2.5500E+00  2.2119E+14  2.1182E+12  3.5043E+00  3.3394E+00
  2.5600E+00  2.2118E+14  2.1247E+12  3.5037E+00  3.3388E+00
  2.5700E+00  2.2118E+14  2.1312E+12  3.5032E+00  3.3382E+00
  2.5800E+00  2.2118E+14  2.1377E+12  3.5026E+00  3.3377E+00
  2.5900E+00  2.2118E+14  2.1443E+12  3.5021E+00  3.3371E+00
  2.6000E+00  2.2117E+14  2.1508E+12  3.5015E+00  3.3366E+00
  2.6100E+00  2.2117E+14  2.1573E+12  3.5010E+00  3.3361E+00
  2.6200E+00  2.2117E+14  2.1638E+12  3.5005E+00  3.3356E+00
  2.6300E+00  2.2116E+14  2.1703E+12  3.5001E+00  3.3351E+00
  2.6400E+00  2.2116E+14  2.1767E+12  3.4996E+00  3.3347E+00
  2.6500E+00  2.2116E+14  2.1832E+12  3.4991E+00  3.3342E+00
  2.6600E+00  2.2116E+14  2.1897E+12  3.4987E+00  3.3338E+00
  2.6700E+00  2.2115E+14  2.1962E+12  3.4983E+00  3.3333E+00
  2.6800E+00  2.2115E+14  2.2027E+12  3.4979E+00  3.3329E+00
  2.6900E+00  2.2115E+14  2.2091E+12  3.4975E+00  3.3325E+00
  2.7000E+00  2.2114E+14  2.2156E+12  3.4971E+00  3.3322E+00
  2.7100E+00  2.2114E+14  2.2221E+12  3.4967E+00  3.3318E+00
  2.7200E+00  2.2114E+14  2.2285E+12  3.4963E+00  3.3314E+00
  2.7300E+00  2.2113E+14  2.2350E+12  3.4960E+00  3.3311E+00
  2.7400E+00  2.2113E+14  2.2414E+12  3.4957E+00  3.3307E+00
  2.7500E+00  2.2113E+14  2.2479E+12  3.4953E+00  3.3304E+00
  2.7600E+00  2.2113E+14  2.2543E+12  3.4950E+00  3.3301E+00
  2.7700E+00  2.2112E+14  2.2607E+12  3.4947E+00  3.3298E+00
  2.7800E+00  2.2112E+14  2.2672E+12  3.4944E+00  3.3295E+00
  2.7900E+00  2.2112E+14  2.2736E+12  3.4941E+00  3.3292E+00
  2.8000E+00  2.2111E+14  2.2800E+12  3.4939E+00  3.3290E+00
  2.8100E+00  2.2111E+14  2.2865E+12  3.4936E+00  3.3287E+00
  2.8200E+00  2.2111E+14  2.2929E+12  3.4933E+00  3.3284E+00
  2.8300E+00  2.2110E+14  2.2993E+12  3.4931E+00  3.3282E+00
  2.8400E+00  2.2110E+14  2.3057E+12  3.4929E+00  3.3280E+00
  2.8500E+00  2.2110E+14  2.3121E+12  3.4926E+00  3.3278E+00
  2.8600E+00  2.2109E+14  2.3185E+12  3.4924E+00  3.3276E+00
  2.8700E+00  2.2109E+14  2.3250E+12  3.4922E+00  3.3274E+00
  2.8800E+00  2.2109E+14  2.3314E+12  3.4921E+00  3.3272E+00
  2.8900E+00  2.2109E+14  2.3378E+12  3.4919E+00  3.3270E+00
  2.9000E+00  2.2108E+14  2.3442E+12  3.4917E+00  3.3268E+00
  2.9100E+00  2.2108E+14  2.3506E+12  3.4915E+00  3.3267E+00
  2.9200E+00  2.2108E+14  2.3570E+12  3.4914E+00  3.3265E+00
  2.9300E+00  2.2107E+14  2.3634E+12  3.4912E+00  3.3264E+00
  2.9400E+00  2.2107E+14  2.3698E+12  3.4911E+00  3.3262E+00
  2.9500E+00  2.2107E+14  2.3761E+12  3.4910E+00  3.3261E+00
  2.9600E+00  2.2106E+14  2.3825E+12  3.4909E+00  3.3260E+00
  2.9700E+00  2.2106E+14  2.3889E+12  3.4907E+00  3.3259E+00
  2.9800E+00  2.2106E+14  2.3953E+12  3.4906E+00  3.3258E+00
  2.9900E+00  2.2106E+14  2.4017E+12  3.4905E+00  3.3257E+00
  3.0000E+00  2.2105E+14  2.4080E+12  3.4905E+00  3.3256E+00
  3.0100E+00  2.2105E+14  2.4144E+12  3.4904E+00  3.3255E+00
  3.0200E+00  2.2105E+14  2.4208E+12  3.4903E+00  3.3255E+00
  3.0300E+00  2.2104E+14  2.4272E+12  3.4903E+00  3.3254E+00
  3.0400E+00  2.2104E+14  2.4335E+12  3.4902E+00  3.3254E+00
  3.0500E+00  2.2104E+14  2.4399E+12  3.4902E+00  3.3253E+00
  3.0600E+00  2.2103E+14  2.4463E+12  3.4901E+00  3.3253E+00
  3.0700E+00  2.2103E+14  2.4526E+12  3.4901E+00  3.3253E+00
  3.0800E+00  2.2103E+14  2.4590E+12  3.4901E+00  3.3252E+00
  3.0900E+00  2.2103E+14  2.4654E+12  3.4901E+00  3.3252E+00
  3.1000E+00  2.2102E+14  2.4717E+12  3.4901E+00  3.3252E+00
  3.1100E+00  2.2102E+14  2.4781E+12  3.4901E+00  3.3252E+00
  3.1200E+00  2.2102E+14  2.4844E+12  3.4901E+00  3.3252E+00
  3.1300E+00  2.2101E+14  2.4908E+12  3.4901E+00  3.3253E+00
  3.1400E+00  2.2101E+14  2.4972E+12  3.4901E+00  3.3253E+00
  3.1500E+00  2.2101E+14  2.5035E+12  3.4901E+00  3.3253E+00
  3.1600E+00  2.2100E+14  2.5099E+12  3.4902E+00  3.3254E+00
  3.1700E+00  2.2100E+14  2.5162E+12  3.4902E+00  3.3254E+00
  3.1800E+00  2.2100E+14  2.5226E+12  3.4903E+00  3.3255E+00
  3.1900E+00  2.2100E+14  2.5289E+12  3.4903E+00  3.3255E+00
  3.2000E+00  2.2099E+14  2.5353E+12  3.4904E+00  3.3256E+00
  3.2100E+00  2.2099E+14  2.5416E+12  3.4904E+00  3.3256E+00
  3.2200E+00  2.2099E+14  2.5479E+12  3.4905E+00  3.3257E+00
  3.2300E+00  2.2098E+14  2.5543E+12  3.4906E+00  3.3258E+00
  3.2400E+00  2.2098E+14  2.5606E+12  3.4907E+00  3.3259E+00
  3.2500E+00  2.2098E+14  2.5670E+12  3.4908E+00  3.3260E+00
  3.2600E+00  2.2097E+14  2.5733E+12  3.4909E+00  3.3261E+00
  3.2700E+00  2.2097E+14  2.5797E+12  3.4910E+00  3.3262E+00
  3.2800E+00  2.2097E+14  2.5860E+12  3.4911E+00  3.3263E+00
  3.2900E+00  2.2097E+14  2.5923E+12  3.4913E+00  3.3265E+00
  3.3000E+00  2.2096E+14  2.5987E+12  3.4914E+00  3.3266E+00
  3.3100E+00  2.2096E+14  2.6050E+12  3.4915E+00  3.3267E+00
  3.3200E+00  2.2096E+14  2.6114E+12  3.4916E+00  3.3269E+00
  3.3300E+00  2.2095E+14  2.6177E+12  3.4918E+00  3.3270E+00
  3.3400E+00  2.2095E+14  2.6240E+12  3.4919E+00  3.3272E+00
  3.3500E+00  2.2095E+14  2.6304E+12  3.4921E+00  3.3273E+00
  3.3600E+00  2.2094E+14  2.6367E+12  3.4922E+00  3.3275E+00
  3.3700E+00  2.2094E+14  2.6430E+12  3.4924E+00  3.3276E+00
  3.3800E+00  2.2094E+14  2.6494E+12  3.4926E+00  3.3278E+00
  3.3900E+00  2.2094E+14  2.6557E+12  3.4927E+00  3.3280E+00
  3.4000E+00  2.2093E+14  2.6620E+12  3.4929E+00  3.3282E+00
  3.4100E+00  2.2093E+14  2.6684E+12  3.4931E+00  3.3284E+00
  3.4200E+00  2.2093E+14  2.6747E+12  3.4933E+00  3.3285E+00
  3.4300E+00  2.2092E+14  2.6810E+12  3.4935E+00  3.3288E+00
  3.4400E+00  2.2092E+14  2.6874E+12  3.4937E+00  3.3289E+00
  3.4500E+00  2.2092E+14  2.6937E+12  3.4939E+00  3.3292E+00
  3.4600E+00  2.2091E+14  2.7000E+12  3.4941E+00  3.3294E+00
  3.4700E+00  2.2091E+14  2.7064E+12  3.4943E+00  3.3296E+00
  3.4800E+00  2.2091E+14  2.7127E+12  3.4946E+00  3.3298E+00
  3.4900E+00  2.2091E+14  2.7190E+12  3.4948E+00  3.3300E+00
  3.5000E+00  2.2090E+14  2.7254E+12  3.4950E+00  3.3303E+00
  3.5100E+00  2.2090E+14  2.7317E+12  3.4952E+00  3.3305E+00
  3.5200E+00  2.2090E+14  2.7380E+12  3.4955E+00  3.3307E+00
  3.5300E+00  2.2089E+14  2.7444E+12  3.4957E+00  3.3310E+00
  3.5400E+00  2.2089E+14  2.7507E+12  3.4960E+00  3.3312E+00
  3.5500E+00  2.2089E+14  2.7570E+12  3.4962E+00  3.3315E+00
  3.5600E+00  2.2088E+14  2.7634E+12  3.4965E+00  3.3318E+00
  3.5700E+00  2.2088E+14  2.7697E+12  3.4967E+00  3.3320E+00
  3.5800E+00  2.2088E+14  2.7760E+12  3.4970E+00  3.3323E+00
  3.5900E+00  2.2088E+14  2.7824E+12  3.4973E+00  3.3326E+00
  3.6000E+00  2.2087E+14  2.7887E+12  3.4976E+00  3.3328E+00
  3.6100E+00  2.2087E+14  2.7950E+12  3.4978E+00  3.3331E+00
  3.6200E+00  2.2087E+14  2.8014E+12  3.4981E+00  3.3334E+00
  3.6300E+00  2.2086E+14  2.8077E+12  3.4984E+00  3.3337E+00
  3.6400E+00  2.2086E+14  2.8140E+12  3.4987E+00  3.3340E+00
  3.6500E+00  2.2086E+14  2.8204E+12  3.4990E+00  3.3343E+00
  3.6600E+00  2.2085E+14  2.8267E+12  3.4993E+00  3.3346E+00
  3.6700E+00  2.2085E+14  2.8331E+12  3.4996E+00  3.3349E+00
  3.6800E+00  2.2085E+14  2.8394E+12  3.4999E+00  3.3352E+00
  3.6900E+00  2.2084E+14  2.8457E+12  3.5002E+00  3.3355E+00
  3.7000E+00  2.2084E+14  2.8521E+12  3.5005E+00  3.3358E+00
  3.7100E+00  2.2084E+14  2.8584E+12  3.5008E+00  3.3362E+00
  3.7200E+00  2.2084E+14  2.8648E+12  3.5011E+00  3.3365E+00
  3.7300E+00  2.2083E+14  2.8711E+12  3.5015E+00  3.3368E+00
  3.7400E+00  2.2083E+14  2.8774E+12  3.5018E+00  3.3371E+00
  3.7500E+00  2.2083E+14  2.8838E+12  3.5021E+00  3.3375E+00
  3.7600E+00  2.2082E+14  2.8901E+12  3.5025E+00  3.3378E+00
  3.7700E+00  2.2082E+14  2.8965E+12  3.5028E+00  3.3381E+00
  3.7800E+00  2.2082E+14  2.9028E+12  3.5031E+00  3.3385E+00
  3.7900E+00  2.2081E+14  2.9092E+12  3.5035E+00  3.3388E+00
  3.8000E+00  2.2081E+14  2.9155E+12  3.5038E+00  3.3392E+00
  3.8100E+00  2.2081E+14  2.9219E+12  3.5042E+00  3.3396E+00
  3.8200E+00  2.2081E+14  2.9282E+12  3.5045E+00  3.3399E+00
  3.8300E+00  2.2080E+14  2.9346E+12  3.5049E+00  3.3402E+00
  3.8400E+00  2.2080E+14  2.9409E+12  3.5053E+00  3.3406E+00
  3.8500E+00  2.2080E+14  2.9473E+12  3.5056E+00  3.3410E+00
  3.8600E+00  2.2079E+14  2.9536E+12  3.5060E+00  3.3414E+00
  3.8700E+00  2.2079E+14  2.9600E+12  3.5064E+00  3.3418E+00
  3.8800E+00  2.2079E+14  2.9663E+12  3.5067E+00  3.3421E+00
  3.8900E+00  2.2078E+14  2.9727E+12  3.5071E+00  3.3425E+00
  3.9000E+00  2.2078E+14  2.9790E+12  3.5075E+00  3.3429E+00
  3.9100E+00  2.2078E+14  2.9854E+12  3.5079E+00  3.3432E+00
  3.9200E+00  2.2077E+14  2.9917E+12  3.5083E+00  3.3437E+00
  3.9300E+00  2.2077E+14  2.9981E+12  3.5087E+00  3.3440E+00
  3.9400E+00  2.2077E+14  3.0045E+12  3.5090E+00  3.3444E+00
  3.9500E+00  2.2077E+14  3.0108E+12  3.5095E+00  3.3449E+00
  3.9600E+00  2.2076E+14  3.0172E+12  3.5098E+00  3.3452E+00
  3.9700E+00  2.2076E+14  3.0236E+12  3.5102E+00  3.3456E+00
  3.9800E+00  2.2076E+14  3.0299E+12  3.5107E+00  3.3461E+00
  3.9900E+00  2.2075E+14  3.0363E+12  3.5110E+00  3.3464E+00
  4.0000E+00  2.2075E+14  3.0427E+12  3.5115E+00  3.3469E+00
  4.0100E+00  2.2075E+14  3.0490E+12  3.5119E+00  3.3473E+00
  4.0200E+00  2.2074E+14  3.0554E+12  3.5123E+00  3.3477E+00
  4.0300E+00  2.2074E+14  3.0618E+12  3.5127E+00  3.3481E+00
  4.0400E+00  2.2074E+14  3.0682E+12  3.5131E+00  3.3485E+00
  4.0500E+00  2.2073E+14  3.0745E+12  3.5135E+00  3.3489E+00
  4.0600E+00  2.2073E+14  3.0809E+12  3.5140E+00  3.3494E+00
  4.0700E+00  2.2073E+14  3.0873E+12  3.5144E+00  3.3498E+00
  4.0800E+00  2.2072E+14  3.0937E+12  3.5148E+00  3.3502E+00
  4.0900E+00  2.2072E+14  3.1000E+12  3.5153E+00  3.3507E+00
  4.1000E+00  2.2072E+14  3.1064E+12  3.5157E+00  3.3511E+00
  4.1100E+00  2.2072E+14  3.1128E+12  3.5161E+00  3.3515E+00
  4.1200E+00  2.2071E+14  3.1192E+12  3.5166E+00  3.3520E+00
  4.1300E+00  2.2071E+14  3.1256E+12  3.5170E+00  3.3524E+00
  4.1400E+00  2.2071E+14  3.1320E+12  3.5174E+00  3.3529E+00
  4.1500E+00  2.2070E+14  3.1384E+12  3.5179E+00  3.3534E+00
  4.1600E+00  2.2070E+14  3.1447E+12  3.5183E+00  3.3538E+00
  4.1700E+00  2.2070E+14  3.1511E+12  3.5188E+00  3.3542E+00
  4.1800E+00  2.2069E+14  3.1575E+12  3.5193E+00  3.3547E+00
  4.1900E+00  2.2069E+14  3.1639E+12  3.5197E+00  3.3551E+00
  4.2000E+00  2.2069E+14  3.1703E+12  3.5201E+00  3.3556E+00
  4.2100E+00  2.2068E+14  3.1767E+12  3.5206E+00  3.3561E+00
  4.2200E+00  2.2068E+14  3.1831E+12  3.5210E+00  3.3565E+00
  4.2300E+00  2.2068E+14  3.1895E+12  3.5215E+00  3.3570E+00
  4.2400E+00  2.2067E+14  3.1959E+12  3.5220E+00  3.3575E+00
  4.2500E+00  2.2067E+14  3.2023E+12  3.5224E+00  3.3579E+00
  4.2600E+00  2.2067E+14  3.2087E+12  3.5229E+00  3.3584E+00
  4.2700E+00  2.2067E+14  3.2152E+12  3.5234E+00  3.3589E+00
  4.2800E+00  2.2066E+14  3.2216E+12  3.5238E+00  3.3593E+00
  4.2900E+00  2.2066E+14  3.2280E+12  3.5243E+00  3.3598E+00
  4.3000E+00  2.2066E+14  3.2344E+12  3.5248E+00  3.3603E+00
  4.3100E+00  2.2065E+14  3.2408E+12  3.5253E+00  3.3608E+00
  4.3200E+00  2.2065E+14  3.2472E+12  3.5258E+00  3.3612E+00
  4.3300E+00  2.2065E+14  3.2537E+12  3.5263E+00  3.3618E+00
  4.3400E+00  2.2064E+14  3.2601E+12  3.5267E+00  3.3622E+00
  4.3500E+00  2.2064E+14  3.2665E+12  3.5272E+00  3.3627E+00
  4.3600E+00  2.2064E+14  3.2729E+12  3.5277E+00  3.3632E+00
  4.3700E+00  2.2063E+14  3.2794E+12  3.5282E+00  3.3637E+00
  4.3800E+00  2.2063E+14  3.2858E+12  3.5287E+00  3.3642E+00
  4.3900E+00  2.2063E+14  3.2922E+12  3.5292E+00  3.3647E+00
  4.4000E+00  2.2062E+14  3.2987E+12  3.5297E+00  3.3652E+00
  4.4100E+00  2.2062E+14  3.3051E+12  3.5301E+00  3.3656E+00
  4.4200E+00  2.2062E+14  3.3115E+12  3.5307E+00  3.3662E+00
  4.4300E+00  2.2061E+14  3.3180E+12  3.5311E+00  3.3667E+00
  4.4400E+00  2.2061E+14  3.3244E+12  3.5316E+00  3.3671E+00
  4.4500E+00  2.2061E+14  3.3309E+12  3.5322E+00  3.3677E+00
  4.4600E+00  2.2060E+14  3.3373E+12  3.5327E+00  3.3682E+00
  4.4700E+00  2.2060E+14  3.3438E+12  3.5331E+00  3.3686E+00
  4.4800E+00  2.2060E+14  3.3502E+12  3.5337E+00  3.3692E+00
  4.4900E+00  2.2060E+14  3.3567E+12  3.5342E+00  3.3697E+00
  4.5000E+00  2.2059E+14  3.3631E+12  3.5346E+00  3.3702E+00
  4.5100E+00  2.2059E+14  3.3696E+12  3.5352E+00  3.3707E+00
  4.5200E+00  2.2059E+14  3.3760E+12  3.5357E+00  3.3713E+00
  4.5300E+00  2.2058E+14  3.3825E+12  3.5362E+00  3.3717E+00
  4.5400E+00  2.2058E+14  3.3889E+12  3.5367E+00  3.3722E+00
  4.5500E+00  2.2058E+14  3.3954E+12  3.5373E+00  3.3728E+00
  4.5600E+00  2.2057E+14  3.4019E+12  3.5377E+00  3.3733E+00
  4.5700E+00  2.2057E+14  3.4083E+12  3.5382E+00  3.3738E+00
  4.5800E+00  2.2057E+14  3.4148E+12  3.5388E+00  3.3744E+00
  4.5900E+00  2.2056E+14  3.4213E+12  3.5393E+00  3.3749E+00
  4.6000E+00  2.2056E+14  3.4278E+12  3.5398E+00  3.3753E+00
  4.6100E+00  2.2056E+14  3.4342E+12  3.5404E+00  3.3759E+00
  4.6200E+00  2.2055E+14  3.4407E+12  3.5409E+00  3.3764E+00
  4.6300E+00  2.2055E+14  3.4472E+12  3.5414E+00  3.3769E+00
  4.6400E+00  2.2055E+14  3.4537E+12  3.5419E+00  3.3775E+00
  4.6500E+00  2.2054E+14  3.4602E+12  3.5425E+00  3.3780E+00
  4.6600E+00  2.2054E+14  3.4667E+12  3.5429E+00  3.3785E+00
  4.6700E+00  2.2054E+14  3.4731E+12  3.5435E+00  3.3791E+00
  4.6800E+00  2.2053E+14  3.4796E+12  3.5441E+00  3.3797E+00
  4.6900E+00  2.2053E+14  3.4861E+12  3.5445E+00  3.3801E+00
  4.7000E+00  2.2053E+14  3.4926E+12  3.5451E+00  3.3807E+00
  4.7100E+00  2.2052E+14  3.4991E+12  3.5457E+00  3.3813E+00
  4.7200E+00  2.2052E+14  3.5056E+12  3.5462E+00  3.3818E+00
  4.7300E+00  2.2052E+14  3.5121E+12  3.5467E+00  3.3823E+00
  4.7400E+00  2.2051E+14  3.5186E+12  3.5473E+00  3.3829E+00
  4.7500E+00  2.2051E+14  3.5251E+12  3.5478E+00  3.3834E+00
  4.7600E+00  2.2051E+14  3.5317E+12  3.5483E+00  3.3839E+00
  4.7700E+00  2.2050E+14  3.5382E+12  3.5489E+00  3.3845E+00
  4.7800E+00  2.2050E+14  3.5447E+12  3.5494E+00  3.3851E+00
  4.7900E+00  2.2050E+14  3.5512E+12  3.5499E+00  3.3855E+00
  4.8000E+00  2.2049E+14  3.5577E+12  3.5505E+00  3.3861E+00
  4.8100E+00  2.2049E+14  3.5643E+12  3.5511E+00  3.3867E+00
  4.8200E+00  2.2049E+14  3.5708E+12  3.5516E+00  3.3872E+00
  4.8300E+00  2.2048E+14  3.5773E+12  3.5521E+00  3.3877E+00
  4.8400E+00  2.2048E+14  3.5838E+12  3.5527E+00  3.3883E+00
  4.8500E+00  2.2048E+14  3.5904E+12  3.5533E+00  3.3889E+00
  4.8600E+00  2.2047E+14  3.5969E+12  3.5538E+00  3.3894E+00
  4.8700E+00  2.2047E+14  3.6034E+12  3.5543E+00  3.3899E+00
  4.8800E+00  2.2047E+14  3.6100E+12  3.5549E+00  3.3906E+00
  4.8900E+00  2.2046E+14  3.6165E+12  3.5555E+00  3.3911E+00
  4.9000E+00  2.2046E+14  3.6231E+12  3.5560E+00  3.3916E+00
  4.9100E+00  2.2046E+14  3.6296E+12  3.5566E+00  3.3922E+00
  4.9200E+00  2.2045E+14  3.6362E+12  3.5572E+00  3.3928E+00
  4.9300E+00  2.2045E+14  3.6427E+12  3.5576E+00  3.3933E+00
  4.9400E+00  2.2045E+14  3.6493E+12  3.5582E+00  3.3939E+00
  4.9500E+00  2.2044E+14  3.6558E+12  3.5588E+00  3.3945E+00
  4.9600E+00  2.2044E+14  3.6624E+12  3.5594E+00  3.3950E+00
  4.9700E+00  2.2044E+14  3.6689E+12  3.5599E+00  3.3955E+00
  4.9800E+00  2.2043E+14  3.6755E+12  3.5605E+00  3.3962E+00
  4.9900E+00  2.2043E+14  3.6821E+12  3.5611E+00  3.3968E+00
  5.0000E+00  2.2043E+14  3.6886E+12  3.5616E+00  3.3973E+00
