  1.0017E-02  0.0000E+00
  2.0015E-02  0.0000E+00
  3.0028E-02  1.5802E-01
  4.0033E-02  1.8662E+00
  5.0023E-02  1.2548E+01
  6.0037E-02  2.4211E+01
  7.0033E-02  4.3860E+01
  8.0016E-02  6.2019E+01
  9.0009E-02  8.9465E+01
  1.0001E-01  1.1446E+02
  1.1000E-01  1.4684E+02
  1.2001E-01  1.8709E+02
  1.3003E-01  2.2458E+02
  1.4002E-01  2.7018E+02
  1.5000E-01  3.2320E+02
  1.6002E-01  3.7277E+02
  1.7000E-01  4.3345E+02
  1.8000E-01  4.8822E+02
  1.9001E-01  5.5420E+02
  2.0003E-01  6.1127E+02
  2.1002E-01  6.7978E+02
  2.2002E-01  7.3549E+02
  2.3001E-01  7.9616E+02
  2.4000E-01  8.6184E+02
  2.5001E-01  9.1075E+02
  2.6001E-01  9.6392E+02
  2.7001E-01  1.0219E+03
  2.8000E-01  1.0595E+03
  2.9002E-01  1.1016E+03
  3.0001E-01  1.1399E+03
  3.1002E-01  1.1742E+03
  3.2001E-01  1.2141E+03
  3.3001E-01  1.2314E+03
  3.4002E-01  1.2547E+03
  3.5001E-01  1.2746E+03
  3.6000E-01  1.2914E+03
  3.7002E-01  1.3054E+03
  3.8002E-01  1.3167E+03
  3.9002E-01  1.3256E+03
  4.0001E-01  1.3322E+03
  4.1000E-01  1.3370E+03
  4.2002E-01  1.3399E+03
  4.3000E-01  1.3413E+03
  4.4002E-01  1.3412E+03
  4.5000E-01  1.3399E+03
  4.6002E-01  1.3374E+03
  4.7001E-01  1.3340E+03
  4.8000E-01  1.3297E+03
  4.9000E-01  1.3247E+03
  5.0000E-01  1.3190E+03
  5.1001E-01  1.3128E+03
  5.2002E-01  1.3061E+03
  5.3001E-01  1.2990E+03
  5.4000E-01  1.2916E+03
  5.5003E-01  1.2839E+03
  5.6003E-01  1.2761E+03
  5.7002E-01  1.2681E+03
  5.8002E-01  1.2600E+03
  5.9002E-01  1.2518E+03
  6.0003E-01  1.2435E+03
  6.1002E-01  1.2351E+03
  6.2001E-01  1.2267E+03
  6.3002E-01  1.2183E+03
  6.4002E-01  1.2099E+03
  6.5000E-01  1.2014E+03
  6.6000E-01  1.1837E+03
  6.7001E-01  1.1845E+03
  6.8000E-01  1.1762E+03
  6.9001E-01  1.1679E+03
  7.0000E-01  1.1596E+03
  7.1000E-01  1.1515E+03
  7.2001E-01  1.1434E+03
  7.3000E-01  1.1354E+03
  7.4000E-01  1.1275E+03
  7.5001E-01  1.1197E+03
  7.6002E-01  1.1120E+03
  7.7002E-01  1.1044E+03
  7.8002E-01  1.0969E+03
  7.9002E-01  1.0896E+03
  8.0003E-01  1.0823E+03
  8.1002E-01  1.0752E+03
  8.2003E-01  1.0681E+03
  8.3002E-01  1.0612E+03
  8.4001E-01  1.0544E+03
  8.5001E-01  1.0477E+03
  8.6001E-01  1.0411E+03
  8.7002E-01  1.0345E+03
  8.8000E-01  1.0282E+03
  8.9000E-01  1.0219E+03
  9.0002E-01  1.0157E+03
  9.1000E-01  1.0096E+03
  9.2001E-01  1.0036E+03
  9.3002E-01  9.8961E+02
  9.4001E-01  9.9182E+02
  9.5001E-01  9.8613E+02
  9.6002E-01  9.8052E+02
  9.7002E-01  9.7500E+02
  9.8000E-01  9.6958E+02
  9.9002E-01  9.6424E+02
  1.0000E+00  9.5899E+02
  1.0100E+00  9.5382E+02
  1.0200E+00  9.4874E+02
  1.0300E+00  9.4374E+02
  1.0400E+00  9.3882E+02
  1.0500E+00  9.3399E+02
  1.0600E+00  9.2923E+02
  1.0700E+00  9.2455E+02
  1.0800E+00  9.1994E+02
  1.0900E+00  9.1541E+02
  1.1000E+00  9.1095E+02
  1.1100E+00  9.0657E+02
  1.1200E+00  9.0227E+02
  1.1300E+00  8.9802E+02
  1.1400E+00  8.9384E+02
  1.1500E+00  8.8974E+02
  1.1600E+00  8.8570E+02
  1.1700E+00  8.8172E+02
  1.1800E+00  8.7780E+02
  1.1900E+00  8.7395E+02
  1.2000E+00  8.7017E+02
  1.2100E+00  8.6644E+02
  1.2200E+00  8.6277E+02
  1.2300E+00  8.5916E+02
  1.2400E+00  8.5560E+02
  1.2500E+00  8.5210E+02
  1.2600E+00  8.4866E+02
  1.2700E+00  8.4526E+02
  1.2800E+00  8.4193E+02
  1.2900E+00  8.3864E+02
  1.3000E+00  8.3540E+02
  1.3100E+00  8.3222E+02
  1.3200E+00  8.2908E+02
  1.3300E+00  8.2600E+02
  1.3400E+00  8.1615E+02
  1.3500E+00  8.1991E+02
  1.3600E+00  8.1698E+02
  1.3700E+00  8.1409E+02
  1.3800E+00  8.1123E+02
  1.3900E+00  8.0843E+02
  1.4000E+00  8.0566E+02
  1.4100E+00  8.0293E+02
  1.4200E+00  8.0024E+02
  1.4300E+00  7.9759E+02
  1.4400E+00  7.9499E+02
  1.4500E+00  7.9242E+02
  1.4600E+00  7.8989E+02
  1.4700E+00  7.8740E+02
  1.4800E+00  7.8494E+02
  1.4900E+00  7.8253E+02
  1.5000E+00  7.8014E+02
  1.5100E+00  7.7780E+02
  1.5200E+00  7.7549E+02
  1.5300E+00  7.7321E+02
  1.5400E+00  7.7096E+02
  1.5500E+00  7.6875E+02
  1.5600E+00  7.6657E+02
  1.5700E+00  7.6442E+02
  1.5800E+00  7.6231E+02
  1.5900E+00  7.6022E+02
  1.6000E+00  7.5817E+02
  1.6100E+00  7.5614E+02
  1.6200E+00  7.5415E+02
  1.6300E+00  7.5218E+02
  1.6400E+00  7.5024E+02
  1.6500E+00  7.4833E+02
  1.6600E+00  7.4645E+02
  1.6700E+00  7.4460E+02
  1.6800E+00  7.4277E+02
  1.6900E+00  7.4097E+02
  1.7000E+00  7.3919E+02
  1.7100E+00  7.3744E+02
  1.7200E+00  7.3572E+02
  1.7300E+00  7.3401E+02
  1.7400E+00  7.3234E+02
  1.7500E+00  7.3068E+02
  1.7600E+00  7.2906E+02
  1.7700E+00  7.2745E+02
  1.7800E+00  7.2587E+02
  1.7900E+00  7.2431E+02
  1.8000E+00  7.2277E+02
  1.8100E+00  7.2125E+02
  1.8200E+00  7.1976E+02
  1.8300E+00  7.1828E+02
  1.8400E+00  7.1683E+02
  1.8500E+00  7.1540E+02
  1.8600E+00  7.1399E+02
  1.8700E+00  7.1260E+02
  1.8800E+00  7.1123E+02
  1.8900E+00  7.0988E+02
  1.9000E+00  7.0854E+02
  1.9100E+00  7.0723E+02
  1.9200E+00  7.0593E+02
  1.9300E+00  7.0466E+02
  1.9400E+00  7.0340E+02
  1.9500E+00  7.0216E+02
  1.9600E+00  7.0093E+02
  1.9700E+00  6.9973E+02
  1.9800E+00  6.9854E+02
  1.9900E+00  6.9737E+02
  2.0000E+00  6.9621E+02
  2.0100E+00  6.9507E+02
  2.0200E+00  6.9395E+02
  2.0300E+00  6.9285E+02
  2.0400E+00  6.9176E+02
  2.0500E+00  6.9068E+02
  2.0600E+00  6.8962E+02
  2.0700E+00  6.8857E+02
  2.0800E+00  6.8755E+02
  2.0900E+00  6.8653E+02
  2.1000E+00  6.8553E+02
  2.1100E+00  6.8454E+02
  2.1200E+00  6.8357E+02
  2.1300E+00  6.8262E+02
  2.1400E+00  6.8167E+02
  2.1500E+00  6.8074E+02
  2.1600E+00  6.7983E+02
  2.1700E+00  6.7892E+02
  2.1800E+00  6.7803E+02
  2.1900E+00  6.7716E+02
  2.2000E+00  6.7629E+02
  2.2100E+00  6.7544E+02
  2.2200E+00  6.7460E+02
  2.2300E+00  6.7377E+02
  2.2400E+00  6.7296E+02
  2.2500E+00  6.7215E+02
  2.2600E+00  6.7136E+02
  2.2700E+00  6.7058E+02
  2.2800E+00  6.6982E+02
  2.2900E+00  6.6906E+02
  2.3000E+00  6.6832E+02
  2.3100E+00  6.6758E+02
  2.3200E+00  6.6686E+02
  2.3300E+00  6.6615E+02
  2.3400E+00  6.6545E+02
  2.3500E+00  6.6476E+02
  2.3600E+00  6.6408E+02
  2.3700E+00  6.6341E+02
  2.3800E+00  6.6275E+02
  2.3900E+00  6.6210E+02
  2.4000E+00  6.6146E+02
  2.4100E+00  6.5513E+02
  2.4200E+00  6.6019E+02
  2.4300E+00  6.5959E+02
  2.4400E+00  6.5899E+02
  2.4500E+00  6.5840E+02
  2.4600E+00  6.5782E+02
  2.4700E+00  6.5725E+02
  2.4800E+00  6.5668E+02
  2.4900E+00  6.5613E+02
  2.5000E+00  6.5559E+02
  2.5100E+00  6.5505E+02
  2.5200E+00  6.5452E+02
  2.5300E+00  6.5400E+02
  2.5400E+00  6.5349E+02
  2.5500E+00  6.5299E+02
  2.5600E+00  6.5250E+02
  2.5700E+00  6.5201E+02
  2.5800E+00  6.5154E+02
  2.5900E+00  6.5107E+02
  2.6000E+00  6.5060E+02
  2.6100E+00  6.5015E+02
  2.6200E+00  6.4971E+02
  2.6300E+00  6.4927E+02
  2.6400E+00  6.4884E+02
  2.6500E+00  6.4842E+02
  2.6600E+00  6.4800E+02
  2.6700E+00  6.4760E+02
  2.6800E+00  6.4719E+02
  2.6900E+00  6.4680E+02
  2.7000E+00  6.4641E+02
  2.7100E+00  6.4604E+02
  2.7200E+00  6.4566E+02
  2.7300E+00  6.4530E+02
  2.7400E+00  6.4494E+02
  2.7500E+00  6.4459E+02
  2.7600E+00  6.4424E+02
  2.7700E+00  6.4390E+02
  2.7800E+00  6.4357E+02
  2.7900E+00  6.4324E+02
  2.8000E+00  6.4293E+02
  2.8100E+00  6.4261E+02
  2.8200E+00  6.4231E+02
  2.8300E+00  6.4201E+02
  2.8400E+00  6.4172E+02
  2.8500E+00  6.4143E+02
  2.8600E+00  6.4115E+02
  2.8700E+00  6.4087E+02
  2.8800E+00  6.4060E+02
  2.8900E+00  6.4034E+02
  2.9000E+00  6.4008E+02
  2.9100E+00  6.3983E+02
  2.9200E+00  6.3958E+02
  2.9300E+00  6.3934E+02
  2.9400E+00  6.3910E+02
  2.9500E+00  6.3887E+02
  2.9600E+00  6.3865E+02
  2.9700E+00  6.3843E+02
  2.9800E+00  6.3821E+02
  2.9900E+00  6.3800E+02
  3.0000E+00  6.3780E+02
  3.0100E+00  6.3760E+02
  3.0200E+00  6.3741E+02
  3.0300E+00  6.3722E+02
  3.0400E+00  6.3703E+02
  3.0500E+00  6.3686E+02
  3.0600E+00  6.3668E+02
  3.0700E+00  6.3652E+02
  3.0800E+00  6.3635E+02
  3.0900E+00  6.3620E+02
  3.1000E+00  6.3604E+02
  3.1100E+00  6.3589E+02
  3.1200E+00  6.3575E+02
  3.1300E+00  6.3561E+02
  3.1400E+00  6.3547E+02
  3.1500E+00  6.3534E+02
  3.1600E+00  6.3522E+02
  3.1700E+00  6.3509E+02
  3.1800E+00  6.3498E+02
  3.1900E+00  6.3486E+02
  3.2000E+00  6.3475E+02
  3.2100E+00  6.3465E+02
  3.2200E+00  6.3454E+02
  3.2300E+00  6.3445E+02
  3.2400E+00  6.3435E+02
  3.2500E+00  6.3427E+02
  3.2600E+00  6.3418E+02
  3.2700E+00  6.3410E+02
  3.2800E+00  6.3402E+02
  3.2900E+00  6.3395E+02
  3.3000E+00  6.3389E+02
  3.3100E+00  6.3382E+02
  3.3200E+00  6.3376E+02
  3.3300E+00  6.3370E+02
  3.3400E+00  6.3365E+02
  3.3500E+00  6.3360E+02
  3.3600E+00  6.3355E+02
  3.3700E+00  6.3351E+02
  3.3800E+00  6.3347E+02
  3.3900E+00  6.3344E+02
  3.4000E+00  6.3340E+02
  3.4100E+00  6.3338E+02
  3.4200E+00  6.3335E+02
  3.4300E+00  6.3333E+02
  3.4400E+00  6.3331E+02
  3.4500E+00  6.3329E+02
  3.4600E+00  6.3329E+02
  3.4700E+00  6.3328E+02
  3.4800E+00  6.3327E+02
  3.4900E+00  6.3327E+02
  3.5000E+00  6.3327E+02
  3.5100E+00  6.3328E+02
  3.5200E+00  6.3328E+02
  3.5300E+00  6.3330E+02
  3.5400E+00  6.3331E+02
  3.5500E+00  6.3333E+02
  3.5600E+00  6.3336E+02
  3.5700E+00  6.3337E+02
  3.5800E+00  6.3340E+02
  3.5900E+00  6.3343E+02
  3.6000E+00  6.3346E+02
  3.6100E+00  6.3350E+02
  3.6200E+00  6.3353E+02
  3.6300E+00  6.3358E+02
  3.6400E+00  6.3362E+02
  3.6500E+00  6.3366E+02
  3.6600E+00  6.3372E+02
  3.6700E+00  6.3377E+02
  3.6800E+00  6.3382E+02
  3.6900E+00  6.3388E+02
  3.7000E+00  6.3394E+02
  3.7100E+00  6.3401E+02
  3.7200E+00  6.3407E+02
  3.7300E+00  6.3413E+02
  3.7400E+00  6.3421E+02
  3.7500E+00  6.3428E+02
  3.7600E+00  6.3436E+02
  3.7700E+00  6.3444E+02
  3.7800E+00  6.3451E+02
  3.7900E+00  6.3460E+02
  3.8000E+00  6.3468E+02
  3.8100E+00  6.3476E+02
  3.8200E+00  6.3486E+02
  3.8300E+00  6.3495E+02
  3.8400E+00  6.3504E+02
  3.8500E+00  6.3514E+02
  3.8600E+00  6.3523E+02
  3.8700E+00  6.3534E+02
  3.8800E+00  6.3545E+02
  3.8900E+00  6.3555E+02
  3.9000E+00  6.3566E+02
  3.9100E+00  6.3577E+02
  3.9200E+00  6.3588E+02
  3.9300E+00  6.3600E+02
  3.9400E+00  6.3611E+02
  3.9500E+00  6.3623E+02
  3.9600E+00  6.3636E+02
  3.9700E+00  6.3647E+02
  3.9800E+00  6.3660E+02
  3.9900E+00  6.3673E+02
  4.0000E+00  6.3685E+02
  4.0100E+00  6.3699E+02
  4.0200E+00  6.3712E+02
  4.0300E+00  6.3724E+02
  4.0400E+00  6.3739E+02
  4.0500E+00  6.3752E+02
  4.0600E+00  6.3766E+02
  4.0700E+00  6.3781E+02
  4.0800E+00  6.3795E+02
  4.0900E+00  6.3809E+02
  4.1000E+00  6.3825E+02
  4.1100E+00  6.3839E+02
  4.1200E+00  6.3854E+02
  4.1300E+00  6.3870E+02
  4.1400E+00  6.3884E+02
  4.1500E+00  6.3901E+02
  4.1600E+00  6.3917E+02
  4.1700E+00  6.3931E+02
  4.1800E+00  6.3948E+02
  4.1900E+00  6.3965E+02
  4.2000E+00  6.3980E+02
  4.2100E+00  6.3998E+02
  4.2200E+00  6.4015E+02
  4.2300E+00  6.4030E+02
  4.2400E+00  6.4048E+02
  4.2500E+00  6.4066E+02
  4.2600E+00  6.4082E+02
  4.2700E+00  6.4101E+02
  4.2800E+00  6.4118E+02
  4.2900E+00  6.4135E+02
  4.3000E+00  6.4154E+02
  4.3100E+00  6.4172E+02
  4.3200E+00  6.4189E+02
  4.3300E+00  6.4208E+02
  4.3400E+00  6.4227E+02
  4.3500E+00  6.4245E+02
  4.3600E+00  6.4264E+02
  4.3700E+00  6.4284E+02
  4.3800E+00  6.4301E+02
  4.3900E+00  6.4321E+02
  4.4000E+00  6.4341E+02
  4.4100E+00  6.4359E+02
  4.4200E+00  6.4379E+02
  4.4300E+00  6.4400E+02
  4.4400E+00  6.4418E+02
  4.4500E+00  6.4438E+02
  4.4600E+00  6.4460E+02
  4.4700E+00  6.4479E+02
  4.4800E+00  6.4499E+02
  4.4900E+00  6.4521E+02
  4.5000E+00  6.4540E+02
  4.5100E+00  6.4560E+02
  4.5200E+00  6.4582E+02
  4.5300E+00  6.4603E+02
  4.5400E+00  6.4622E+02
  4.5500E+00  6.4645E+02
  4.5600E+00  6.4667E+02
  4.5700E+00  6.4686E+02
  4.5800E+00  6.4708E+02
  4.5900E+00  6.4731E+02
  4.6000E+00  6.4751E+02
  4.6100E+00  6.4773E+02
  4.6200E+00  6.4796E+02
  4.6300E+00  6.4817E+02
  4.6400E+00  6.4838E+02
  4.6500E+00  6.4862E+02
  4.6600E+00  6.4884E+02
  4.6700E+00  6.4904E+02
  4.6800E+00  6.4928E+02
  4.6900E+00  6.4951E+02
  4.7000E+00  6.4972E+02
  4.7100E+00  6.4995E+02
  4.7200E+00  6.5019E+02
  4.7300E+00  6.5041E+02
  4.7400E+00  6.5063E+02
  4.7500E+00  6.5088E+02
  4.7600E+00  6.5110E+02
  4.7700E+00  6.5132E+02
  4.7800E+00  6.5157E+02
  4.7900E+00  6.5181E+02
  4.8000E+00  6.5202E+02
  4.8100E+00  6.5226E+02
  4.8200E+00  6.5251E+02
  4.8300E+00  6.5274E+02
  4.8400E+00  6.5296E+02
  4.8500E+00  6.5322E+02
  4.8600E+00  6.5346E+02
  4.8700E+00  6.5368E+02
  4.8800E+00  6.5393E+02
  4.8900E+00  6.5418E+02
  4.9000E+00  6.5441E+02
  4.9100E+00  6.5464E+02
  4.9200E+00  6.5491E+02
  4.9300E+00  6.5515E+02
  4.9400E+00  6.5537E+02
  4.9500E+00  6.5563E+02
  4.9600E+00  6.5589E+02
  4.9700E+00  6.5611E+02
  4.9800E+00  6.5635E+02
  4.9900E+00  6.5662E+02
  5.0000E+00  6.5687E+02
