  5.0000E-02  9.8633E+04  9.5705E-01
  1.0036E-01  3.1394E+05  9.5605E-01
  1.5108E-01  7.2003E+05  9.5505E-01
  2.0217E-01  1.3745E+06  9.5403E-01
  2.5363E-01  2.3333E+06  9.5300E-01
  3.0545E-01  3.6509E+06  9.5195E-01
  3.5765E-01  5.3801E+06  9.5088E-01
  4.1023E-01  7.5727E+06  9.4980E-01
  4.6318E-01  1.0279E+07  9.4869E-01
  5.1651E-01  1.3550E+07  9.4757E-01
  5.7023E-01  1.7433E+07  9.4644E-01
  6.2434E-01  2.1977E+07  9.4528E-01
  6.7883E-01  2.7228E+07  9.4410E-01
  7.3372E-01  3.3234E+07  9.4291E-01
  7.8901E-01  4.0042E+07  9.4170E-01
  8.4469E-01  4.7696E+07  9.4047E-01
  9.0077E-01  5.6243E+07  9.3922E-01
  9.5725E-01  6.5729E+07  9.3795E-01
  1.0141E+00  7.6197E+07  9.3666E-01
  1.0714E+00  8.7695E+07  9.3536E-01
  1.1292E+00  1.0027E+08  9.3403E-01
  1.1873E+00  1.1396E+08  9.3268E-01
  1.2458E+00  1.2881E+08  9.3132E-01
  1.3048E+00  1.4487E+08  9.2993E-01
  1.3642E+00  1.6219E+08  9.2852E-01
  1.4240E+00  1.8081E+08  9.2709E-01
  1.4843E+00  2.0077E+08  9.2565E-01
  1.5450E+00  2.2213E+08  9.2418E-01
  1.6061E+00  2.4493E+08  9.2269E-01
  1.6677E+00  2.6922E+08  9.2118E-01
  1.7297E+00  2.9504E+08  9.1964E-01
  1.7921E+00  3.2244E+08  9.1809E-01
  1.8550E+00  3.5148E+08  9.1651E-01
  1.9184E+00  3.8219E+08  9.1492E-01
  1.9822E+00  4.1464E+08  9.1330E-01
  2.0465E+00  4.4887E+08  9.1166E-01
  2.1112E+00  4.8493E+08  9.1000E-01
  2.1764E+00  5.2287E+08  9.0831E-01
  2.2421E+00  5.6276E+08  9.0660E-01
  2.3082E+00  6.0463E+08  9.0487E-01
  2.3748E+00  6.4855E+08  9.0312E-01
  2.4419E+00  6.9457E+08  9.0135E-01
  2.5095E+00  7.4274E+08  8.9955E-01
  2.5776E+00  7.9313E+08  8.9773E-01
  2.6461E+00  8.4579E+08  8.9588E-01
  2.7152E+00  9.0078E+08  8.9402E-01
  2.7847E+00  9.5816E+08  8.9213E-01
  2.8548E+00  1.0180E+09  8.9021E-01
  2.9253E+00  1.0803E+09  8.8828E-01
  2.9964E+00  1.1453E+09  8.8631E-01
  3.0680E+00  1.2128E+09  8.8433E-01
  3.1401E+00  1.2831E+09  8.8232E-01
  3.2127E+00  1.3561E+09  8.8029E-01
  3.2858E+00  1.4320E+09  8.7823E-01
  3.3595E+00  1.5108E+09  8.7616E-01
  3.4337E+00  1.5926E+09  8.7405E-01
  3.5084E+00  1.6774E+09  8.7192E-01
  3.5836E+00  1.7653E+09  8.6977E-01
  3.6594E+00  1.8565E+09  8.6760E-01
  3.7358E+00  1.9509E+09  8.6540E-01
  3.8127E+00  2.0486E+09  8.6317E-01
  3.8901E+00  2.1498E+09  8.6092E-01
  3.9681E+00  2.2545E+09  8.5865E-01
  4.0467E+00  2.3628E+09  8.5636E-01
  4.1258E+00  2.4748E+09  8.5403E-01
  4.2056E+00  2.5905E+09  8.5169E-01
  4.2858E+00  2.7101E+09  8.4932E-01
  4.3667E+00  2.8336E+09  8.4693E-01
  4.4481E+00  2.9612E+09  8.4451E-01
  4.5302E+00  3.0928E+09  8.4207E-01
  4.6128E+00  3.2287E+09  8.3960E-01
  4.6960E+00  3.3688E+09  8.3711E-01
  4.7798E+00  3.5134E+09  8.3460E-01
  4.8642E+00  3.6625E+09  8.3206E-01
  4.9492E+00  3.8162E+09  8.2950E-01
  5.0349E+00  3.9745E+09  8.2691E-01
  5.1211E+00  4.1377E+09  8.2430E-01
  5.2080E+00  4.3058E+09  8.2167E-01
  5.2955E+00  4.4789E+09  8.1901E-01
  5.3836E+00  4.6572E+09  8.1633E-01
  5.4724E+00  4.8407E+09  8.1362E-01
  5.5618E+00  5.0295E+09  8.1090E-01
  5.6518E+00  5.2239E+09  8.0815E-01
  5.7425E+00  5.4238E+09  8.0537E-01
  5.8339E+00  5.6295E+09  8.0258E-01
  5.9259E+00  5.8410E+09  7.9976E-01
  6.0185E+00  6.0585E+09  7.9691E-01
  6.1119E+00  6.2820E+09  7.9405E-01
  6.2059E+00  6.5118E+09  7.9116E-01
  6.3006E+00  6.7480E+09  7.8826E-01
  6.3959E+00  6.9907E+09  7.8532E-01
  6.4920E+00  7.2400E+09  7.8237E-01
  6.5887E+00  7.4961E+09  7.7940E-01
  6.6862E+00  7.7591E+09  7.7640E-01
  6.7843E+00  8.0292E+09  7.7339E-01
  6.8831E+00  8.3065E+09  7.7035E-01
  6.9827E+00  8.5912E+09  7.6729E-01
  7.0830E+00  8.8834E+09  7.6421E-01
  7.1840E+00  9.1833E+09  7.6112E-01
  7.2857E+00  9.4911E+09  7.5800E-01
  7.3882E+00  9.8068E+09  7.5486E-01
  7.4913E+00  1.0131E+10  7.5170E-01
  7.5953E+00  1.0463E+10  7.4853E-01
  7.7000E+00  1.0804E+10  7.4533E-01
  7.8054E+00  1.1153E+10  7.4212E-01
  7.9116E+00  1.1512E+10  7.3889E-01
  8.0186E+00  1.1879E+10  7.3564E-01
  8.1263E+00  1.2256E+10  7.3237E-01
  8.2348E+00  1.2642E+10  7.2909E-01
  8.3441E+00  1.3038E+10  7.2579E-01
  8.4542E+00  1.3443E+10  7.2247E-01
  8.5651E+00  1.3859E+10  7.1914E-01
  8.6767E+00  1.4285E+10  7.1579E-01
  8.7892E+00  1.4721E+10  7.1243E-01
  8.9025E+00  1.5168E+10  7.0905E-01
  9.0166E+00  1.5626E+10  7.0566E-01
  9.1315E+00  1.6095E+10  7.0225E-01
  9.2472E+00  1.6575E+10  6.9883E-01
  9.3638E+00  1.7067E+10  6.9539E-01
  9.4812E+00  1.7570E+10  6.9194E-01
  9.5995E+00  1.8086E+10  6.8848E-01
  9.7186E+00  1.8613E+10  6.8501E-01
  9.8386E+00  1.9154E+10  6.8152E-01
  9.9594E+00  1.9706E+10  6.7803E-01
  1.0081E+01  2.0272E+10  6.7452E-01
  1.0204E+01  2.0851E+10  6.7100E-01
  1.0327E+01  2.1444E+10  6.6748E-01
  1.0452E+01  2.2050E+10  6.6394E-01
  1.0577E+01  2.2671E+10  6.6039E-01
  1.0703E+01  2.3305E+10  6.5684E-01
  1.0830E+01  2.3955E+10  6.5327E-01
  1.0958E+01  2.4619E+10  6.4970E-01
  1.1087E+01  2.5298E+10  6.4612E-01
  1.1217E+01  2.5993E+10  6.4254E-01
  1.1347E+01  2.6703E+10  6.3895E-01
  1.1479E+01  2.7430E+10  6.3535E-01
  1.1612E+01  2.8172E+10  6.3175E-01
  1.1745E+01  2.8932E+10  6.2814E-01
  1.1880E+01  2.9708E+10  6.2453E-01
  1.2016E+01  3.0502E+10  6.2091E-01
  1.2152E+01  3.1313E+10  6.1729E-01
  1.2290E+01  3.2142E+10  6.1367E-01
  1.2428E+01  3.2990E+10  6.1004E-01
  1.2568E+01  3.3856E+10  6.0641E-01
  1.2708E+01  3.4741E+10  6.0279E-01
  1.2849E+01  3.5646E+10  5.9916E-01
  1.2992E+01  3.6570E+10  5.9553E-01
  1.3136E+01  3.7515E+10  5.9189E-01
  1.3280E+01  3.8479E+10  5.8826E-01
  1.3426E+01  3.9465E+10  5.8464E-01
  1.3572E+01  4.0472E+10  5.8101E-01
  1.3720E+01  4.1500E+10  5.7738E-01
  1.3869E+01  4.2550E+10  5.7376E-01
  1.4019E+01  4.3623E+10  5.7014E-01
  1.4170E+01  4.4719E+10  5.6652E-01
  1.4322E+01  4.5838E+10  5.6291E-01
  1.4475E+01  4.6980E+10  5.5930E-01
  1.4629E+01  4.8146E+10  5.5569E-01
  1.4784E+01  4.9337E+10  5.5209E-01
  1.4941E+01  5.0553E+10  5.4850E-01
  1.5098E+01  5.1795E+10  5.4491E-01
  1.5257E+01  5.3062E+10  5.4133E-01
  1.5417E+01  5.4355E+10  5.3776E-01
  1.5578E+01  5.5676E+10  5.3419E-01
  1.5740E+01  5.7023E+10  5.3063E-01
  1.5903E+01  5.8398E+10  5.2708E-01
  1.6068E+01  5.9802E+10  5.2354E-01
  1.6234E+01  6.1234E+10  5.2001E-01
  1.6401E+01  6.2695E+10  5.1648E-01
  1.6569E+01  6.4186E+10  5.1297E-01
  1.6738E+01  6.5708E+10  5.0947E-01
  1.6908E+01  6.7260E+10  5.0598E-01
  1.7080E+01  6.8843E+10  5.0250E-01
  1.7253E+01  7.0458E+10  4.9903E-01
  1.7427E+01  7.2106E+10  4.9558E-01
  1.7603E+01  7.3786E+10  4.9213E-01
  1.7780E+01  7.5500E+10  4.8870E-01
  1.7958E+01  7.7249E+10  4.8528E-01
  1.8137E+01  7.9031E+10  4.8188E-01
  1.8317E+01  8.0849E+10  4.7849E-01
  1.8499E+01  8.2703E+10  4.7512E-01
  1.8683E+01  8.4593E+10  4.7176E-01
  1.8867E+01  8.6520E+10  4.6841E-01
  1.9053E+01  8.8485E+10  4.6508E-01
  1.9240E+01  9.0488E+10  4.6176E-01
  1.9429E+01  9.2530E+10  4.5847E-01
  1.9619E+01  9.4611E+10  4.5518E-01
  1.9810E+01  9.6733E+10  4.5192E-01
  2.0002E+01  9.8895E+10  4.4867E-01
  2.0196E+01  1.0110E+11  4.4544E-01
  2.0392E+01  1.0335E+11  4.4222E-01
  2.0589E+01  1.0563E+11  4.3902E-01
  2.0787E+01  1.0797E+11  4.3585E-01
  2.0987E+01  1.1034E+11  4.3268E-01
  2.1188E+01  1.1276E+11  4.2954E-01
  2.1390E+01  1.1523E+11  4.2642E-01
  2.1594E+01  1.1775E+11  4.2331E-01
  2.1800E+01  1.2031E+11  4.2023E-01
  2.2007E+01  1.2291E+11  4.1716E-01
  2.2215E+01  1.2557E+11  4.1412E-01
  2.2425E+01  1.2828E+11  4.1109E-01
  2.2637E+01  1.3103E+11  4.0808E-01
  2.2850E+01  1.3384E+11  4.0509E-01
  2.3064E+01  1.3670E+11  4.0213E-01
  2.3280E+01  1.3961E+11  3.9918E-01
  2.3498E+01  1.4257E+11  3.9625E-01
  2.3717E+01  1.4559E+11  3.9335E-01
  2.3938E+01  1.4867E+11  3.9046E-01
  2.4160E+01  1.5179E+11  3.8760E-01
  2.4384E+01  1.5498E+11  3.8476E-01
  2.4610E+01  1.5822E+11  3.8194E-01
  2.4837E+01  1.6152E+11  3.7914E-01
  2.5066E+01  1.6488E+11  3.7636E-01
  2.5296E+01  1.6830E+11  3.7360E-01
  2.5528E+01  1.7178E+11  3.7087E-01
  2.5762E+01  1.7532E+11  3.6815E-01
  2.5997E+01  1.7892E+11  3.6546E-01
  2.6235E+01  1.8259E+11  3.6279E-01
  2.6473E+01  1.8632E+11  3.6014E-01
  2.6714E+01  1.9012E+11  3.5751E-01
  2.6956E+01  1.9398E+11  3.5491E-01
  2.7201E+01  1.9791E+11  3.5232E-01
  2.7446E+01  2.0190E+11  3.4976E-01
  2.7694E+01  2.0597E+11  3.4722E-01
  2.7943E+01  2.1010E+11  3.4471E-01
  2.8195E+01  2.1431E+11  3.4221E-01
  2.8448E+01  2.1859E+11  3.3974E-01
  2.8702E+01  2.2293E+11  3.3729E-01
  2.8959E+01  2.2736E+11  3.3486E-01
  2.9218E+01  2.3185E+11  3.3245E-01
  2.9478E+01  2.3643E+11  3.3006E-01
  2.9740E+01  2.4108E+11  3.2770E-01
  3.0004E+01  2.4580E+11  3.2536E-01
  3.0270E+01  2.5061E+11  3.2304E-01
  3.0538E+01  2.5549E+11  3.2074E-01
  3.0808E+01  2.6045E+11  3.1846E-01
  3.1080E+01  2.6550E+11  3.1620E-01
  3.1354E+01  2.7063E+11  3.1397E-01
  3.1629E+01  2.7584E+11  3.1176E-01
  3.1907E+01  2.8113E+11  3.0957E-01
  3.2187E+01  2.8651E+11  3.0740E-01
  3.2469E+01  2.9198E+11  3.0525E-01
  3.2752E+01  2.9753E+11  3.0312E-01
  3.3038E+01  3.0317E+11  3.0101E-01
  3.3326E+01  3.0891E+11  2.9892E-01
  3.3616E+01  3.1473E+11  2.9686E-01
  3.3908E+01  3.2064E+11  2.9481E-01
  3.4202E+01  3.2665E+11  2.9279E-01
  3.4499E+01  3.3275E+11  2.9078E-01
  3.4797E+01  3.3894E+11  2.8880E-01
  3.5097E+01  3.4523E+11  2.8684E-01
  3.5400E+01  3.5162E+11  2.8489E-01
  3.5705E+01  3.5810E+11  2.8297E-01
  3.6012E+01  3.6469E+11  2.8107E-01
  3.6321E+01  3.7137E+11  2.7918E-01
  3.6633E+01  3.7815E+11  2.7732E-01
  3.6947E+01  3.8504E+11  2.7547E-01
  3.7263E+01  3.9203E+11  2.7364E-01
  3.7581E+01  3.9912E+11  2.7184E-01
  3.7902E+01  4.0632E+11  2.7005E-01
  3.8224E+01  4.1362E+11  2.6828E-01
  3.8550E+01  4.2104E+11  2.6652E-01
  3.8877E+01  4.2855E+11  2.6479E-01
  3.9207E+01  4.3618E+11  2.6308E-01
  3.9539E+01  4.4392E+11  2.6138E-01
  3.9874E+01  4.5177E+11  2.5970E-01
  4.0211E+01  4.5974E+11  2.5804E-01
  4.0551E+01  4.6781E+11  2.5639E-01
  4.0893E+01  4.7601E+11  2.5477E-01
  4.1237E+01  4.8431E+11  2.5316E-01
  4.1584E+01  4.9274E+11  2.5156E-01
  4.1933E+01  5.0128E+11  2.4999E-01
  4.2285E+01  5.0994E+11  2.4843E-01
  4.2640E+01  5.1872E+11  2.4688E-01
  4.2997E+01  5.2762E+11  2.4536E-01
  4.3356E+01  5.3664E+11  2.4385E-01
  4.3719E+01  5.4578E+11  2.4235E-01
  4.4083E+01  5.5505E+11  2.4087E-01
  4.4451E+01  5.6444E+11  2.3941E-01
  4.4821E+01  5.7396E+11  2.3796E-01
  4.5194E+01  5.8361E+11  2.3653E-01
  4.5569E+01  5.9338E+11  2.3511E-01
  4.5947E+01  6.0328E+11  2.3371E-01
  4.6328E+01  6.1332E+11  2.3232E-01
  4.6711E+01  6.2348E+11  2.3095E-01
  4.7098E+01  6.3377E+11  2.2959E-01
  4.7487E+01  6.4420E+11  2.2824E-01
  4.7879E+01  6.5476E+11  2.2691E-01
  4.8273E+01  6.6545E+11  2.2559E-01
  4.8671E+01  6.7628E+11  2.2429E-01
  4.9071E+01  6.8725E+11  2.2299E-01
  4.9475E+01  6.9836E+11  2.2172E-01
  4.9881E+01  7.0960E+11  2.2045E-01
  5.0290E+01  7.2098E+11  2.1920E-01
  5.0702E+01  7.3250E+11  2.1796E-01
  5.1117E+01  7.4417E+11  2.1673E-01
  5.1535E+01  7.5598E+11  2.1552E-01
  5.1956E+01  7.6792E+11  2.1432E-01
  5.2380E+01  7.8002E+11  2.1313E-01
  5.2808E+01  7.9226E+11  2.1195E-01
  5.3238E+01  8.0464E+11  2.1078E-01
  5.3671E+01  8.1717E+11  2.0963E-01
  5.4108E+01  8.2985E+11  2.0848E-01
  5.4547E+01  8.4268E+11  2.0735E-01
  5.4990E+01  8.5566E+11  2.0623E-01
  5.5436E+01  8.6878E+11  2.0512E-01
  5.5885E+01  8.8206E+11  2.0402E-01
  5.6337E+01  8.9549E+11  2.0293E-01
  5.6793E+01  9.0908E+11  2.0185E-01
  5.7252E+01  9.2282E+11  2.0078E-01
  5.7714E+01  9.3671E+11  1.9972E-01
  5.8180E+01  9.5076E+11  1.9867E-01
  5.8649E+01  9.6497E+11  1.9763E-01
  5.9121E+01  9.7934E+11  1.9660E-01
  5.9596E+01  9.9386E+11  1.9558E-01
  6.0076E+01  1.0085E+12  1.9457E-01
  6.0558E+01  1.0234E+12  1.9357E-01
  6.1044E+01  1.0384E+12  1.9258E-01
  6.1534E+01  1.0536E+12  1.9160E-01
  6.2027E+01  1.0689E+12  1.9062E-01
  6.2523E+01  1.0844E+12  1.8966E-01
  6.3023E+01  1.1001E+12  1.8870E-01
  6.3527E+01  1.1159E+12  1.8775E-01
  6.4035E+01  1.1319E+12  1.8681E-01
  6.4546E+01  1.1481E+12  1.8588E-01
  6.5060E+01  1.1644E+12  1.8496E-01
  6.5579E+01  1.1809E+12  1.8404E-01
  6.6101E+01  1.1976E+12  1.8313E-01
  6.6627E+01  1.2145E+12  1.8223E-01
  6.7157E+01  1.2315E+12  1.8134E-01
  6.7690E+01  1.2487E+12  1.8046E-01
  6.8228E+01  1.2661E+12  1.7958E-01
  6.8769E+01  1.2836E+12  1.7871E-01
  6.9314E+01  1.3014E+12  1.7785E-01
  6.9863E+01  1.3193E+12  1.7700E-01
  7.0416E+01  1.3374E+12  1.7615E-01
  7.0973E+01  1.3557E+12  1.7531E-01
  7.1534E+01  1.3741E+12  1.7448E-01
  7.2099E+01  1.3928E+12  1.7365E-01
  7.2668E+01  1.4116E+12  1.7283E-01
  7.3241E+01  1.4307E+12  1.7202E-01
  7.3819E+01  1.4499E+12  1.7121E-01
  7.4400E+01  1.4693E+12  1.7042E-01
  7.4986E+01  1.4889E+12  1.6962E-01
  7.5576E+01  1.5087E+12  1.6884E-01
  7.6170E+01  1.5287E+12  1.6806E-01
  7.6768E+01  1.5489E+12  1.6729E-01
  7.7371E+01  1.5693E+12  1.6652E-01
  7.7978E+01  1.5899E+12  1.6576E-01
  7.8590E+01  1.6107E+12  1.6500E-01
  7.9205E+01  1.6317E+12  1.6426E-01
  7.9826E+01  1.6529E+12  1.6351E-01
  8.0450E+01  1.6743E+12  1.6278E-01
  8.1080E+01  1.6959E+12  1.6205E-01
  8.1713E+01  1.7177E+12  1.6133E-01
  8.2352E+01  1.7398E+12  1.6061E-01
  8.2995E+01  1.7620E+12  1.5990E-01
  8.3642E+01  1.7845E+12  1.5919E-01
  8.4294E+01  1.8072E+12  1.5849E-01
  8.4951E+01  1.8301E+12  1.5779E-01
  8.5613E+01  1.8533E+12  1.5711E-01
  8.6279E+01  1.8767E+12  1.5642E-01
  8.6951E+01  1.9003E+12  1.5574E-01
  8.7627E+01  1.9241E+12  1.5507E-01
  8.8308E+01  1.9482E+12  1.5441E-01
  8.8993E+01  1.9725E+12  1.5374E-01
  8.9684E+01  1.9970E+12  1.5309E-01
  9.0380E+01  2.0218E+12  1.5244E-01
  9.1081E+01  2.0468E+12  1.5180E-01
  9.1786E+01  2.0721E+12  1.5116E-01
  9.2497E+01  2.0976E+12  1.5052E-01
  9.3213E+01  2.1234E+12  1.4989E-01
  9.3934E+01  2.1494E+12  1.4927E-01
  9.4661E+01  2.1757E+12  1.4865E-01
  9.5392E+01  2.2022E+12  1.4804E-01
  9.6129E+01  2.2290E+12  1.4744E-01
  9.6871E+01  2.2561E+12  1.4683E-01
  9.7619E+01  2.2834E+12  1.4624E-01
  9.8372E+01  2.3110E+12  1.4565E-01
  9.9130E+01  2.3389E+12  1.4506E-01
  9.9894E+01  2.3671E+12  1.4448E-01
  1.0066E+02  2.3955E+12  1.4390E-01
  1.0144E+02  2.4243E+12  1.4333E-01
  1.0222E+02  2.4533E+12  1.4277E-01
  1.0300E+02  2.4826E+12  1.4221E-01
  1.0380E+02  2.5122E+12  1.4165E-01
  1.0459E+02  2.5421E+12  1.4110E-01
  1.0540E+02  2.5724E+12  1.4056E-01
  1.0620E+02  2.6029E+12  1.4002E-01
  1.0702E+02  2.6337E+12  1.3948E-01
  1.0784E+02  2.6649E+12  1.3896E-01
  1.0867E+02  2.6964E+12  1.3843E-01
  1.0950E+02  2.7281E+12  1.3791E-01
  1.1034E+02  2.7603E+12  1.3740E-01
  1.1118E+02  2.7927E+12  1.3689E-01
  1.1203E+02  2.8255E+12  1.3638E-01
  1.1289E+02  2.8587E+12  1.3588E-01
  1.1375E+02  2.8921E+12  1.3539E-01
  1.1462E+02  2.9260E+12  1.3490E-01
  1.1550E+02  2.9601E+12  1.3441E-01
  1.1638E+02  2.9947E+12  1.3393E-01
  1.1727E+02  3.0296E+12  1.3346E-01
  1.1816E+02  3.0649E+12  1.3299E-01
  1.1906E+02  3.1005E+12  1.3252E-01
  1.1997E+02  3.1365E+12  1.3206E-01
  1.2088E+02  3.1729E+12  1.3161E-01
  1.2180E+02  3.2097E+12  1.3116E-01
  1.2273E+02  3.2469E+12  1.3071E-01
  1.2366E+02  3.2845E+12  1.3027E-01
  1.2460E+02  3.3225E+12  1.2984E-01
  1.2555E+02  3.3608E+12  1.2940E-01
  1.2650E+02  3.3996E+12  1.2898E-01
  1.2746E+02  3.4389E+12  1.2856E-01
  1.2843E+02  3.4785E+12  1.2814E-01
  1.2941E+02  3.5186E+12  1.2773E-01
  1.3039E+02  3.5591E+12  1.2732E-01
  1.3138E+02  3.6000E+12  1.2692E-01
  1.3237E+02  3.6414E+12  1.2652E-01
  1.3338E+02  3.6833E+12  1.2612E-01
  1.3439E+02  3.7256E+12  1.2573E-01
  1.3540E+02  3.7684E+12  1.2535E-01
  1.3643E+02  3.8116E+12  1.2497E-01
  1.3746E+02  3.8553E+12  1.2459E-01
  1.3850E+02  3.8995E+12  1.2422E-01
  1.3955E+02  3.9442E+12  1.2386E-01
  1.4060E+02  3.9894E+12  1.2350E-01
  1.4167E+02  4.0351E+12  1.2314E-01
  1.4274E+02  4.0813E+12  1.2279E-01
  1.4381E+02  4.1280E+12  1.2244E-01
  1.4490E+02  4.1752E+12  1.2210E-01
  1.4599E+02  4.2229E+12  1.2176E-01
  1.4709E+02  4.2712E+12  1.2142E-01
  1.4820E+02  4.3200E+12  1.2109E-01
  1.4932E+02  4.3694E+12  1.2076E-01
  1.5044E+02  4.4193E+12  1.2044E-01
  1.5158E+02  4.4698E+12  1.2013E-01
  1.5272E+02  4.5209E+12  1.1981E-01
  1.5387E+02  4.5725E+12  1.1950E-01
  1.5503E+02  4.6247E+12  1.1920E-01
  1.5619E+02  4.6775E+12  1.1890E-01
  1.5737E+02  4.7309E+12  1.1860E-01
  1.5855E+02  4.7849E+12  1.1831E-01
  1.5974E+02  4.8395E+12  1.1802E-01
  1.6094E+02  4.8947E+12  1.1774E-01
  1.6215E+02  4.9505E+12  1.1746E-01
  1.6337E+02  5.0070E+12  1.1719E-01
  1.6459E+02  5.0641E+12  1.1691E-01
  1.6583E+02  5.1219E+12  1.1665E-01
  1.6707E+02  5.1803E+12  1.1638E-01
  1.6833E+02  5.2393E+12  1.1613E-01
  1.6959E+02  5.2991E+12  1.1587E-01
  1.7086E+02  5.3595E+12  1.1562E-01
  1.7214E+02  5.4206E+12  1.1537E-01
  1.7343E+02  5.4824E+12  1.1513E-01
  1.7473E+02  5.5449E+12  1.1489E-01
  1.7604E+02  5.6082E+12  1.1465E-01
  1.7735E+02  5.6721E+12  1.1442E-01
  1.7868E+02  5.7368E+12  1.1419E-01
  1.8002E+02  5.8022E+12  1.1397E-01
  1.8136E+02  5.8683E+12  1.1375E-01
  1.8272E+02  5.9352E+12  1.1353E-01
  1.8408E+02  6.0028E+12  1.1332E-01
  1.8546E+02  6.0713E+12  1.1311E-01
  1.8685E+02  6.1404E+12  1.1290E-01
  1.8824E+02  6.2104E+12  1.1270E-01
  1.8965E+02  6.2812E+12  1.1250E-01
  1.9106E+02  6.3528E+12  1.1231E-01
  1.9249E+02  6.4252E+12  1.1212E-01
  1.9392E+02  6.4984E+12  1.1193E-01
  1.9537E+02  6.5724E+12  1.1174E-01
  1.9683E+02  6.6473E+12  1.1156E-01
  1.9829E+02  6.7230E+12  1.1139E-01
  1.9977E+02  6.7996E+12  1.1121E-01
  2.0126E+02  6.8770E+12  1.1104E-01
  2.0276E+02  6.9553E+12  1.1087E-01
  2.0427E+02  7.0345E+12  1.1071E-01
  2.0579E+02  7.1146E+12  1.1055E-01
  2.0732E+02  7.1956E+12  1.1039E-01
  2.0886E+02  7.2775E+12  1.1023E-01
  2.1042E+02  7.3603E+12  1.1008E-01
  2.1198E+02  7.4440E+12  1.0993E-01
  2.1356E+02  7.5287E+12  1.0979E-01
  2.1515E+02  7.6143E+12  1.0965E-01
  2.1674E+02  7.7009E+12  1.0951E-01
  2.1836E+02  7.7885E+12  1.0937E-01
  2.1998E+02  7.8770E+12  1.0924E-01
  2.2161E+02  7.9665E+12  1.0911E-01
  2.2326E+02  8.0570E+12  1.0898E-01
  2.2491E+02  8.1485E+12  1.0886E-01
  2.2658E+02  8.2411E+12  1.0874E-01
  2.2827E+02  8.3346E+12  1.0862E-01
  2.2996E+02  8.4292E+12  1.0850E-01
  2.3166E+02  8.5248E+12  1.0839E-01
  2.3338E+02  8.6215E+12  1.0828E-01
  2.3511E+02  8.7193E+12  1.0817E-01
  2.3686E+02  8.8181E+12  1.0807E-01
  2.3861E+02  8.9180E+12  1.0797E-01
  2.4038E+02  9.0190E+12  1.0787E-01
  2.4216E+02  9.1211E+12  1.0777E-01
  2.4395E+02  9.2243E+12  1.0768E-01
  2.4576E+02  9.3287E+12  1.0758E-01
  2.4758E+02  9.4341E+12  1.0750E-01
  2.4941E+02  9.5408E+12  1.0741E-01
  2.5126E+02  9.6486E+12  1.0733E-01
  2.5312E+02  9.7575E+12  1.0724E-01
  2.5499E+02  9.8676E+12  1.0717E-01
  2.5687E+02  9.9789E+12  1.0709E-01
  2.5877E+02  1.0091E+13  1.0702E-01
  2.6069E+02  1.0205E+13  1.0694E-01
  2.6261E+02  1.0320E+13  1.0688E-01
  2.6456E+02  1.0436E+13  1.0681E-01
  2.6651E+02  1.0554E+13  1.0674E-01
  2.6848E+02  1.0672E+13  1.0668E-01
  2.7046E+02  1.0792E+13  1.0662E-01
  2.7246E+02  1.0913E+13  1.0656E-01
  2.7447E+02  1.1036E+13  1.0651E-01
  2.7650E+02  1.1160E+13  1.0645E-01
  2.7854E+02  1.1285E+13  1.0640E-01
  2.8059E+02  1.1411E+13  1.0635E-01
  2.8266E+02  1.1539E+13  1.0631E-01
  2.8475E+02  1.1668E+13  1.0626E-01
  2.8685E+02  1.1798E+13  1.0622E-01
  2.8896E+02  1.1930E+13  1.0618E-01
  2.9109E+02  1.2063E+13  1.0614E-01
  2.9324E+02  1.2198E+13  1.0610E-01
  2.9540E+02  1.2333E+13  1.0607E-01
  2.9758E+02  1.2471E+13  1.0603E-01
  2.9977E+02  1.2609E+13  1.0600E-01
  3.0198E+02  1.2749E+13  1.0597E-01
  3.0420E+02  1.2891E+13  1.0595E-01
  3.0644E+02  1.3034E+13  1.0592E-01
  3.0870E+02  1.3178E+13  1.0590E-01
  3.1097E+02  1.3324E+13  1.0587E-01
  3.1326E+02  1.3472E+13  1.0585E-01
  3.1557E+02  1.3621E+13  1.0584E-01
  3.1789E+02  1.3771E+13  1.0582E-01
  3.2023E+02  1.3923E+13  1.0580E-01
  3.2258E+02  1.4076E+13  1.0579E-01
  3.2496E+02  1.4231E+13  1.0578E-01
  3.2735E+02  1.4388E+13  1.0577E-01
  3.2975E+02  1.4546E+13  1.0576E-01
  3.3218E+02  1.4706E+13  1.0575E-01
  3.3462E+02  1.4867E+13  1.0575E-01
  3.3708E+02  1.5030E+13  1.0574E-01
  3.3956E+02  1.5194E+13  1.0574E-01
  3.4205E+02  1.5360E+13  1.0574E-01
  3.4456E+02  1.5528E+13  1.0574E-01
  3.4709E+02  1.5697E+13  1.0575E-01
  3.4964E+02  1.5868E+13  1.0575E-01
  3.5221E+02  1.6041E+13  1.0576E-01
  3.5480E+02  1.6215E+13  1.0576E-01
  3.5740E+02  1.6391E+13  1.0577E-01
  3.6002E+02  1.6569E+13  1.0578E-01
  3.6267E+02  1.6748E+13  1.0579E-01
  3.6533E+02  1.6930E+13  1.0580E-01
  3.6801E+02  1.7112E+13  1.0582E-01
  3.7071E+02  1.7297E+13  1.0583E-01
  3.7343E+02  1.7483E+13  1.0585E-01
  3.7617E+02  1.7672E+13  1.0587E-01
  3.7892E+02  1.7861E+13  1.0589E-01
  3.8170E+02  1.8053E+13  1.0591E-01
  3.8450E+02  1.8247E+13  1.0593E-01
  3.8732E+02  1.8442E+13  1.0595E-01
  3.9016E+02  1.8639E+13  1.0598E-01
  3.9302E+02  1.8838E+13  1.0600E-01
  3.9590E+02  1.9039E+13  1.0603E-01
  3.9880E+02  1.9242E+13  1.0606E-01
  4.0172E+02  1.9447E+13  1.0609E-01
  4.0466E+02  1.9653E+13  1.0612E-01
  4.0762E+02  1.9862E+13  1.0615E-01
  4.1061E+02  2.0072E+13  1.0618E-01
  4.1362E+02  2.0284E+13  1.0621E-01
  4.1664E+02  2.0498E+13  1.0625E-01
  4.1969E+02  2.0715E+13  1.0629E-01
  4.2277E+02  2.0933E+13  1.0632E-01
  4.2586E+02  2.1153E+13  1.0636E-01
  4.2898E+02  2.1375E+13  1.0640E-01
  4.3211E+02  2.1599E+13  1.0644E-01
  4.3528E+02  2.1825E+13  1.0648E-01
  4.3846E+02  2.2053E+13  1.0652E-01
  4.4167E+02  2.2284E+13  1.0657E-01
  4.4490E+02  2.2516E+13  1.0661E-01
  4.4815E+02  2.2750E+13  1.0666E-01
  4.5143E+02  2.2987E+13  1.0671E-01
  4.5473E+02  2.3225E+13  1.0675E-01
  4.5805E+02  2.3466E+13  1.0680E-01
  4.6140E+02  2.3708E+13  1.0685E-01
  4.6477E+02  2.3953E+13  1.0690E-01
  4.6817E+02  2.4200E+13  1.0695E-01
  4.7159E+02  2.4450E+13  1.0701E-01
  4.7503E+02  2.4701E+13  1.0706E-01
  4.7850E+02  2.4954E+13  1.0711E-01
  4.8200E+02  2.5210E+13  1.0717E-01
  4.8552E+02  2.5468E+13  1.0723E-01
  4.8906E+02  2.5728E+13  1.0728E-01
  4.9264E+02  2.5991E+13  1.0734E-01
  4.9623E+02  2.6255E+13  1.0740E-01
  4.9986E+02  2.6522E+13  1.0746E-01
  5.0350E+02  2.6792E+13  1.0752E-01
  5.0718E+02  2.7063E+13  1.0758E-01
  5.1088E+02  2.7337E+13  1.0765E-01
  5.1461E+02  2.7613E+13  1.0771E-01
  5.1837E+02  2.7892E+13  1.0777E-01
  5.2215E+02  2.8173E+13  1.0784E-01
  5.2596E+02  2.8456E+13  1.0791E-01
  5.2979E+02  2.8741E+13  1.0797E-01
  5.3366E+02  2.9029E+13  1.0804E-01
  5.3755E+02  2.9320E+13  1.0811E-01
  5.4147E+02  2.9613E+13  1.0818E-01
  5.4542E+02  2.9908E+13  1.0825E-01
  5.4940E+02  3.0206E+13  1.0832E-01
  5.5340E+02  3.0506E+13  1.0839E-01
  5.5744E+02  3.0809E+13  1.0847E-01
  5.6150E+02  3.1114E+13  1.0854E-01
  5.6559E+02  3.1421E+13  1.0862E-01
  5.6972E+02  3.1732E+13  1.0869E-01
  5.7387E+02  3.2044E+13  1.0877E-01
  5.7805E+02  3.2360E+13  1.0885E-01
  5.8226E+02  3.2678E+13  1.0892E-01
  5.8650E+02  3.2998E+13  1.0900E-01
  5.9078E+02  3.3321E+13  1.0908E-01
  5.9508E+02  3.3647E+13  1.0916E-01
  5.9941E+02  3.3975E+13  1.0925E-01
  6.0378E+02  3.4306E+13  1.0933E-01
  6.0818E+02  3.4640E+13  1.0941E-01
  6.1261E+02  3.4977E+13  1.0950E-01
  6.1707E+02  3.5316E+13  1.0958E-01
  6.2156E+02  3.5657E+13  1.0967E-01
  6.2609E+02  3.6002E+13  1.0975E-01
  6.3064E+02  3.6349E+13  1.0984E-01
  6.3523E+02  3.6699E+13  1.0993E-01
  6.3986E+02  3.7052E+13  1.1002E-01
  6.4451E+02  3.7408E+13  1.1011E-01
  6.4920E+02  3.7766E+13  1.1020E-01
  6.5393E+02  3.8128E+13  1.1029E-01
  6.5869E+02  3.8492E+13  1.1038E-01
  6.6348E+02  3.8859E+13  1.1047E-01
  6.6831E+02  3.9229E+13  1.1057E-01
  6.7317E+02  3.9602E+13  1.1066E-01
  6.7807E+02  3.9978E+13  1.1076E-01
  6.8300E+02  4.0356E+13  1.1086E-01
  6.8797E+02  4.0738E+13  1.1095E-01
  6.9297E+02  4.1123E+13  1.1105E-01
  6.9801E+02  4.1510E+13  1.1115E-01
  7.0308E+02  4.1901E+13  1.1125E-01
  7.0820E+02  4.2295E+13  1.1135E-01
  7.1335E+02  4.2692E+13  1.1145E-01
  7.1853E+02  4.3092E+13  1.1156E-01
  7.2375E+02  4.3495E+13  1.1166E-01
  7.2902E+02  4.3901E+13  1.1177E-01
  7.3431E+02  4.4310E+13  1.1187E-01
  7.3965E+02  4.4723E+13  1.1198E-01
  7.4503E+02  4.5138E+13  1.1208E-01
  7.5044E+02  4.5557E+13  1.1219E-01
  7.5589E+02  4.5979E+13  1.1230E-01
  7.6139E+02  4.6404E+13  1.1241E-01
  7.6692E+02  4.6833E+13  1.1252E-01
  7.7249E+02  4.7265E+13  1.1263E-01
  7.7810E+02  4.7700E+13  1.1275E-01
  7.8375E+02  4.8139E+13  1.1286E-01
  7.8945E+02  4.8581E+13  1.1297E-01
  7.9518E+02  4.9026E+13  1.1309E-01
  8.0096E+02  4.9474E+13  1.1321E-01
  8.0677E+02  4.9927E+13  1.1332E-01
  8.1263E+02  5.0382E+13  1.1344E-01
  8.1853E+02  5.0841E+13  1.1356E-01
  8.2448E+02  5.1304E+13  1.1368E-01
  8.3046E+02  5.1770E+13  1.1380E-01
  8.3649E+02  5.2239E+13  1.1393E-01
  8.4257E+02  5.2712E+13  1.1405E-01
  8.4868E+02  5.3189E+13  1.1417E-01
  8.5484E+02  5.3669E+13  1.1430E-01
  8.6105E+02  5.4153E+13  1.1443E-01
  8.6730E+02  5.4641E+13  1.1455E-01
  8.7359E+02  5.5132E+13  1.1468E-01
  8.7993E+02  5.5627E+13  1.1481E-01
  8.8632E+02  5.6126E+13  1.1494E-01
  8.9275E+02  5.6629E+13  1.1507E-01
  8.9923E+02  5.7135E+13  1.1521E-01
  9.0575E+02  5.7646E+13  1.1534E-01
  9.1232E+02  5.8160E+13  1.1547E-01
  9.1894E+02  5.8678E+13  1.1561E-01
  9.2561E+02  5.9200E+13  1.1575E-01
  9.3232E+02  5.9726E+13  1.1589E-01
  9.3908E+02  6.0255E+13  1.1603E-01
  9.4590E+02  6.0789E+13  1.1617E-01
  9.5276E+02  6.1327E+13  1.1631E-01
  9.5967E+02  6.1869E+13  1.1645E-01
  9.6663E+02  6.2415E+13  1.1659E-01
  9.7364E+02  6.2965E+13  1.1674E-01
  9.8070E+02  6.3520E+13  1.1689E-01
  9.8781E+02  6.4078E+13  1.1703E-01
  9.9497E+02  6.4641E+13  1.1718E-01
  1.0022E+03  6.5208E+13  1.1733E-01
  1.0094E+03  6.5780E+13  1.1748E-01
  1.0168E+03  6.6355E+13  1.1764E-01
  1.0241E+03  6.6935E+13  1.1779E-01
  1.0316E+03  6.7520E+13  1.1794E-01
  1.0390E+03  6.8108E+13  1.1810E-01
  1.0466E+03  6.8702E+13  1.1826E-01
  1.0542E+03  6.9300E+13  1.1842E-01
  1.0618E+03  6.9902E+13  1.1858E-01
  1.0695E+03  7.0509E+13  1.1874E-01
  1.0772E+03  7.1120E+13  1.1890E-01
  1.0850E+03  7.1737E+13  1.1907E-01
  1.0929E+03  7.2357E+13  1.1923E-01
  1.1008E+03  7.2983E+13  1.1940E-01
  1.1088E+03  7.3613E+13  1.1957E-01
  1.1168E+03  7.4249E+13  1.1974E-01
  1.1249E+03  7.4889E+13  1.1991E-01
  1.1331E+03  7.5533E+13  1.2008E-01
  1.1413E+03  7.6183E+13  1.2026E-01
  1.1496E+03  7.6838E+13  1.2043E-01
  1.1579E+03  7.7498E+13  1.2061E-01
  1.1663E+03  7.8163E+13  1.2079E-01
  1.1747E+03  7.8833E+13  1.2097E-01
  1.1832E+03  7.9508E+13  1.2115E-01
  1.1918E+03  8.0188E+13  1.2133E-01
  1.2004E+03  8.0874E+13  1.2152E-01
  1.2091E+03  8.1564E+13  1.2170E-01
  1.2179E+03  8.2260E+13  1.2189E-01
  1.2267E+03  8.2962E+13  1.2208E-01
  1.2356E+03  8.3669E+13  1.2227E-01
  1.2445E+03  8.4381E+13  1.2246E-01
  1.2535E+03  8.5099E+13  1.2266E-01
  1.2626E+03  8.5822E+13  1.2285E-01
  1.2717E+03  8.6552E+13  1.2305E-01
  1.2809E+03  8.7286E+13  1.2325E-01
  1.2902E+03  8.8027E+13  1.2345E-01
  1.2996E+03  8.8773E+13  1.2365E-01
  1.3090E+03  8.9525E+13  1.2386E-01
  1.3184E+03  9.0283E+13  1.2406E-01
  1.3280E+03  9.1047E+13  1.2427E-01
  1.3376E+03  9.1816E+13  1.2448E-01
  1.3473E+03  9.2592E+13  1.2469E-01
  1.3570E+03  9.3374E+13  1.2491E-01
  1.3668E+03  9.4162E+13  1.2512E-01
  1.3767E+03  9.4957E+13  1.2534E-01
  1.3867E+03  9.5757E+13  1.2556E-01
  1.3967E+03  9.6564E+13  1.2578E-01
  1.4068E+03  9.7378E+13  1.2600E-01
  1.4170E+03  9.8197E+13  1.2622E-01
  1.4273E+03  9.9024E+13  1.2645E-01
  1.4376E+03  9.9857E+13  1.2668E-01
  1.4480E+03  1.0070E+14  1.2691E-01
  1.4585E+03  1.0154E+14  1.2714E-01
  1.4690E+03  1.0240E+14  1.2738E-01
  1.4797E+03  1.0326E+14  1.2761E-01
  1.4904E+03  1.0412E+14  1.2785E-01
  1.5011E+03  1.0500E+14  1.2809E-01
  1.5120E+03  1.0588E+14  1.2833E-01
  1.5229E+03  1.0676E+14  1.2858E-01
  1.5340E+03  1.0766E+14  1.2883E-01
  1.5450E+03  1.0856E+14  1.2907E-01
  1.5562E+03  1.0947E+14  1.2933E-01
  1.5675E+03  1.1039E+14  1.2958E-01
  1.5788E+03  1.1131E+14  1.2984E-01
  1.5902E+03  1.1225E+14  1.3009E-01
  1.6017E+03  1.1319E+14  1.3035E-01
  1.6133E+03  1.1413E+14  1.3062E-01
  1.6250E+03  1.1509E+14  1.3088E-01
  1.6367E+03  1.1605E+14  1.3115E-01
  1.6486E+03  1.1702E+14  1.3142E-01
  1.6605E+03  1.1800E+14  1.3169E-01
  1.6725E+03  1.1899E+14  1.3196E-01
  1.6846E+03  1.1998E+14  1.3224E-01
  1.6968E+03  1.2099E+14  1.3252E-01
  1.7090E+03  1.2200E+14  1.3280E-01
  1.7214E+03  1.2302E+14  1.3308E-01
  1.7338E+03  1.2405E+14  1.3337E-01
  1.7464E+03  1.2509E+14  1.3366E-01
  1.7590E+03  1.2614E+14  1.3395E-01
  1.7717E+03  1.2719E+14  1.3424E-01
  1.7845E+03  1.2826E+14  1.3454E-01
  1.7974E+03  1.2933E+14  1.3484E-01
  1.8104E+03  1.3041E+14  1.3514E-01
  1.8235E+03  1.3150E+14  1.3545E-01
  1.8367E+03  1.3261E+14  1.3575E-01
  1.8499E+03  1.3372E+14  1.3606E-01
  1.8633E+03  1.3484E+14  1.3638E-01
  1.8768E+03  1.3597E+14  1.3669E-01
  1.8903E+03  1.3711E+14  1.3701E-01
  1.9040E+03  1.3826E+14  1.3733E-01
  1.9177E+03  1.3941E+14  1.3766E-01
  1.9316E+03  1.4058E+14  1.3798E-01
  1.9456E+03  1.4176E+14  1.3831E-01
  1.9596E+03  1.4295E+14  1.3865E-01
  1.9738E+03  1.4415E+14  1.3898E-01
  1.9880E+03  1.4537E+14  1.3932E-01
  2.0024E+03  1.4659E+14  1.3966E-01
  2.0169E+03  1.4782E+14  1.4001E-01
  2.0314E+03  1.4906E+14  1.4035E-01
  2.0461E+03  1.5032E+14  1.4071E-01
  2.0609E+03  1.5158E+14  1.4106E-01
  2.0758E+03  1.5286E+14  1.4142E-01
  2.0908E+03  1.5415E+14  1.4178E-01
  2.1059E+03  1.5545E+14  1.4214E-01
  2.1211E+03  1.5676E+14  1.4251E-01
  2.1364E+03  1.5808E+14  1.4288E-01
  2.1519E+03  1.5942E+14  1.4325E-01
  2.1674E+03  1.6077E+14  1.4363E-01
  2.1831E+03  1.6213E+14  1.4401E-01
  2.1988E+03  1.6350E+14  1.4439E-01
  2.2147E+03  1.6488E+14  1.4478E-01
  2.2307E+03  1.6628E+14  1.4517E-01
  2.2468E+03  1.6769E+14  1.4557E-01
  2.2630E+03  1.6912E+14  1.4596E-01
  2.2794E+03  1.7055E+14  1.4636E-01
  2.2958E+03  1.7200E+14  1.4677E-01
  2.3124E+03  1.7347E+14  1.4718E-01
  2.3291E+03  1.7494E+14  1.4759E-01
  2.3459E+03  1.7643E+14  1.4801E-01
  2.3629E+03  1.7794E+14  1.4843E-01
  2.3799E+03  1.7946E+14  1.4885E-01
  2.3971E+03  1.8099E+14  1.4928E-01
  2.4144E+03  1.8254E+14  1.4971E-01
  2.4319E+03  1.8410E+14  1.5014E-01
  2.4494E+03  1.8568E+14  1.5058E-01
  2.4671E+03  1.8727E+14  1.5102E-01
  2.4849E+03  1.8888E+14  1.5147E-01
  2.5029E+03  1.9050E+14  1.5192E-01
  2.5209E+03  1.9214E+14  1.5238E-01
  2.5391E+03  1.9379E+14  1.5284E-01
  2.5575E+03  1.9546E+14  1.5330E-01
  2.5759E+03  1.9715E+14  1.5377E-01
  2.5945E+03  1.9885E+14  1.5424E-01
  2.6133E+03  2.0057E+14  1.5472E-01
  2.6321E+03  2.0231E+14  1.5520E-01
  2.6511E+03  2.0406E+14  1.5568E-01
  2.6703E+03  2.0583E+14  1.5617E-01
  2.6895E+03  2.0762E+14  1.5666E-01
  2.7090E+03  2.0942E+14  1.5716E-01
  2.7285E+03  2.1125E+14  1.5766E-01
  2.7482E+03  2.1309E+14  1.5817E-01
  2.7680E+03  2.1495E+14  1.5868E-01
  2.7880E+03  2.1683E+14  1.5920E-01
  2.8082E+03  2.1872E+14  1.5972E-01
  2.8284E+03  2.2064E+14  1.6025E-01
  2.8488E+03  2.2257E+14  1.6078E-01
  2.8694E+03  2.2453E+14  1.6131E-01
  2.8901E+03  2.2650E+14  1.6185E-01
  2.9110E+03  2.2850E+14  1.6240E-01
  2.9320E+03  2.3052E+14  1.6295E-01
  2.9531E+03  2.3255E+14  1.6350E-01
  2.9744E+03  2.3461E+14  1.6406E-01
  2.9959E+03  2.3669E+14  1.6463E-01
  3.0175E+03  2.3878E+14  1.6520E-01
  3.0393E+03  2.4091E+14  1.6577E-01
  3.0612E+03  2.4305E+14  1.6635E-01
  3.0833E+03  2.4521E+14  1.6694E-01
  3.1056E+03  2.4740E+14  1.6753E-01
  3.1280E+03  2.4961E+14  1.6813E-01
  3.1506E+03  2.5185E+14  1.6873E-01
  3.1733E+03  2.5410E+14  1.6934E-01
  3.1962E+03  2.5639E+14  1.6995E-01
  3.2193E+03  2.5869E+14  1.7057E-01
  3.2425E+03  2.6102E+14  1.7119E-01
  3.2659E+03  2.6337E+14  1.7182E-01
  3.2895E+03  2.6575E+14  1.7246E-01
  3.3132E+03  2.6816E+14  1.7310E-01
  3.3371E+03  2.7059E+14  1.7375E-01
  3.3612E+03  2.7305E+14  1.7440E-01
  3.3854E+03  2.7553E+14  1.7506E-01
  3.4098E+03  2.7804E+14  1.7573E-01
  3.4344E+03  2.8058E+14  1.7640E-01
  3.4592E+03  2.8314E+14  1.7708E-01
  3.4842E+03  2.8574E+14  1.7776E-01
  3.5093E+03  2.8836E+14  1.7845E-01
  3.5346E+03  2.9101E+14  1.7914E-01
  3.5601E+03  2.9369E+14  1.7985E-01
  3.5858E+03  2.9640E+14  1.8056E-01
  3.6117E+03  2.9913E+14  1.8127E-01
  3.6377E+03  3.0190E+14  1.8199E-01
  3.6640E+03  3.0470E+14  1.8272E-01
  3.6904E+03  3.0753E+14  1.8346E-01
  3.7170E+03  3.1040E+14  1.8420E-01
  3.7438E+03  3.1329E+14  1.8495E-01
  3.7708E+03  3.1622E+14  1.8570E-01
  3.7980E+03  3.1918E+14  1.8646E-01
  3.8254E+03  3.2217E+14  1.8723E-01
  3.8530E+03  3.2520E+14  1.8801E-01
  3.8808E+03  3.2826E+14  1.8879E-01
  3.9088E+03  3.3136E+14  1.8958E-01
  3.9370E+03  3.3449E+14  1.9038E-01
  3.9654E+03  3.3766E+14  1.9118E-01
  3.9940E+03  3.4086E+14  1.9199E-01
  4.0228E+03  3.4411E+14  1.9281E-01
  4.0518E+03  3.4738E+14  1.9364E-01
  4.0811E+03  3.5070E+14  1.9447E-01
  4.1105E+03  3.5406E+14  1.9532E-01
  4.1401E+03  3.5745E+14  1.9616E-01
  4.1700E+03  3.6088E+14  1.9702E-01
  4.2001E+03  3.6436E+14  1.9789E-01
  4.2304E+03  3.6787E+14  1.9876E-01
  4.2609E+03  3.7143E+14  1.9964E-01
  4.2916E+03  3.7503E+14  2.0053E-01
  4.3225E+03  3.7867E+14  2.0142E-01
  4.3537E+03  3.8235E+14  2.0233E-01
  4.3851E+03  3.8608E+14  2.0324E-01
  4.4167E+03  3.8985E+14  2.0416E-01
  4.4486E+03  3.9367E+14  2.0509E-01
  4.4807E+03  3.9753E+14  2.0603E-01
  4.5130E+03  4.0144E+14  2.0697E-01
  4.5455E+03  4.0540E+14  2.0793E-01
  4.5783E+03  4.0940E+14  2.0889E-01
  4.6113E+03  4.1345E+14  2.0986E-01
  4.6446E+03  4.1755E+14  2.1084E-01
  4.6781E+03  4.2171E+14  2.1183E-01
  4.7118E+03  4.2591E+14  2.1283E-01
  4.7458E+03  4.3016E+14  2.1384E-01
  4.7800E+03  4.3447E+14  2.1485E-01
  4.8144E+03  4.3882E+14  2.1588E-01
  4.8492E+03  4.4324E+14  2.1691E-01
  4.8841E+03  4.4770E+14  2.1796E-01
  4.9193E+03  4.5223E+14  2.1901E-01
  4.9548E+03  4.5680E+14  2.2007E-01
  4.9905E+03  4.6144E+14  2.2114E-01
  5.0265E+03  4.6613E+14  2.2222E-01
  5.0628E+03  4.7088E+14  2.2331E-01
  5.0993E+03  4.7569E+14  2.2441E-01
  5.1360E+03  4.8057E+14  2.2552E-01
  5.1731E+03  4.8550E+14  2.2664E-01
  5.2103E+03  4.9050E+14  2.2777E-01
  5.2479E+03  4.9555E+14  2.2891E-01
  5.2857E+03  5.0068E+14  2.3006E-01
  5.3239E+03  5.0586E+14  2.3122E-01
  5.3622E+03  5.1112E+14  2.3239E-01
  5.4009E+03  5.1644E+14  2.3357E-01
  5.4398E+03  5.2183E+14  2.3476E-01
  5.4790E+03  5.2729E+14  2.3597E-01
  5.5185E+03  5.3282E+14  2.3718E-01
  5.5583E+03  5.3842E+14  2.3840E-01
  5.5984E+03  5.4409E+14  2.3963E-01
  5.6388E+03  5.4984E+14  2.4088E-01
  5.6794E+03  5.5566E+14  2.4213E-01
  5.7204E+03  5.6156E+14  2.4340E-01
  5.7616E+03  5.6753E+14  2.4467E-01
  5.8031E+03  5.7358E+14  2.4596E-01
  5.8450E+03  5.7971E+14  2.4726E-01
  5.8871E+03  5.8593E+14  2.4857E-01
  5.9295E+03  5.9222E+14  2.4989E-01
  5.9723E+03  5.9860E+14  2.5122E-01
  6.0153E+03  6.0506E+14  2.5257E-01
  6.0587E+03  6.1161E+14  2.5392E-01
  6.1024E+03  6.1824E+14  2.5529E-01
  6.1463E+03  6.2497E+14  2.5667E-01
  6.1906E+03  6.3178E+14  2.5806E-01
  6.2353E+03  6.3868E+14  2.5946E-01
  6.2802E+03  6.4568E+14  2.6087E-01
  6.3255E+03  6.5277E+14  2.6230E-01
  6.3711E+03  6.5996E+14  2.6374E-01
  6.4170E+03  6.6725E+14  2.6519E-01
  6.4632E+03  6.7463E+14  2.6665E-01
  6.5098E+03  6.8211E+14  2.6813E-01
  6.5567E+03  6.8970E+14  2.6961E-01
  6.6040E+03  6.9739E+14  2.7111E-01
  6.6516E+03  7.0518E+14  2.7262E-01
  6.6995E+03  7.1308E+14  2.7415E-01
  6.7478E+03  7.2109E+14  2.7568E-01
  6.7965E+03  7.2921E+14  2.7723E-01
  6.8455E+03  7.3744E+14  2.7880E-01
  6.8948E+03  7.4578E+14  2.8037E-01
  6.9445E+03  7.5425E+14  2.8196E-01
  6.9945E+03  7.6282E+14  2.8356E-01
  7.0449E+03  7.7152E+14  2.8517E-01
  7.0957E+03  7.8034E+14  2.8680E-01
  7.1469E+03  7.8928E+14  2.8844E-01
  7.1984E+03  7.9835E+14  2.9009E-01
  7.2502E+03  8.0754E+14  2.9176E-01
  7.3025E+03  8.1686E+14  2.9344E-01
  7.3551E+03  8.2632E+14  2.9513E-01
  7.4081E+03  8.3591E+14  2.9684E-01
  7.4615E+03  8.4563E+14  2.9856E-01
  7.5153E+03  8.5549E+14  3.0030E-01
  7.5695E+03  8.6549E+14  3.0204E-01
  7.6240E+03  8.7564E+14  3.0380E-01
  7.6789E+03  8.8593E+14  3.0558E-01
  7.7343E+03  8.9636E+14  3.0737E-01
  7.7900E+03  9.0695E+14  3.0917E-01
  7.8462E+03  9.1768E+14  3.1099E-01
  7.9027E+03  9.2858E+14  3.1282E-01
  7.9596E+03  9.3962E+14  3.1466E-01
  8.0170E+03  9.5083E+14  3.1652E-01
  8.0748E+03  9.6220E+14  3.1839E-01
  8.1330E+03  9.7374E+14  3.2028E-01
  8.1916E+03  9.8544E+14  3.2218E-01
  8.2506E+03  9.9731E+14  3.2409E-01
  8.3101E+03  1.0094E+15  3.2602E-01
  8.3699E+03  1.0216E+15  3.2797E-01
  8.4303E+03  1.0340E+15  3.2992E-01
  8.4910E+03  1.0466E+15  3.3189E-01
  8.5522E+03  1.0593E+15  3.3388E-01
  8.6138E+03  1.0723E+15  3.3588E-01
  8.6759E+03  1.0854E+15  3.3790E-01
  8.7384E+03  1.0988E+15  3.3993E-01
  8.8014E+03  1.1123E+15  3.4197E-01
  8.8648E+03  1.1260E+15  3.4403E-01
  8.9287E+03  1.1400E+15  3.4610E-01
