  5.000E-02  7.518E-02  7.921E-01  0.000E+00  3.530E+07  7.338E-09  3.266E+07
  1.004E-01  1.257E-01  7.374E-01  0.000E+00  3.530E+07  6.831E-09  3.508E+07
  1.511E-01  1.766E-01  7.042E-01  0.000E+00  3.530E+07  6.524E-09  3.674E+07
  2.022E-01  2.279E-01  6.787E-01  0.000E+00  3.530E+07  6.287E-09  3.812E+07
  2.536E-01  2.795E-01  6.570E-01  0.000E+00  3.530E+07  6.087E-09  3.937E+07
  3.055E-01  3.316E-01  6.377E-01  0.000E+00  3.530E+07  5.908E-09  4.057E+07
  3.577E-01  3.839E-01  6.200E-01  0.000E+00  3.530E+07  5.744E-09  4.172E+07
  4.102E-01  4.367E-01  6.035E-01  0.000E+00  3.530E+07  5.591E-09  4.286E+07
  4.632E-01  4.898E-01  5.880E-01  0.000E+00  3.530E+07  5.448E-09  4.399E+07
  5.165E-01  5.434E-01  5.734E-01  0.000E+00  3.530E+07  5.312E-09  4.512E+07
  5.702E-01  5.973E-01  5.595E-01  0.000E+00  3.530E+07  5.183E-09  4.624E+07
  6.243E-01  6.516E-01  5.462E-01  0.000E+00  3.530E+07  5.060E-09  4.736E+07
  6.788E-01  7.063E-01  5.335E-01  0.000E+00  3.530E+07  4.943E-09  4.849E+07
  7.337E-01  7.614E-01  5.214E-01  0.000E+00  3.530E+07  4.830E-09  4.962E+07
  7.890E-01  8.168E-01  5.098E-01  0.000E+00  3.530E+07  4.722E-09  5.075E+07
  8.447E-01  8.727E-01  4.986E-01  0.000E+00  3.530E+07  4.619E-09  5.189E+07
  9.008E-01  9.290E-01  4.878E-01  0.000E+00  3.530E+07  4.519E-09  5.303E+07
  9.573E-01  9.857E-01  4.774E-01  0.000E+00  3.530E+07  4.423E-09  5.418E+07
  1.014E+00  1.043E+00  4.675E-01  0.000E+00  3.530E+07  4.330E-09  5.534E+07
  1.071E+00  1.100E+00  4.578E-01  0.000E+00  3.530E+07  4.241E-09  5.650E+07
  1.129E+00  1.158E+00  4.486E-01  0.000E+00  3.530E+07  4.155E-09  5.767E+07
  1.187E+00  1.217E+00  4.396E-01  0.000E+00  3.530E+07  4.072E-09  5.885E+07
  1.246E+00  1.275E+00  4.309E-01  0.000E+00  3.530E+07  3.992E-09  6.003E+07
  1.305E+00  1.335E+00  4.226E-01  0.000E+00  3.530E+07  3.915E-09  6.122E+07
  1.364E+00  1.394E+00  4.145E-01  0.000E+00  3.530E+07  3.840E-09  6.242E+07
  1.424E+00  1.454E+00  4.066E-01  0.000E+00  3.530E+07  3.767E-09  6.362E+07
  1.484E+00  1.515E+00  3.991E-01  0.000E+00  3.530E+07  3.697E-09  6.483E+07
  1.545E+00  1.576E+00  3.917E-01  0.000E+00  3.530E+07  3.629E-09  6.604E+07
  1.606E+00  1.637E+00  3.846E-01  0.000E+00  3.530E+07  3.563E-09  6.726E+07
  1.668E+00  1.699E+00  3.777E-01  0.000E+00  3.530E+07  3.499E-09  6.849E+07
  1.730E+00  1.761E+00  3.710E-01  0.000E+00  3.530E+07  3.437E-09  6.972E+07
  1.792E+00  1.824E+00  3.646E-01  0.000E+00  3.530E+07  3.377E-09  7.096E+07
  1.855E+00  1.887E+00  3.583E-01  0.000E+00  3.530E+07  3.319E-09  7.221E+07
  1.918E+00  1.950E+00  3.522E-01  0.000E+00  3.530E+07  3.263E-09  7.346E+07
  1.982E+00  2.014E+00  3.462E-01  0.000E+00  3.530E+07  3.208E-09  7.471E+07
  2.046E+00  2.079E+00  3.405E-01  0.000E+00  3.530E+07  3.154E-09  7.598E+07
  2.111E+00  2.144E+00  3.349E-01  0.000E+00  3.530E+07  3.103E-09  7.725E+07
  2.176E+00  2.209E+00  3.295E-01  0.000E+00  3.530E+07  3.052E-09  7.852E+07
  2.242E+00  2.275E+00  3.242E-01  0.000E+00  3.531E+07  3.003E-09  7.980E+07
  2.308E+00  2.342E+00  3.190E-01  0.000E+00  3.531E+07  2.956E-09  8.109E+07
  2.375E+00  2.408E+00  3.140E-01  0.000E+00  3.531E+07  2.909E-09  8.238E+07
  2.442E+00  2.476E+00  3.092E-01  0.000E+00  3.531E+07  2.864E-09  8.367E+07
  2.510E+00  2.544E+00  3.044E-01  0.000E+00  3.531E+07  2.820E-09  8.497E+07
  2.578E+00  2.612E+00  2.998E-01  0.000E+00  3.531E+07  2.778E-09  8.628E+07
  2.646E+00  2.681E+00  2.953E-01  0.000E+00  3.531E+07  2.736E-09  8.759E+07
  2.715E+00  2.750E+00  2.910E-01  0.000E+00  3.531E+07  2.696E-09  8.891E+07
  2.785E+00  2.820E+00  2.867E-01  0.000E+00  3.531E+07  2.656E-09  9.023E+07
  2.855E+00  2.890E+00  2.826E-01  0.000E+00  3.531E+07  2.618E-09  9.156E+07
  2.925E+00  2.961E+00  2.785E-01  0.000E+00  3.531E+07  2.580E-09  9.289E+07
  2.996E+00  3.032E+00  2.745E-01  0.000E+00  3.531E+07  2.543E-09  9.423E+07
  3.068E+00  3.104E+00  2.707E-01  0.000E+00  3.531E+07  2.508E-09  9.557E+07
  3.140E+00  3.176E+00  2.669E-01  0.000E+00  3.531E+07  2.473E-09  9.692E+07
  3.213E+00  3.249E+00  2.633E-01  0.000E+00  3.531E+07  2.439E-09  9.827E+07
  3.286E+00  3.323E+00  2.597E-01  0.000E+00  3.531E+07  2.406E-09  9.962E+07
  3.359E+00  3.397E+00  2.562E-01  0.000E+00  3.531E+07  2.373E-09  1.010E+08
  3.434E+00  3.471E+00  2.528E-01  0.000E+00  3.531E+07  2.342E-09  1.023E+08
  3.508E+00  3.546E+00  2.494E-01  0.000E+00  3.531E+07  2.311E-09  1.037E+08
  3.584E+00  3.622E+00  2.462E-01  0.000E+00  3.531E+07  2.281E-09  1.051E+08
  3.659E+00  3.698E+00  2.430E-01  0.000E+00  3.531E+07  2.251E-09  1.065E+08
  3.736E+00  3.774E+00  2.399E-01  0.000E+00  3.531E+07  2.222E-09  1.079E+08
  3.813E+00  3.851E+00  2.368E-01  0.000E+00  3.531E+07  2.194E-09  1.092E+08
  3.890E+00  3.929E+00  2.338E-01  0.000E+00  3.531E+07  2.167E-09  1.106E+08
  3.968E+00  4.007E+00  2.309E-01  0.000E+00  3.531E+07  2.140E-09  1.120E+08
  4.047E+00  4.086E+00  2.281E-01  0.000E+00  3.531E+07  2.113E-09  1.134E+08
  4.126E+00  4.166E+00  2.253E-01  0.000E+00  3.531E+07  2.087E-09  1.148E+08
  4.206E+00  4.246E+00  2.226E-01  0.000E+00  3.531E+07  2.062E-09  1.162E+08
  4.286E+00  4.326E+00  2.199E-01  0.000E+00  3.531E+07  2.037E-09  1.177E+08
  4.367E+00  4.407E+00  2.173E-01  0.000E+00  3.531E+07  2.013E-09  1.191E+08
  4.448E+00  4.489E+00  2.147E-01  0.000E+00  3.531E+07  1.989E-09  1.205E+08
  4.530E+00  4.571E+00  2.122E-01  0.000E+00  3.531E+07  1.966E-09  1.219E+08
  4.613E+00  4.654E+00  2.098E-01  0.000E+00  3.531E+07  1.943E-09  1.233E+08
  4.696E+00  4.738E+00  2.073E-01  0.000E+00  3.531E+07  1.921E-09  1.248E+08
  4.780E+00  4.822E+00  2.050E-01  0.000E+00  3.531E+07  1.899E-09  1.262E+08
  4.864E+00  4.907E+00  2.027E-01  0.000E+00  3.531E+07  1.878E-09  1.277E+08
  4.949E+00  4.992E+00  2.004E-01  0.000E+00  3.531E+07  1.857E-09  1.291E+08
  5.035E+00  5.078E+00  1.982E-01  0.000E+00  3.531E+07  1.836E-09  1.306E+08
  5.121E+00  5.165E+00  1.960E-01  0.000E+00  3.531E+07  1.816E-09  1.320E+08
  5.208E+00  5.252E+00  1.939E-01  0.000E+00  3.531E+07  1.796E-09  1.335E+08
  5.295E+00  5.340E+00  1.918E-01  0.000E+00  3.531E+07  1.777E-09  1.349E+08
  5.384E+00  5.428E+00  1.897E-01  0.000E+00  3.531E+07  1.758E-09  1.364E+08
  5.472E+00  5.517E+00  1.877E-01  0.000E+00  3.531E+07  1.739E-09  1.379E+08
  5.562E+00  5.607E+00  1.857E-01  0.000E+00  3.531E+07  1.721E-09  1.394E+08
  5.652E+00  5.697E+00  1.837E-01  0.000E+00  3.531E+07  1.703E-09  1.408E+08
  5.743E+00  5.788E+00  1.818E-01  0.000E+00  3.532E+07  1.685E-09  1.423E+08
  5.834E+00  5.880E+00  1.799E-01  0.000E+00  3.532E+07  1.667E-09  1.438E+08
  5.926E+00  5.972E+00  1.781E-01  0.000E+00  3.532E+07  1.650E-09  1.453E+08
  6.019E+00  6.065E+00  1.763E-01  0.000E+00  3.532E+07  1.634E-09  1.468E+08
  6.112E+00  6.159E+00  1.745E-01  0.000E+00  3.532E+07  1.617E-09  1.483E+08
  6.206E+00  6.253E+00  1.727E-01  0.000E+00  3.532E+07  1.601E-09  1.498E+08
  6.301E+00  6.348E+00  1.710E-01  0.000E+00  3.532E+07  1.585E-09  1.513E+08
  6.396E+00  6.444E+00  1.693E-01  0.000E+00  3.532E+07  1.569E-09  1.528E+08
  6.492E+00  6.540E+00  1.677E-01  0.000E+00  3.532E+07  1.554E-09  1.543E+08
  6.589E+00  6.637E+00  1.660E-01  0.000E+00  3.532E+07  1.539E-09  1.559E+08
  6.686E+00  6.735E+00  1.644E-01  0.000E+00  3.532E+07  1.524E-09  1.574E+08
  6.784E+00  6.834E+00  1.628E-01  0.000E+00  3.532E+07  1.509E-09  1.589E+08
  6.883E+00  6.933E+00  1.613E-01  0.000E+00  3.532E+07  1.495E-09  1.605E+08
  6.983E+00  7.033E+00  1.597E-01  0.000E+00  3.532E+07  1.481E-09  1.620E+08
  7.083E+00  7.133E+00  1.582E-01  0.000E+00  3.532E+07  1.467E-09  1.636E+08
  7.184E+00  7.235E+00  1.568E-01  0.000E+00  3.533E+07  1.453E-09  1.651E+08
  7.286E+00  7.337E+00  1.553E-01  0.000E+00  3.533E+07  1.440E-09  1.667E+08
  7.388E+00  7.440E+00  1.539E-01  0.000E+00  3.533E+07  1.426E-09  1.682E+08
  7.491E+00  7.543E+00  1.524E-01  0.000E+00  3.533E+07  1.413E-09  1.698E+08
  7.595E+00  7.648E+00  1.510E-01  0.000E+00  3.533E+07  1.400E-09  1.714E+08
  7.700E+00  7.753E+00  1.497E-01  0.000E+00  3.533E+07  1.388E-09  1.729E+08
  7.805E+00  7.859E+00  1.483E-01  0.000E+00  3.533E+07  1.375E-09  1.745E+08
  7.912E+00  7.965E+00  1.470E-01  0.000E+00  3.533E+07  1.363E-09  1.761E+08
  8.019E+00  8.072E+00  1.457E-01  0.000E+00  3.533E+07  1.351E-09  1.777E+08
  8.126E+00  8.181E+00  1.444E-01  0.000E+00  3.533E+07  1.339E-09  1.793E+08
  8.235E+00  8.289E+00  1.431E-01  0.000E+00  3.534E+07  1.327E-09  1.809E+08
  8.344E+00  8.399E+00  1.418E-01  0.000E+00  3.534E+07  1.315E-09  1.825E+08
  8.454E+00  8.510E+00  1.406E-01  0.000E+00  3.534E+07  1.304E-09  1.841E+08
  8.565E+00  8.621E+00  1.394E-01  0.000E+00  3.534E+07  1.292E-09  1.858E+08
  8.677E+00  8.733E+00  1.382E-01  0.000E+00  3.534E+07  1.281E-09  1.874E+08
  8.789E+00  8.846E+00  1.370E-01  0.000E+00  3.534E+07  1.270E-09  1.890E+08
  8.902E+00  8.960E+00  1.358E-01  0.000E+00  3.534E+07  1.260E-09  1.907E+08
  9.017E+00  9.074E+00  1.347E-01  0.000E+00  3.535E+07  1.249E-09  1.923E+08
  9.131E+00  9.189E+00  1.335E-01  0.000E+00  3.535E+07  1.238E-09  1.940E+08
  9.247E+00  9.306E+00  1.324E-01  0.000E+00  3.535E+07  1.228E-09  1.956E+08
  9.364E+00  9.423E+00  1.313E-01  0.000E+00  3.535E+07  1.218E-09  1.973E+08
  9.481E+00  9.540E+00  1.302E-01  0.000E+00  3.535E+07  1.208E-09  1.989E+08
  9.600E+00  9.659E+00  1.291E-01  0.000E+00  3.535E+07  1.198E-09  2.006E+08
  9.719E+00  9.779E+00  1.280E-01  0.000E+00  3.536E+07  1.188E-09  2.023E+08
  9.839E+00  9.899E+00  1.270E-01  0.000E+00  3.536E+07  1.178E-09  2.040E+08
  9.959E+00  1.002E+01  1.259E-01  0.000E+00  3.536E+07  1.168E-09  2.057E+08
  1.008E+01  1.014E+01  1.249E-01  0.000E+00  3.536E+07  1.159E-09  2.074E+08
  1.020E+01  1.027E+01  1.239E-01  0.000E+00  3.536E+07  1.149E-09  2.091E+08
  1.033E+01  1.039E+01  1.229E-01  0.000E+00  3.537E+07  1.140E-09  2.108E+08
  1.045E+01  1.051E+01  1.219E-01  0.000E+00  3.537E+07  1.131E-09  2.126E+08
  1.058E+01  1.064E+01  1.209E-01  0.000E+00  3.537E+07  1.122E-09  2.143E+08
  1.070E+01  1.077E+01  1.199E-01  0.000E+00  3.537E+07  1.113E-09  2.160E+08
  1.083E+01  1.089E+01  1.190E-01  0.000E+00  3.538E+07  1.104E-09  2.178E+08
  1.096E+01  1.102E+01  1.180E-01  0.000E+00  3.538E+07  1.096E-09  2.196E+08
  1.109E+01  1.115E+01  1.171E-01  0.000E+00  3.538E+07  1.087E-09  2.213E+08
  1.122E+01  1.128E+01  1.162E-01  0.000E+00  3.538E+07  1.079E-09  2.231E+08
  1.135E+01  1.141E+01  1.152E-01  0.000E+00  3.539E+07  1.070E-09  2.249E+08
  1.148E+01  1.155E+01  1.143E-01  0.000E+00  3.539E+07  1.062E-09  2.267E+08
  1.161E+01  1.168E+01  1.134E-01  0.000E+00  3.539E+07  1.054E-09  2.285E+08
  1.175E+01  1.181E+01  1.126E-01  0.000E+00  3.540E+07  1.045E-09  2.303E+08
  1.188E+01  1.195E+01  1.117E-01  0.000E+00  3.540E+07  1.037E-09  2.321E+08
  1.202E+01  1.208E+01  1.108E-01  0.000E+00  3.540E+07  1.029E-09  2.340E+08
  1.215E+01  1.222E+01  1.100E-01  0.000E+00  3.541E+07  1.022E-09  2.358E+08
  1.229E+01  1.236E+01  1.091E-01  0.000E+00  3.541E+07  1.014E-09  2.376E+08
  1.243E+01  1.250E+01  1.083E-01  0.000E+00  3.541E+07  1.006E-09  2.395E+08
  1.257E+01  1.264E+01  1.074E-01  0.000E+00  3.542E+07  9.985E-10  2.414E+08
  1.271E+01  1.278E+01  1.066E-01  0.000E+00  3.542E+07  9.910E-10  2.433E+08
  1.285E+01  1.292E+01  1.058E-01  0.000E+00  3.542E+07  9.835E-10  2.452E+08
  1.299E+01  1.306E+01  1.050E-01  0.000E+00  3.543E+07  9.761E-10  2.471E+08
  1.314E+01  1.321E+01  1.042E-01  0.000E+00  3.543E+07  9.688E-10  2.490E+08
  1.328E+01  1.335E+01  1.034E-01  0.000E+00  3.544E+07  9.616E-10  2.509E+08
  1.343E+01  1.350E+01  1.026E-01  0.000E+00  3.544E+07  9.544E-10  2.528E+08
  1.357E+01  1.365E+01  1.019E-01  0.000E+00  3.545E+07  9.474E-10  2.548E+08
  1.372E+01  1.379E+01  1.011E-01  0.000E+00  3.545E+07  9.403E-10  2.567E+08
  1.387E+01  1.394E+01  1.003E-01  0.000E+00  3.546E+07  9.334E-10  2.587E+08
  1.402E+01  1.409E+01  9.958E-02  0.000E+00  3.546E+07  9.265E-10  2.607E+08
  1.417E+01  1.425E+01  9.883E-02  0.000E+00  3.546E+07  9.197E-10  2.627E+08
  1.432E+01  1.440E+01  9.809E-02  0.000E+00  3.547E+07  9.130E-10  2.647E+08
  1.447E+01  1.455E+01  9.736E-02  0.000E+00  3.548E+07  9.063E-10  2.667E+08
  1.463E+01  1.471E+01  9.663E-02  0.000E+00  3.548E+07  8.997E-10  2.688E+08
  1.478E+01  1.486E+01  9.591E-02  0.000E+00  3.549E+07  8.931E-10  2.708E+08
  1.494E+01  1.502E+01  9.520E-02  0.000E+00  3.549E+07  8.866E-10  2.729E+08
  1.510E+01  1.518E+01  9.449E-02  0.000E+00  3.550E+07  8.802E-10  2.750E+08
  1.526E+01  1.534E+01  9.379E-02  0.000E+00  3.550E+07  8.738E-10  2.770E+08
  1.542E+01  1.550E+01  9.310E-02  0.000E+00  3.551E+07  8.675E-10  2.792E+08
  1.558E+01  1.566E+01  9.241E-02  0.000E+00  3.552E+07  8.612E-10  2.813E+08
  1.574E+01  1.582E+01  9.172E-02  0.000E+00  3.552E+07  8.550E-10  2.834E+08
  1.590E+01  1.599E+01  9.104E-02  0.000E+00  3.553E+07  8.488E-10  2.856E+08
  1.607E+01  1.615E+01  9.037E-02  0.000E+00  3.554E+07  8.427E-10  2.877E+08
  1.623E+01  1.632E+01  8.971E-02  0.000E+00  3.555E+07  8.367E-10  2.899E+08
  1.640E+01  1.648E+01  8.904E-02  0.000E+00  3.555E+07  8.307E-10  2.921E+08
  1.657E+01  1.665E+01  8.839E-02  0.000E+00  3.556E+07  8.247E-10  2.944E+08
  1.674E+01  1.682E+01  8.774E-02  0.000E+00  3.557E+07  8.188E-10  2.966E+08
  1.691E+01  1.699E+01  8.709E-02  0.000E+00  3.558E+07  8.130E-10  2.988E+08
  1.708E+01  1.717E+01  8.645E-02  0.000E+00  3.558E+07  8.072E-10  3.011E+08
  1.725E+01  1.734E+01  8.581E-02  0.000E+00  3.559E+07  8.014E-10  3.034E+08
  1.743E+01  1.752E+01  8.518E-02  0.000E+00  3.560E+07  7.957E-10  3.057E+08
  1.760E+01  1.769E+01  8.455E-02  0.000E+00  3.561E+07  7.901E-10  3.081E+08
  1.778E+01  1.787E+01  8.393E-02  0.000E+00  3.562E+07  7.844E-10  3.104E+08
  1.796E+01  1.805E+01  8.331E-02  0.000E+00  3.563E+07  7.789E-10  3.128E+08
  1.814E+01  1.823E+01  8.270E-02  0.000E+00  3.564E+07  7.733E-10  3.152E+08
  1.832E+01  1.841E+01  8.209E-02  0.000E+00  3.565E+07  7.679E-10  3.176E+08
  1.850E+01  1.859E+01  8.148E-02  0.000E+00  3.566E+07  7.624E-10  3.200E+08
  1.868E+01  1.877E+01  8.088E-02  0.000E+00  3.567E+07  7.570E-10  3.225E+08
  1.887E+01  1.896E+01  8.028E-02  0.000E+00  3.568E+07  7.517E-10  3.249E+08
  1.905E+01  1.915E+01  7.969E-02  0.000E+00  3.569E+07  7.463E-10  3.274E+08
  1.924E+01  1.933E+01  7.910E-02  0.000E+00  3.570E+07  7.411E-10  3.300E+08
  1.943E+01  1.952E+01  7.851E-02  0.000E+00  3.572E+07  7.358E-10  3.325E+08
  1.962E+01  1.971E+01  7.793E-02  0.000E+00  3.573E+07  7.306E-10  3.351E+08
  1.981E+01  1.991E+01  7.736E-02  0.000E+00  3.574E+07  7.255E-10  3.377E+08
  2.000E+01  2.010E+01  7.678E-02  0.000E+00  3.575E+07  7.203E-10  3.403E+08
  2.020E+01  2.029E+01  7.621E-02  0.000E+00  3.577E+07  7.152E-10  3.429E+08
  2.039E+01  2.049E+01  7.564E-02  0.000E+00  3.578E+07  7.102E-10  3.456E+08
  2.059E+01  2.069E+01  7.508E-02  0.000E+00  3.579E+07  7.052E-10  3.483E+08
  2.079E+01  2.089E+01  7.452E-02  0.000E+00  3.581E+07  7.002E-10  3.510E+08
  2.099E+01  2.109E+01  7.397E-02  0.000E+00  3.582E+07  6.952E-10  3.538E+08
  2.119E+01  2.129E+01  7.341E-02  0.000E+00  3.584E+07  6.903E-10  3.565E+08
  2.139E+01  2.149E+01  7.286E-02  0.000E+00  3.585E+07  6.854E-10  3.594E+08
  2.159E+01  2.170E+01  7.232E-02  0.000E+00  3.587E+07  6.806E-10  3.622E+08
  2.180E+01  2.190E+01  7.177E-02  0.000E+00  3.588E+07  6.758E-10  3.651E+08
  2.201E+01  2.211E+01  7.123E-02  0.000E+00  3.590E+07  6.710E-10  3.680E+08
  2.222E+01  2.232E+01  7.070E-02  0.000E+00  3.592E+07  6.663E-10  3.709E+08
  2.243E+01  2.253E+01  7.016E-02  0.000E+00  3.593E+07  6.615E-10  3.739E+08
  2.264E+01  2.274E+01  6.963E-02  0.000E+00  3.595E+07  6.569E-10  3.769E+08
  2.285E+01  2.296E+01  6.910E-02  0.000E+00  3.597E+07  6.522E-10  3.799E+08
  2.306E+01  2.317E+01  6.858E-02  0.000E+00  3.599E+07  6.476E-10  3.830E+08
  2.328E+01  2.339E+01  6.805E-02  0.000E+00  3.601E+07  6.430E-10  3.860E+08
  2.350E+01  2.361E+01  6.754E-02  0.000E+00  3.603E+07  6.384E-10  3.892E+08
  2.372E+01  2.383E+01  6.702E-02  0.000E+00  3.605E+07  6.339E-10  3.924E+08
  2.394E+01  2.405E+01  6.650E-02  0.000E+00  3.607E+07  6.294E-10  3.956E+08
  2.416E+01  2.427E+01  6.599E-02  0.000E+00  3.609E+07  6.249E-10  3.988E+08
  2.438E+01  2.450E+01  6.548E-02  0.000E+00  3.611E+07  6.205E-10  4.021E+08
  2.461E+01  2.472E+01  6.498E-02  0.000E+00  3.613E+07  6.160E-10  4.054E+08
  2.484E+01  2.495E+01  6.447E-02  0.000E+00  3.615E+07  6.117E-10  4.088E+08
  2.507E+01  2.518E+01  6.397E-02  0.000E+00  3.618E+07  6.073E-10  4.122E+08
  2.530E+01  2.541E+01  6.347E-02  0.000E+00  3.620E+07  6.030E-10  4.157E+08
  2.553E+01  2.565E+01  6.298E-02  0.000E+00  3.623E+07  5.986E-10  4.191E+08
  2.576E+01  2.588E+01  6.248E-02  0.000E+00  3.625E+07  5.944E-10  4.227E+08
  2.600E+01  2.612E+01  6.199E-02  0.000E+00  3.628E+07  5.901E-10  4.263E+08
  2.623E+01  2.635E+01  6.150E-02  0.000E+00  3.630E+07  5.859E-10  4.299E+08
  2.647E+01  2.659E+01  6.102E-02  0.000E+00  3.633E+07  5.817E-10  4.336E+08
  2.671E+01  2.684E+01  6.053E-02  0.000E+00  3.636E+07  5.775E-10  4.373E+08
  2.696E+01  2.708E+01  6.005E-02  0.000E+00  3.639E+07  5.733E-10  4.411E+08
  2.720E+01  2.732E+01  5.957E-02  0.000E+00  3.641E+07  5.692E-10  4.449E+08
  2.745E+01  2.757E+01  5.909E-02  0.000E+00  3.644E+07  5.651E-10  4.488E+08
  2.769E+01  2.782E+01  5.862E-02  0.000E+00  3.647E+07  5.610E-10  4.527E+08
  2.794E+01  2.807E+01  5.815E-02  0.000E+00  3.651E+07  5.570E-10  4.567E+08
  2.819E+01  2.832E+01  5.767E-02  0.000E+00  3.654E+07  5.529E-10  4.608E+08
  2.845E+01  2.857E+01  5.721E-02  0.000E+00  3.657E+07  5.489E-10  4.649E+08
  2.870E+01  2.883E+01  5.674E-02  0.000E+00  3.660E+07  5.449E-10  4.690E+08
  2.896E+01  2.909E+01  5.627E-02  0.000E+00  3.664E+07  5.410E-10  4.732E+08
  2.922E+01  2.935E+01  5.581E-02  0.000E+00  3.667E+07  5.370E-10  4.775E+08
  2.948E+01  2.961E+01  5.535E-02  0.000E+00  3.671E+07  5.331E-10  4.818E+08
  2.974E+01  2.987E+01  5.489E-02  0.000E+00  3.674E+07  5.292E-10  4.862E+08
  3.000E+01  3.014E+01  5.444E-02  0.000E+00  3.678E+07  5.254E-10  4.907E+08
  3.027E+01  3.040E+01  5.398E-02  0.000E+00  3.682E+07  5.215E-10  4.952E+08
  3.054E+01  3.067E+01  5.353E-02  0.000E+00  3.686E+07  5.177E-10  4.998E+08
  3.081E+01  3.094E+01  5.308E-02  0.000E+00  3.690E+07  5.139E-10  5.045E+08
  3.108E+01  3.122E+01  5.263E-02  0.000E+00  3.694E+07  5.101E-10  5.093E+08
  3.135E+01  3.149E+01  5.218E-02  0.000E+00  3.698E+07  5.064E-10  5.140E+08
  3.163E+01  3.177E+01  5.174E-02  0.000E+00  3.702E+07  5.026E-10  5.188E+08
  3.191E+01  3.205E+01  5.129E-02  0.000E+00  3.707E+07  4.989E-10  5.237E+08
  3.219E+01  3.233E+01  5.085E-02  0.000E+00  3.711E+07  4.952E-10  5.286E+08
  3.247E+01  3.261E+01  5.041E-02  0.000E+00  3.716E+07  4.916E-10  5.336E+08
  3.275E+01  3.290E+01  4.998E-02  0.000E+00  3.721E+07  4.879E-10  5.387E+08
  3.304E+01  3.318E+01  4.954E-02  0.000E+00  3.725E+07  4.843E-10  5.439E+08
  3.333E+01  3.347E+01  4.911E-02  0.000E+00  3.730E+07  4.807E-10  5.492E+08
  3.362E+01  3.376E+01  4.868E-02  0.000E+00  3.735E+07  4.771E-10  5.545E+08
  3.391E+01  3.406E+01  4.825E-02  0.000E+00  3.741E+07  4.735E-10  5.600E+08
  3.420E+01  3.435E+01  4.782E-02  0.000E+00  3.746E+07  4.700E-10  5.655E+08
  3.450E+01  3.465E+01  4.739E-02  0.000E+00  3.751E+07  4.665E-10  5.711E+08
  3.480E+01  3.495E+01  4.697E-02  0.000E+00  3.757E+07  4.630E-10  5.768E+08
  3.510E+01  3.525E+01  4.654E-02  0.000E+00  3.762E+07  4.595E-10  5.826E+08
  3.540E+01  3.555E+01  4.612E-02  0.000E+00  3.768E+07  4.560E-10  5.885E+08
  3.571E+01  3.586E+01  4.571E-02  0.000E+00  3.774E+07  4.526E-10  5.945E+08
  3.601E+01  3.617E+01  4.529E-02  0.000E+00  3.780E+07  4.492E-10  6.006E+08
  3.632E+01  3.648E+01  4.487E-02  0.000E+00  3.786E+07  4.458E-10  6.067E+08
  3.663E+01  3.679E+01  4.446E-02  0.000E+00  3.792E+07  4.424E-10  6.130E+08
  3.695E+01  3.710E+01  4.405E-02  0.000E+00  3.799E+07  4.390E-10  6.194E+08
  3.726E+01  3.742E+01  4.364E-02  0.000E+00  3.805E+07  4.357E-10  6.259E+08
  3.758E+01  3.774E+01  4.323E-02  0.000E+00  3.812E+07  4.324E-10  6.325E+08
  3.790E+01  3.806E+01  4.282E-02  0.000E+00  3.819E+07  4.291E-10  6.393E+08
  3.822E+01  3.839E+01  4.242E-02  0.000E+00  3.826E+07  4.258E-10  6.461E+08
  3.855E+01  3.871E+01  4.202E-02  0.000E+00  3.833E+07  4.225E-10  6.531E+08
  3.888E+01  3.904E+01  4.162E-02  0.000E+00  3.840E+07  4.193E-10  6.602E+08
  3.921E+01  3.937E+01  4.122E-02  0.000E+00  3.847E+07  4.161E-10  6.674E+08
  3.954E+01  3.971E+01  4.082E-02  0.000E+00  3.855E+07  4.129E-10  6.747E+08
  3.987E+01  4.004E+01  4.042E-02  0.000E+00  3.862E+07  4.097E-10  6.822E+08
  4.021E+01  4.038E+01  4.003E-02  0.000E+00  3.870E+07  4.065E-10  6.898E+08
  4.055E+01  4.072E+01  3.964E-02  0.000E+00  3.878E+07  4.034E-10  6.975E+08
  4.089E+01  4.106E+01  3.925E-02  0.000E+00  3.887E+07  4.003E-10  7.054E+08
  4.124E+01  4.141E+01  3.886E-02  0.000E+00  3.895E+07  3.972E-10  7.134E+08
  4.158E+01  4.176E+01  3.848E-02  0.000E+00  3.903E+07  3.941E-10  7.215E+08
  4.193E+01  4.211E+01  3.809E-02  0.000E+00  3.912E+07  3.910E-10  7.298E+08
  4.229E+01  4.246E+01  3.771E-02  0.000E+00  3.921E+07  3.880E-10  7.383E+08
  4.264E+01  4.282E+01  3.733E-02  0.000E+00  3.930E+07  3.850E-10  7.469E+08
  4.300E+01  4.318E+01  3.695E-02  0.000E+00  3.939E+07  3.819E-10  7.557E+08
  4.336E+01  4.354E+01  3.658E-02  0.000E+00  3.949E+07  3.790E-10  7.646E+08
  4.372E+01  4.390E+01  3.620E-02  0.000E+00  3.958E+07  3.760E-10  7.737E+08
  4.408E+01  4.427E+01  3.583E-02  0.000E+00  3.968E+07  3.730E-10  7.830E+08
  4.445E+01  4.464E+01  3.546E-02  0.000E+00  3.978E+07  3.701E-10  7.924E+08
  4.482E+01  4.501E+01  3.509E-02  0.000E+00  3.988E+07  3.672E-10  8.020E+08
  4.519E+01  4.538E+01  3.472E-02  0.000E+00  3.998E+07  3.643E-10  8.118E+08
  4.557E+01  4.576E+01  3.436E-02  0.000E+00  4.009E+07  3.614E-10  8.218E+08
  4.595E+01  4.614E+01  3.400E-02  0.000E+00  4.020E+07  3.586E-10  8.320E+08
  4.633E+01  4.652E+01  3.364E-02  0.000E+00  4.031E+07  3.557E-10  8.424E+08
  4.671E+01  4.690E+01  3.328E-02  0.000E+00  4.042E+07  3.529E-10  8.529E+08
  4.710E+01  4.729E+01  3.292E-02  0.000E+00  4.053E+07  3.501E-10  8.637E+08
  4.749E+01  4.768E+01  3.257E-02  0.000E+00  4.065E+07  3.473E-10  8.747E+08
  4.788E+01  4.808E+01  3.221E-02  0.000E+00  4.076E+07  3.446E-10  8.858E+08
  4.827E+01  4.847E+01  3.186E-02  0.000E+00  4.088E+07  3.418E-10  8.972E+08
  4.867E+01  4.887E+01  3.152E-02  0.000E+00  4.100E+07  3.391E-10  9.088E+08
  4.907E+01  4.927E+01  3.117E-02  0.000E+00  4.113E+07  3.364E-10  9.207E+08
  4.947E+01  4.968E+01  3.083E-02  0.000E+00  4.125E+07  3.337E-10  9.327E+08
  4.988E+01  5.009E+01  3.049E-02  0.000E+00  4.138E+07  3.310E-10  9.450E+08
  5.029E+01  5.050E+01  3.015E-02  0.000E+00  4.151E+07  3.284E-10  9.576E+08
  5.070E+01  5.091E+01  2.981E-02  0.000E+00  4.164E+07  3.258E-10  9.703E+08
  5.112E+01  5.133E+01  2.948E-02  0.000E+00  4.178E+07  3.231E-10  9.834E+08
  5.154E+01  5.175E+01  2.914E-02  0.000E+00  4.192E+07  3.205E-10  9.966E+08
  5.196E+01  5.217E+01  2.881E-02  0.000E+00  4.206E+07  3.180E-10  1.010E+09
  5.238E+01  5.259E+01  2.849E-02  0.000E+00  4.220E+07  3.154E-10  1.024E+09
  5.281E+01  5.302E+01  2.816E-02  0.000E+00  4.234E+07  3.129E-10  1.038E+09
  5.324E+01  5.345E+01  2.784E-02  0.000E+00  4.249E+07  3.103E-10  1.052E+09
  5.367E+01  5.389E+01  2.752E-02  0.000E+00  4.264E+07  3.078E-10  1.067E+09
  5.411E+01  5.433E+01  2.720E-02  0.000E+00  4.279E+07  3.054E-10  1.082E+09
  5.455E+01  5.477E+01  2.688E-02  0.000E+00  4.294E+07  3.029E-10  1.097E+09
  5.499E+01  5.521E+01  2.657E-02  0.000E+00  4.310E+07  3.004E-10  1.113E+09
  5.544E+01  5.566E+01  2.626E-02  0.000E+00  4.325E+07  2.980E-10  1.128E+09
  5.588E+01  5.611E+01  2.595E-02  0.000E+00  4.341E+07  2.956E-10  1.144E+09
  5.634E+01  5.657E+01  2.564E-02  0.000E+00  4.358E+07  2.932E-10  1.161E+09
  5.679E+01  5.702E+01  2.534E-02  0.000E+00  4.374E+07  2.908E-10  1.178E+09
  5.725E+01  5.748E+01  2.504E-02  0.000E+00  4.391E+07  2.885E-10  1.195E+09
  5.771E+01  5.795E+01  2.474E-02  0.000E+00  4.408E+07  2.861E-10  1.212E+09
  5.818E+01  5.841E+01  2.444E-02  0.000E+00  4.425E+07  2.838E-10  1.230E+09
  5.865E+01  5.888E+01  2.415E-02  0.000E+00  4.443E+07  2.815E-10  1.248E+09
  5.912E+01  5.936E+01  2.386E-02  0.000E+00  4.460E+07  2.792E-10  1.266E+09
  5.960E+01  5.984E+01  2.357E-02  0.000E+00  4.478E+07  2.769E-10  1.285E+09
  6.008E+01  6.032E+01  2.328E-02  0.000E+00  4.496E+07  2.747E-10  1.304E+09
  6.056E+01  6.080E+01  2.300E-02  0.000E+00  4.515E+07  2.724E-10  1.324E+09
  6.104E+01  6.129E+01  2.271E-02  0.000E+00  4.533E+07  2.702E-10  1.344E+09
  6.153E+01  6.178E+01  2.244E-02  0.000E+00  4.552E+07  2.680E-10  1.364E+09
  6.203E+01  6.227E+01  2.216E-02  0.000E+00  4.572E+07  2.658E-10  1.385E+09
  6.252E+01  6.277E+01  2.189E-02  0.000E+00  4.591E+07  2.636E-10  1.406E+09
  6.302E+01  6.328E+01  2.162E-02  0.000E+00  4.610E+07  2.615E-10  1.427E+09
  6.353E+01  6.378E+01  2.135E-02  0.000E+00  4.630E+07  2.594E-10  1.449E+09
  6.403E+01  6.429E+01  2.108E-02  0.000E+00  4.650E+07  2.572E-10  1.471E+09
  6.455E+01  6.480E+01  2.082E-02  0.000E+00  4.671E+07  2.551E-10  1.494E+09
  6.506E+01  6.532E+01  2.056E-02  0.000E+00  4.691E+07  2.531E-10  1.517E+09
  6.558E+01  6.584E+01  2.030E-02  0.000E+00  4.712E+07  2.510E-10  1.540E+09
  6.610E+01  6.636E+01  2.004E-02  0.000E+00  4.733E+07  2.489E-10  1.564E+09
  6.663E+01  6.689E+01  1.979E-02  0.000E+00  4.754E+07  2.469E-10  1.589E+09
  6.716E+01  6.742E+01  1.954E-02  0.000E+00  4.776E+07  2.449E-10  1.614E+09
  6.769E+01  6.796E+01  1.929E-02  0.000E+00  4.797E+07  2.429E-10  1.639E+09
  6.823E+01  6.850E+01  1.905E-02  0.000E+00  4.819E+07  2.409E-10  1.665E+09
  6.877E+01  6.904E+01  1.881E-02  0.000E+00  4.841E+07  2.389E-10  1.691E+09
  6.931E+01  6.959E+01  1.857E-02  0.000E+00  4.864E+07  2.370E-10  1.718E+09
  6.986E+01  7.014E+01  1.833E-02  0.000E+00  4.886E+07  2.350E-10  1.745E+09
  7.042E+01  7.069E+01  1.810E-02  0.000E+00  4.909E+07  2.331E-10  1.773E+09
  7.097E+01  7.125E+01  1.787E-02  0.000E+00  4.932E+07  2.312E-10  1.801E+09
  7.153E+01  7.182E+01  1.764E-02  0.000E+00  4.955E+07  2.293E-10  1.829E+09
  7.210E+01  7.238E+01  1.741E-02  0.000E+00  4.978E+07  2.274E-10  1.859E+09
  7.267E+01  7.295E+01  1.719E-02  0.000E+00  5.001E+07  2.256E-10  1.888E+09
  7.324E+01  7.353E+01  1.697E-02  0.000E+00  5.025E+07  2.237E-10  1.919E+09
  7.382E+01  7.411E+01  1.675E-02  0.000E+00  5.049E+07  2.219E-10  1.949E+09
  7.440E+01  7.469E+01  1.653E-02  0.000E+00  5.073E+07  2.201E-10  1.981E+09
  7.499E+01  7.528E+01  1.632E-02  0.000E+00  5.097E+07  2.183E-10  2.012E+09
  7.558E+01  7.587E+01  1.611E-02  0.000E+00  5.121E+07  2.165E-10  2.045E+09
  7.617E+01  7.647E+01  1.590E-02  0.000E+00  5.146E+07  2.147E-10  2.078E+09
  7.677E+01  7.707E+01  1.570E-02  0.000E+00  5.171E+07  2.130E-10  2.111E+09
  7.737E+01  7.767E+01  1.549E-02  0.000E+00  5.195E+07  2.112E-10  2.145E+09
  7.798E+01  7.828E+01  1.529E-02  0.000E+00  5.220E+07  2.095E-10  2.180E+09
  7.859E+01  7.890E+01  1.510E-02  0.000E+00  5.245E+07  2.078E-10  2.215E+09
  7.921E+01  7.952E+01  1.490E-02  0.000E+00  5.271E+07  2.061E-10  2.251E+09
  7.983E+01  8.014E+01  1.471E-02  0.000E+00  5.296E+07  2.044E-10  2.287E+09
  8.045E+01  8.077E+01  1.452E-02  0.000E+00  5.321E+07  2.027E-10  2.324E+09
  8.108E+01  8.140E+01  1.433E-02  0.000E+00  5.347E+07  2.011E-10  2.361E+09
  8.171E+01  8.203E+01  1.415E-02  0.000E+00  5.373E+07  1.994E-10  2.399E+09
  8.235E+01  8.267E+01  1.396E-02  0.000E+00  5.399E+07  1.978E-10  2.438E+09
  8.299E+01  8.332E+01  1.378E-02  0.000E+00  5.424E+07  1.962E-10  2.477E+09
  8.364E+01  8.397E+01  1.360E-02  0.000E+00  5.450E+07  1.946E-10  2.517E+09
  8.429E+01  8.462E+01  1.343E-02  0.000E+00  5.476E+07  1.930E-10  2.557E+09
  8.495E+01  8.528E+01  1.326E-02  0.000E+00  5.503E+07  1.914E-10  2.598E+09
  8.561E+01  8.595E+01  1.309E-02  0.000E+00  5.529E+07  1.898E-10  2.640E+09
  8.628E+01  8.662E+01  1.292E-02  0.000E+00  5.555E+07  1.883E-10  2.682E+09
  8.695E+01  8.729E+01  1.275E-02  0.000E+00  5.581E+07  1.868E-10  2.725E+09
  8.763E+01  8.797E+01  1.259E-02  0.000E+00  5.608E+07  1.852E-10  2.769E+09
  8.831E+01  8.865E+01  1.243E-02  0.000E+00  5.634E+07  1.837E-10  2.813E+09
  8.899E+01  8.934E+01  1.227E-02  0.000E+00  5.661E+07  1.822E-10  2.858E+09
  8.968E+01  9.003E+01  1.211E-02  0.000E+00  5.687E+07  1.807E-10  2.903E+09
  9.038E+01  9.073E+01  1.196E-02  0.000E+00  5.714E+07  1.792E-10  2.949E+09
  9.108E+01  9.143E+01  1.180E-02  0.000E+00  5.740E+07  1.778E-10  2.996E+09
  9.179E+01  9.214E+01  1.165E-02  0.000E+00  5.767E+07  1.763E-10  3.043E+09
  9.250E+01  9.286E+01  1.150E-02  0.000E+00  5.793E+07  1.749E-10  3.091E+09
  9.321E+01  9.357E+01  1.136E-02  0.000E+00  5.820E+07  1.735E-10  3.140E+09
  9.393E+01  9.430E+01  1.121E-02  0.000E+00  5.846E+07  1.720E-10  3.189E+09
  9.466E+01  9.503E+01  1.107E-02  0.000E+00  5.873E+07  1.706E-10  3.239E+09
  9.539E+01  9.576E+01  1.093E-02  0.000E+00  5.899E+07  1.692E-10  3.289E+09
  9.613E+01  9.650E+01  1.079E-02  0.000E+00  5.926E+07  1.678E-10  3.340E+09
  9.687E+01  9.725E+01  1.066E-02  0.000E+00  5.952E+07  1.665E-10  3.392E+09
  9.762E+01  9.800E+01  1.052E-02  0.000E+00  5.979E+07  1.651E-10  3.445E+09
  9.837E+01  9.875E+01  1.039E-02  0.000E+00  6.005E+07  1.638E-10  3.498E+09
  9.913E+01  9.951E+01  1.026E-02  0.000E+00  6.031E+07  1.624E-10  3.552E+09
  9.989E+01  1.003E+02  1.013E-02  0.000E+00  6.057E+07  1.611E-10  3.606E+09
  1.007E+02  1.011E+02  1.001E-02  0.000E+00  6.083E+07  1.598E-10  3.662E+09
  1.014E+02  1.018E+02  9.884E-03  0.000E+00  6.109E+07  1.584E-10  3.717E+09
  1.022E+02  1.026E+02  9.761E-03  0.000E+00  6.135E+07  1.571E-10  3.774E+09
  1.030E+02  1.034E+02  9.641E-03  0.000E+00  6.161E+07  1.559E-10  3.831E+09
  1.038E+02  1.042E+02  9.522E-03  0.000E+00  6.187E+07  1.546E-10  3.889E+09
  1.046E+02  1.050E+02  9.404E-03  0.000E+00  6.212E+07  1.533E-10  3.947E+09
  1.054E+02  1.058E+02  9.289E-03  0.000E+00  6.238E+07  1.520E-10  4.007E+09
  1.062E+02  1.066E+02  9.175E-03  0.000E+00  6.263E+07  1.508E-10  4.066E+09
  1.070E+02  1.074E+02  9.063E-03  0.000E+00  6.289E+07  1.496E-10  4.127E+09
  1.078E+02  1.083E+02  8.952E-03  0.000E+00  6.314E+07  1.483E-10  4.188E+09
  1.087E+02  1.091E+02  8.844E-03  0.000E+00  6.339E+07  1.471E-10  4.250E+09
  1.095E+02  1.099E+02  8.736E-03  0.000E+00  6.364E+07  1.459E-10  4.312E+09
  1.103E+02  1.108E+02  8.631E-03  0.000E+00  6.388E+07  1.447E-10  4.376E+09
  1.112E+02  1.116E+02  8.526E-03  0.000E+00  6.413E+07  1.435E-10  4.440E+09
  1.120E+02  1.125E+02  8.424E-03  0.000E+00  6.437E+07  1.423E-10  4.504E+09
  1.129E+02  1.133E+02  8.323E-03  0.000E+00  6.462E+07  1.411E-10  4.569E+09
  1.138E+02  1.142E+02  8.223E-03  0.000E+00  6.486E+07  1.399E-10  4.635E+09
  1.146E+02  1.151E+02  8.125E-03  0.000E+00  6.510E+07  1.388E-10  4.702E+09
  1.155E+02  1.159E+02  8.028E-03  0.000E+00  6.534E+07  1.376E-10  4.769E+09
  1.164E+02  1.168E+02  7.933E-03  0.000E+00  6.557E+07  1.365E-10  4.837E+09
  1.173E+02  1.177E+02  7.839E-03  0.000E+00  6.581E+07  1.354E-10  4.906E+09
  1.182E+02  1.186E+02  7.746E-03  0.000E+00  6.604E+07  1.342E-10  4.975E+09
  1.191E+02  1.195E+02  7.655E-03  0.000E+00  6.627E+07  1.331E-10  5.045E+09
  1.200E+02  1.204E+02  7.565E-03  0.000E+00  6.650E+07  1.320E-10  5.116E+09
  1.209E+02  1.213E+02  7.476E-03  0.000E+00  6.672E+07  1.309E-10  5.188E+09
  1.218E+02  1.223E+02  7.389E-03  0.000E+00  6.695E+07  1.298E-10  5.260E+09
  1.227E+02  1.232E+02  7.303E-03  0.000E+00  6.717E+07  1.287E-10  5.333E+09
  1.237E+02  1.241E+02  7.218E-03  0.000E+00  6.739E+07  1.276E-10  5.406E+09
  1.246E+02  1.251E+02  7.134E-03  0.000E+00  6.761E+07  1.266E-10  5.480E+09
  1.255E+02  1.260E+02  7.052E-03  0.000E+00  6.783E+07  1.255E-10  5.555E+09
  1.265E+02  1.270E+02  6.970E-03  0.000E+00  6.804E+07  1.244E-10  5.631E+09
  1.275E+02  1.279E+02  6.890E-03  0.000E+00  6.825E+07  1.234E-10  5.707E+09
  1.284E+02  1.289E+02  6.811E-03  0.000E+00  6.846E+07  1.224E-10  5.784E+09
  1.294E+02  1.299E+02  6.733E-03  0.000E+00  6.867E+07  1.213E-10  5.862E+09
  1.304E+02  1.309E+02  6.656E-03  0.000E+00  6.887E+07  1.203E-10  5.941E+09
  1.314E+02  1.319E+02  6.580E-03  0.000E+00  6.908E+07  1.193E-10  6.020E+09
  1.324E+02  1.329E+02  6.505E-03  0.000E+00  6.928E+07  1.183E-10  6.100E+09
  1.334E+02  1.339E+02  6.432E-03  0.000E+00  6.948E+07  1.173E-10  6.181E+09
  1.344E+02  1.349E+02  6.359E-03  0.000E+00  6.967E+07  1.163E-10  6.262E+09
  1.354E+02  1.359E+02  6.287E-03  0.000E+00  6.987E+07  1.153E-10  6.345E+09
  1.364E+02  1.369E+02  6.216E-03  0.000E+00  7.006E+07  1.143E-10  6.428E+09
  1.375E+02  1.380E+02  6.146E-03  0.000E+00  7.025E+07  1.133E-10  6.512E+09
  1.385E+02  1.390E+02  6.077E-03  0.000E+00  7.044E+07  1.123E-10  6.596E+09
  1.395E+02  1.401E+02  6.009E-03  0.000E+00  7.062E+07  1.114E-10  6.681E+09
  1.406E+02  1.411E+02  5.942E-03  0.000E+00  7.080E+07  1.104E-10  6.768E+09
  1.417E+02  1.422E+02  5.876E-03  0.000E+00  7.099E+07  1.095E-10  6.854E+09
  1.427E+02  1.433E+02  5.811E-03  0.000E+00  7.116E+07  1.085E-10  6.942E+09
  1.438E+02  1.444E+02  5.746E-03  0.000E+00  7.134E+07  1.076E-10  7.031E+09
  1.449E+02  1.454E+02  5.683E-03  0.000E+00  7.151E+07  1.066E-10  7.120E+09
  1.460E+02  1.465E+02  5.620E-03  0.000E+00  7.168E+07  1.057E-10  7.210E+09
  1.471E+02  1.476E+02  5.558E-03  0.000E+00  7.185E+07  1.048E-10  7.301E+09
  1.482E+02  1.488E+02  5.496E-03  0.000E+00  7.202E+07  1.039E-10  7.393E+09
  1.493E+02  1.499E+02  5.436E-03  0.000E+00  7.218E+07  1.030E-10  7.485E+09
  1.504E+02  1.510E+02  5.376E-03  0.000E+00  7.235E+07  1.021E-10  7.579E+09
  1.516E+02  1.521E+02  5.317E-03  0.000E+00  7.251E+07  1.012E-10  7.673E+09
  1.527E+02  1.533E+02  5.259E-03  0.000E+00  7.266E+07  1.003E-10  7.768E+09
  1.539E+02  1.544E+02  5.202E-03  0.000E+00  7.282E+07  9.939E-11  7.864E+09
  1.550E+02  1.556E+02  5.145E-03  0.000E+00  7.297E+07  9.851E-11  7.961E+09
  1.562E+02  1.568E+02  5.089E-03  0.000E+00  7.312E+07  9.764E-11  8.059E+09
  1.574E+02  1.580E+02  5.034E-03  0.000E+00  7.327E+07  9.677E-11  8.157E+09
  1.586E+02  1.591E+02  4.979E-03  0.000E+00  7.342E+07  9.591E-11  8.257E+09
  1.597E+02  1.603E+02  4.925E-03  0.000E+00  7.356E+07  9.506E-11  8.358E+09
  1.609E+02  1.615E+02  4.871E-03  0.000E+00  7.370E+07  9.421E-11  8.459E+09
  1.622E+02  1.628E+02  4.819E-03  0.000E+00  7.384E+07  9.337E-11  8.562E+09
  1.634E+02  1.640E+02  4.766E-03  0.000E+00  7.398E+07  9.253E-11  8.665E+09
  1.646E+02  1.652E+02  4.715E-03  0.000E+00  7.412E+07  9.170E-11  8.769E+09
  1.658E+02  1.665E+02  4.664E-03  0.000E+00  7.425E+07  9.087E-11  8.875E+09
  1.671E+02  1.677E+02  4.614E-03  0.000E+00  7.438E+07  9.005E-11  8.981E+09
  1.683E+02  1.690E+02  4.564E-03  0.000E+00  7.451E+07  8.923E-11  9.089E+09
  1.696E+02  1.702E+02  4.515E-03  0.000E+00  7.464E+07  8.842E-11  9.197E+09
  1.709E+02  1.715E+02  4.466E-03  0.000E+00  7.476E+07  8.762E-11  9.307E+09
  1.721E+02  1.728E+02  4.418E-03  0.000E+00  7.488E+07  8.682E-11  9.417E+09
  1.734E+02  1.741E+02  4.371E-03  0.000E+00  7.500E+07  8.602E-11  9.529E+09
  1.747E+02  1.754E+02  4.324E-03  0.000E+00  7.512E+07  8.523E-11  9.642E+09
  1.760E+02  1.767E+02  4.277E-03  0.000E+00  7.524E+07  8.445E-11  9.755E+09
  1.774E+02  1.780E+02  4.231E-03  0.000E+00  7.536E+07  8.367E-11  9.870E+09
  1.787E+02  1.793E+02  4.186E-03  0.000E+00  7.547E+07  8.290E-11  9.986E+09
  1.800E+02  1.807E+02  4.141E-03  0.000E+00  7.558E+07  8.213E-11  1.010E+10
  1.814E+02  1.820E+02  4.097E-03  0.000E+00  7.569E+07  8.137E-11  1.022E+10
  1.827E+02  1.834E+02  4.053E-03  0.000E+00  7.580E+07  8.061E-11  1.034E+10
  1.841E+02  1.848E+02  4.009E-03  0.000E+00  7.590E+07  7.986E-11  1.046E+10
  1.855E+02  1.862E+02  3.967E-03  0.000E+00  7.601E+07  7.911E-11  1.058E+10
  1.868E+02  1.875E+02  3.924E-03  0.000E+00  7.611E+07  7.837E-11  1.071E+10
  1.882E+02  1.889E+02  3.882E-03  0.000E+00  7.621E+07  7.763E-11  1.083E+10
  1.896E+02  1.904E+02  3.840E-03  0.000E+00  7.631E+07  7.690E-11  1.096E+10
  1.911E+02  1.918E+02  3.799E-03  0.000E+00  7.640E+07  7.617E-11  1.109E+10
  1.925E+02  1.932E+02  3.759E-03  0.000E+00  7.650E+07  7.544E-11  1.121E+10
  1.939E+02  1.946E+02  3.718E-03  0.000E+00  7.659E+07  7.473E-11  1.134E+10
  1.954E+02  1.961E+02  3.678E-03  0.000E+00  7.668E+07  7.401E-11  1.148E+10
  1.968E+02  1.976E+02  3.639E-03  0.000E+00  7.677E+07  7.331E-11  1.161E+10
  1.983E+02  1.990E+02  3.600E-03  0.000E+00  7.686E+07  7.260E-11  1.174E+10
  1.998E+02  2.005E+02  3.561E-03  0.000E+00  7.695E+07  7.191E-11  1.188E+10
  2.013E+02  2.020E+02  3.523E-03  0.000E+00  7.703E+07  7.121E-11  1.201E+10
  2.028E+02  2.035E+02  3.485E-03  0.000E+00  7.712E+07  7.052E-11  1.215E+10
  2.043E+02  2.050E+02  3.448E-03  0.000E+00  7.720E+07  6.984E-11  1.229E+10
  2.058E+02  2.066E+02  3.411E-03  0.000E+00  7.728E+07  6.916E-11  1.243E+10
  2.073E+02  2.081E+02  3.374E-03  0.000E+00  7.736E+07  6.849E-11  1.258E+10
  2.089E+02  2.096E+02  3.338E-03  0.000E+00  7.744E+07  6.782E-11  1.272E+10
  2.104E+02  2.112E+02  3.302E-03  0.000E+00  7.751E+07  6.715E-11  1.287E+10
  2.120E+02  2.128E+02  3.266E-03  0.000E+00  7.759E+07  6.649E-11  1.302E+10
  2.136E+02  2.144E+02  3.231E-03  0.000E+00  7.766E+07  6.584E-11  1.317E+10
  2.151E+02  2.159E+02  3.196E-03  0.000E+00  7.773E+07  6.519E-11  1.332E+10
  2.167E+02  2.176E+02  3.161E-03  0.000E+00  7.780E+07  6.454E-11  1.347E+10
  2.184E+02  2.192E+02  3.127E-03  0.000E+00  7.787E+07  6.390E-11  1.362E+10
  2.200E+02  2.208E+02  3.093E-03  0.000E+00  7.794E+07  6.326E-11  1.378E+10
  2.216E+02  2.224E+02  3.060E-03  0.000E+00  7.801E+07  6.263E-11  1.394E+10
  2.233E+02  2.241E+02  3.027E-03  0.000E+00  7.807E+07  6.200E-11  1.410E+10
  2.249E+02  2.257E+02  2.994E-03  0.000E+00  7.814E+07  6.138E-11  1.426E+10
  2.266E+02  2.274E+02  2.961E-03  0.000E+00  7.820E+07  6.076E-11  1.442E+10
  2.283E+02  2.291E+02  2.929E-03  0.000E+00  7.826E+07  6.015E-11  1.459E+10
  2.300E+02  2.308E+02  2.897E-03  0.000E+00  7.832E+07  5.954E-11  1.476E+10
  2.317E+02  2.325E+02  2.865E-03  0.000E+00  7.838E+07  5.893E-11  1.493E+10
  2.334E+02  2.342E+02  2.834E-03  0.000E+00  7.844E+07  5.833E-11  1.510E+10
  2.351E+02  2.360E+02  2.803E-03  0.000E+00  7.849E+07  5.773E-11  1.527E+10
  2.369E+02  2.377E+02  2.772E-03  0.000E+00  7.855E+07  5.714E-11  1.545E+10
  2.386E+02  2.395E+02  2.742E-03  0.000E+00  7.861E+07  5.655E-11  1.563E+10
  2.404E+02  2.413E+02  2.712E-03  0.000E+00  7.866E+07  5.597E-11  1.581E+10
  2.422E+02  2.431E+02  2.682E-03  0.000E+00  7.871E+07  5.539E-11  1.599E+10
  2.440E+02  2.449E+02  2.652E-03  0.000E+00  7.876E+07  5.482E-11  1.617E+10
  2.458E+02  2.467E+02  2.623E-03  0.000E+00  7.881E+07  5.425E-11  1.636E+10
  2.476E+02  2.485E+02  2.594E-03  0.000E+00  7.886E+07  5.368E-11  1.655E+10
  2.494E+02  2.503E+02  2.566E-03  0.000E+00  7.891E+07  5.312E-11  1.674E+10
  2.513E+02  2.522E+02  2.537E-03  0.000E+00  7.896E+07  5.257E-11  1.693E+10
  2.531E+02  2.541E+02  2.509E-03  0.000E+00  7.901E+07  5.201E-11  1.713E+10
  2.550E+02  2.559E+02  2.481E-03  0.000E+00  7.905E+07  5.146E-11  1.733E+10
  2.569E+02  2.578E+02  2.453E-03  0.000E+00  7.910E+07  5.092E-11  1.753E+10
  2.588E+02  2.597E+02  2.426E-03  0.000E+00  7.914E+07  5.038E-11  1.773E+10
  2.607E+02  2.617E+02  2.399E-03  0.000E+00  7.918E+07  4.985E-11  1.794E+10
  2.626E+02  2.636E+02  2.372E-03  0.000E+00  7.923E+07  4.931E-11  1.815E+10
  2.646E+02  2.655E+02  2.346E-03  0.000E+00  7.927E+07  4.879E-11  1.836E+10
  2.665E+02  2.675E+02  2.319E-03  0.000E+00  7.931E+07  4.826E-11  1.857E+10
  2.685E+02  2.695E+02  2.293E-03  0.000E+00  7.935E+07  4.775E-11  1.879E+10
  2.705E+02  2.715E+02  2.267E-03  0.000E+00  7.939E+07  4.723E-11  1.901E+10
  2.725E+02  2.735E+02  2.242E-03  0.000E+00  7.942E+07  4.672E-11  1.923E+10
  2.745E+02  2.755E+02  2.216E-03  0.000E+00  7.946E+07  4.621E-11  1.946E+10
  2.765E+02  2.775E+02  2.191E-03  0.000E+00  7.950E+07  4.571E-11  1.969E+10
  2.785E+02  2.796E+02  2.167E-03  0.000E+00  7.953E+07  4.521E-11  1.992E+10
  2.806E+02  2.816E+02  2.142E-03  0.000E+00  7.957E+07  4.472E-11  2.015E+10
  2.827E+02  2.837E+02  2.118E-03  0.000E+00  7.960E+07  4.423E-11  2.039E+10
  2.847E+02  2.858E+02  2.093E-03  0.000E+00  7.964E+07  4.375E-11  2.063E+10
  2.868E+02  2.879E+02  2.070E-03  0.000E+00  7.967E+07  4.326E-11  2.087E+10
  2.890E+02  2.900E+02  2.046E-03  0.000E+00  7.970E+07  4.279E-11  2.112E+10
  2.911E+02  2.922E+02  2.022E-03  0.000E+00  7.973E+07  4.231E-11  2.137E+10
  2.932E+02  2.943E+02  1.999E-03  0.000E+00  7.976E+07  4.184E-11  2.162E+10
  2.954E+02  2.965E+02  1.976E-03  0.000E+00  7.979E+07  4.138E-11  2.188E+10
  2.976E+02  2.987E+02  1.953E-03  0.000E+00  7.982E+07  4.092E-11  2.214E+10
  2.998E+02  3.009E+02  1.931E-03  0.000E+00  7.985E+07  4.046E-11  2.240E+10
  3.020E+02  3.031E+02  1.908E-03  0.000E+00  7.988E+07  4.000E-11  2.267E+10
  3.042E+02  3.053E+02  1.886E-03  0.000E+00  7.991E+07  3.955E-11  2.294E+10
  3.064E+02  3.076E+02  1.864E-03  0.000E+00  7.994E+07  3.911E-11  2.322E+10
  3.087E+02  3.098E+02  1.843E-03  0.000E+00  7.996E+07  3.867E-11  2.349E+10
  3.110E+02  3.121E+02  1.821E-03  0.000E+00  7.999E+07  3.823E-11  2.378E+10
  3.133E+02  3.144E+02  1.800E-03  0.000E+00  8.002E+07  3.779E-11  2.406E+10
  3.156E+02  3.167E+02  1.779E-03  0.000E+00  8.004E+07  3.736E-11  2.435E+10
  3.179E+02  3.191E+02  1.758E-03  0.000E+00  8.007E+07  3.694E-11  2.465E+10
  3.202E+02  3.214E+02  1.737E-03  0.000E+00  8.009E+07  3.651E-11  2.494E+10
  3.226E+02  3.238E+02  1.717E-03  0.000E+00  8.011E+07  3.609E-11  2.524E+10
  3.250E+02  3.262E+02  1.697E-03  0.000E+00  8.014E+07  3.568E-11  2.555E+10
  3.273E+02  3.286E+02  1.677E-03  0.000E+00  8.016E+07  3.527E-11  2.586E+10
  3.298E+02  3.310E+02  1.657E-03  0.000E+00  8.018E+07  3.486E-11  2.617E+10
  3.322E+02  3.334E+02  1.637E-03  0.000E+00  8.020E+07  3.445E-11  2.649E+10
  3.346E+02  3.358E+02  1.618E-03  0.000E+00  8.022E+07  3.405E-11  2.682E+10
  3.371E+02  3.383E+02  1.598E-03  0.000E+00  8.024E+07  3.366E-11  2.714E+10
  3.396E+02  3.408E+02  1.579E-03  0.000E+00  8.026E+07  3.326E-11  2.747E+10
  3.421E+02  3.433E+02  1.561E-03  0.000E+00  8.028E+07  3.287E-11  2.781E+10
  3.446E+02  3.458E+02  1.542E-03  0.000E+00  8.030E+07  3.249E-11  2.815E+10
  3.471E+02  3.484E+02  1.523E-03  0.000E+00  8.032E+07  3.211E-11  2.850E+10
  3.496E+02  3.509E+02  1.505E-03  0.000E+00  8.034E+07  3.173E-11  2.885E+10
  3.522E+02  3.535E+02  1.487E-03  0.000E+00  8.036E+07  3.135E-11  2.921E+10
  3.548E+02  3.561E+02  1.469E-03  0.000E+00  8.038E+07  3.098E-11  2.957E+10
  3.574E+02  3.587E+02  1.451E-03  0.000E+00  8.040E+07  3.061E-11  2.993E+10
  3.600E+02  3.613E+02  1.434E-03  0.000E+00  8.041E+07  3.025E-11  3.030E+10
  3.627E+02  3.640E+02  1.416E-03  0.000E+00  8.043E+07  2.989E-11  3.068E+10
  3.653E+02  3.667E+02  1.399E-03  0.000E+00  8.045E+07  2.953E-11  3.106E+10
  3.680E+02  3.694E+02  1.382E-03  0.000E+00  8.046E+07  2.918E-11  3.145E+10
  3.707E+02  3.721E+02  1.365E-03  0.000E+00  8.048E+07  2.883E-11  3.184E+10
  3.734E+02  3.748E+02  1.348E-03  0.000E+00  8.049E+07  2.848E-11  3.224E+10
  3.762E+02  3.775E+02  1.332E-03  0.000E+00  8.051E+07  2.813E-11  3.264E+10
  3.789E+02  3.803E+02  1.315E-03  0.000E+00  8.052E+07  2.779E-11  3.305E+10
  3.817E+02  3.831E+02  1.299E-03  0.000E+00  8.054E+07  2.746E-11  3.347E+10
  3.845E+02  3.859E+02  1.283E-03  0.000E+00  8.055E+07  2.712E-11  3.389E+10
  3.873E+02  3.887E+02  1.267E-03  0.000E+00  8.057E+07  2.679E-11  3.432E+10
  3.902E+02  3.916E+02  1.252E-03  0.000E+00  8.058E+07  2.647E-11  3.475E+10
  3.930E+02  3.945E+02  1.236E-03  0.000E+00  8.059E+07  2.614E-11  3.519E+10
  3.959E+02  3.973E+02  1.221E-03  0.000E+00  8.061E+07  2.582E-11  3.563E+10
  3.988E+02  4.003E+02  1.206E-03  0.000E+00  8.062E+07  2.551E-11  3.609E+10
  4.017E+02  4.032E+02  1.191E-03  0.000E+00  8.063E+07  2.519E-11  3.654E+10
  4.047E+02  4.061E+02  1.176E-03  0.000E+00  8.064E+07  2.488E-11  3.701E+10
  4.076E+02  4.091E+02  1.161E-03  0.000E+00  8.065E+07  2.457E-11  3.748E+10
  4.106E+02  4.121E+02  1.147E-03  0.000E+00  8.067E+07  2.427E-11  3.796E+10
  4.136E+02  4.151E+02  1.132E-03  0.000E+00  8.068E+07  2.397E-11  3.845E+10
  4.166E+02  4.182E+02  1.118E-03  0.000E+00  8.069E+07  2.367E-11  3.894E+10
  4.197E+02  4.212E+02  1.104E-03  0.000E+00  8.070E+07  2.337E-11  3.944E+10
  4.228E+02  4.243E+02  1.090E-03  0.000E+00  8.071E+07  2.308E-11  3.995E+10
  4.259E+02  4.274E+02  1.076E-03  0.000E+00  8.072E+07  2.279E-11  4.046E+10
  4.290E+02  4.305E+02  1.062E-03  0.000E+00  8.073E+07  2.251E-11  4.098E+10
  4.321E+02  4.337E+02  1.049E-03  0.000E+00  8.074E+07  2.222E-11  4.151E+10
  4.353E+02  4.369E+02  1.036E-03  0.000E+00  8.075E+07  2.195E-11  4.205E+10
  4.385E+02  4.401E+02  1.023E-03  0.000E+00  8.076E+07  2.167E-11  4.260E+10
  4.417E+02  4.433E+02  1.009E-03  0.000E+00  8.077E+07  2.139E-11  4.315E+10
  4.449E+02  4.465E+02  9.966E-04  0.000E+00  8.078E+07  2.112E-11  4.371E+10
  4.481E+02  4.498E+02  9.838E-04  0.000E+00  8.079E+07  2.086E-11  4.428E+10
  4.514E+02  4.531E+02  9.712E-04  0.000E+00  8.080E+07  2.059E-11  4.486E+10
  4.547E+02  4.564E+02  9.587E-04  0.000E+00  8.081E+07  2.033E-11  4.544E+10
  4.581E+02  4.597E+02  9.464E-04  0.000E+00  8.081E+07  2.007E-11  4.604E+10
  4.614E+02  4.631E+02  9.342E-04  0.000E+00  8.082E+07  1.981E-11  4.664E+10
  4.648E+02  4.665E+02  9.222E-04  0.000E+00  8.083E+07  1.956E-11  4.725E+10
  4.682E+02  4.699E+02  9.103E-04  0.000E+00  8.084E+07  1.931E-11  4.788E+10
  4.716E+02  4.733E+02  8.985E-04  0.000E+00  8.085E+07  1.906E-11  4.851E+10
  4.750E+02  4.768E+02  8.868E-04  0.000E+00  8.085E+07  1.882E-11  4.915E+10
  4.785E+02  4.803E+02  8.753E-04  0.000E+00  8.086E+07  1.857E-11  4.980E+10
  4.820E+02  4.838E+02  8.640E-04  0.000E+00  8.087E+07  1.833E-11  5.045E+10
  4.855E+02  4.873E+02  8.527E-04  0.000E+00  8.088E+07  1.810E-11  5.112E+10
  4.891E+02  4.909E+02  8.416E-04  0.000E+00  8.088E+07  1.786E-11  5.180E+10
  4.926E+02  4.944E+02  8.306E-04  0.000E+00  8.089E+07  1.763E-11  5.249E+10
  4.962E+02  4.980E+02  8.197E-04  0.000E+00  8.090E+07  1.740E-11  5.319E+10
  4.999E+02  5.017E+02  8.090E-04  0.000E+00  8.090E+07  1.717E-11  5.390E+10
  5.035E+02  5.053E+02  7.984E-04  0.000E+00  8.091E+07  1.695E-11  5.461E+10
  5.072E+02  5.090E+02  7.879E-04  0.000E+00  8.092E+07  1.673E-11  5.534E+10
  5.109E+02  5.127E+02  7.775E-04  0.000E+00  8.092E+07  1.651E-11  5.608E+10
  5.146E+02  5.165E+02  7.673E-04  0.000E+00  8.093E+07  1.629E-11  5.684E+10
  5.184E+02  5.203E+02  7.572E-04  0.000E+00  8.093E+07  1.608E-11  5.760E+10
  5.221E+02  5.241E+02  7.471E-04  0.000E+00  8.094E+07  1.587E-11  5.837E+10
  5.260E+02  5.279E+02  7.373E-04  0.000E+00  8.094E+07  1.566E-11  5.916E+10
  5.298E+02  5.317E+02  7.275E-04  0.000E+00  8.095E+07  1.545E-11  5.995E+10
  5.337E+02  5.356E+02  7.178E-04  0.000E+00  8.096E+07  1.525E-11  6.076E+10
  5.376E+02  5.395E+02  7.083E-04  0.000E+00  8.096E+07  1.505E-11  6.158E+10
  5.415E+02  5.434E+02  6.989E-04  0.000E+00  8.097E+07  1.485E-11  6.242E+10
  5.454E+02  5.474E+02  6.896E-04  0.000E+00  8.097E+07  1.465E-11  6.326E+10
  5.494E+02  5.514E+02  6.804E-04  0.000E+00  8.098E+07  1.446E-11  6.412E+10
  5.534E+02  5.554E+02  6.713E-04  0.000E+00  8.098E+07  1.426E-11  6.499E+10
  5.574E+02  5.595E+02  6.623E-04  0.000E+00  8.099E+07  1.407E-11  6.587E+10
  5.615E+02  5.635E+02  6.535E-04  0.000E+00  8.099E+07  1.389E-11  6.677E+10
  5.656E+02  5.677E+02  6.447E-04  0.000E+00  8.099E+07  1.370E-11  6.768E+10
  5.697E+02  5.718E+02  6.360E-04  0.000E+00  8.100E+07  1.352E-11  6.860E+10
  5.739E+02  5.760E+02  6.275E-04  0.000E+00  8.100E+07  1.334E-11  6.954E+10
  5.780E+02  5.802E+02  6.191E-04  0.000E+00  8.101E+07  1.316E-11  7.049E+10
  5.823E+02  5.844E+02  6.107E-04  0.000E+00  8.101E+07  1.298E-11  7.145E+10
  5.865E+02  5.886E+02  6.025E-04  0.000E+00  8.102E+07  1.281E-11  7.243E+10
  5.908E+02  5.929E+02  5.944E-04  0.000E+00  8.102E+07  1.264E-11  7.342E+10
  5.951E+02  5.972E+02  5.863E-04  0.000E+00  8.102E+07  1.247E-11  7.443E+10
  5.994E+02  6.016E+02  5.784E-04  0.000E+00  8.103E+07  1.230E-11  7.545E+10
  6.038E+02  6.060E+02  5.706E-04  0.000E+00  8.103E+07  1.213E-11  7.649E+10
  6.082E+02  6.104E+02  5.628E-04  0.000E+00  8.103E+07  1.197E-11  7.754E+10
  6.126E+02  6.148E+02  5.552E-04  0.000E+00  8.104E+07  1.181E-11  7.861E+10
  6.171E+02  6.193E+02  5.476E-04  0.000E+00  8.104E+07  1.165E-11  7.970E+10
  6.216E+02  6.238E+02  5.402E-04  0.000E+00  8.104E+07  1.149E-11  8.080E+10
  6.261E+02  6.284E+02  5.328E-04  0.000E+00  8.105E+07  1.133E-11  8.192E+10
  6.306E+02  6.329E+02  5.256E-04  0.000E+00  8.105E+07  1.118E-11  8.305E+10
  6.352E+02  6.375E+02  5.184E-04  0.000E+00  8.105E+07  1.103E-11  8.420E+10
  6.399E+02  6.422E+02  5.113E-04  0.000E+00  8.106E+07  1.088E-11  8.537E+10
  6.445E+02  6.469E+02  5.043E-04  0.000E+00  8.106E+07  1.073E-11  8.655E+10
  6.492E+02  6.516E+02  4.975E-04  0.000E+00  8.106E+07  1.058E-11  8.775E+10
  6.539E+02  6.563E+02  4.906E-04  0.000E+00  8.107E+07  1.044E-11  8.897E+10
  6.587E+02  6.611E+02  4.839E-04  0.000E+00  8.107E+07  1.029E-11  9.021E+10
  6.635E+02  6.659E+02  4.773E-04  0.000E+00  8.107E+07  1.015E-11  9.147E+10
  6.683E+02  6.707E+02  4.707E-04  0.000E+00  8.108E+07  1.001E-11  9.274E+10
  6.732E+02  6.756E+02  4.643E-04  0.000E+00  8.108E+07  9.877E-12  9.404E+10
  6.781E+02  6.805E+02  4.579E-04  0.000E+00  8.108E+07  9.742E-12  9.535E+10
  6.830E+02  6.855E+02  4.516E-04  0.000E+00  8.108E+07  9.608E-12  9.668E+10
  6.880E+02  6.905E+02  4.454E-04  0.000E+00  8.109E+07  9.476E-12  9.803E+10
  6.930E+02  6.955E+02  4.392E-04  0.000E+00  8.109E+07  9.346E-12  9.940E+10
  6.980E+02  7.005E+02  4.332E-04  0.000E+00  8.109E+07  9.217E-12  1.008E+11
  7.031E+02  7.056E+02  4.272E-04  0.000E+00  8.109E+07  9.090E-12  1.022E+11
  7.082E+02  7.108E+02  4.213E-04  0.000E+00  8.110E+07  8.965E-12  1.036E+11
  7.133E+02  7.159E+02  4.155E-04  0.000E+00  8.110E+07  8.841E-12  1.051E+11
  7.185E+02  7.211E+02  4.097E-04  0.000E+00  8.110E+07  8.719E-12  1.066E+11
  7.238E+02  7.264E+02  4.041E-04  0.000E+00  8.110E+07  8.599E-12  1.081E+11
  7.290E+02  7.317E+02  3.985E-04  0.000E+00  8.110E+07  8.480E-12  1.096E+11
  7.343E+02  7.370E+02  3.929E-04  0.000E+00  8.111E+07  8.363E-12  1.111E+11
  7.397E+02  7.423E+02  3.875E-04  0.000E+00  8.111E+07  8.247E-12  1.127E+11
  7.450E+02  7.477E+02  3.821E-04  0.000E+00  8.111E+07  8.133E-12  1.143E+11
  7.504E+02  7.532E+02  3.768E-04  0.000E+00  8.111E+07  8.020E-12  1.159E+11
  7.559E+02  7.586E+02  3.716E-04  0.000E+00  8.111E+07  7.909E-12  1.175E+11
  7.614E+02  7.642E+02  3.664E-04  0.000E+00  8.112E+07  7.799E-12  1.192E+11
  7.669E+02  7.697E+02  3.613E-04  0.000E+00  8.112E+07  7.691E-12  1.209E+11
  7.725E+02  7.753E+02  3.563E-04  0.000E+00  8.112E+07  7.584E-12  1.226E+11
  7.781E+02  7.809E+02  3.514E-04  0.000E+00  8.112E+07  7.479E-12  1.243E+11
  7.838E+02  7.866E+02  3.465E-04  0.000E+00  8.112E+07  7.375E-12  1.261E+11
  7.894E+02  7.923E+02  3.416E-04  0.000E+00  8.112E+07  7.272E-12  1.278E+11
  7.952E+02  7.981E+02  3.369E-04  0.000E+00  8.113E+07  7.171E-12  1.296E+11
  8.010E+02  8.039E+02  3.322E-04  0.000E+00  8.113E+07  7.072E-12  1.315E+11
  8.068E+02  8.097E+02  3.276E-04  0.000E+00  8.113E+07  6.973E-12  1.333E+11
  8.126E+02  8.156E+02  3.230E-04  0.000E+00  8.113E+07  6.876E-12  1.352E+11
  8.185E+02  8.215E+02  3.185E-04  0.000E+00  8.113E+07  6.780E-12  1.371E+11
  8.245E+02  8.275E+02  3.140E-04  0.000E+00  8.113E+07  6.686E-12  1.391E+11
  8.305E+02  8.335E+02  3.097E-04  0.000E+00  8.113E+07  6.592E-12  1.411E+11
  8.365E+02  8.395E+02  3.053E-04  0.000E+00  8.114E+07  6.500E-12  1.430E+11
  8.426E+02  8.456E+02  3.011E-04  0.000E+00  8.114E+07  6.410E-12  1.451E+11
  8.487E+02  8.518E+02  2.969E-04  0.000E+00  8.114E+07  6.320E-12  1.471E+11
  8.548E+02  8.579E+02  2.927E-04  0.000E+00  8.114E+07  6.232E-12  1.492E+11
  8.610E+02  8.642E+02  2.886E-04  0.000E+00  8.114E+07  6.145E-12  1.513E+11
  8.673E+02  8.704E+02  2.846E-04  0.000E+00  8.114E+07  6.059E-12  1.535E+11
  8.736E+02  8.768E+02  2.806E-04  0.000E+00  8.114E+07  5.975E-12  1.557E+11
  8.799E+02  8.831E+02  2.767E-04  0.000E+00  8.115E+07  5.891E-12  1.579E+11
  8.863E+02  8.895E+02  2.728E-04  0.000E+00  8.115E+07  5.809E-12  1.601E+11
  8.927E+02  8.960E+02  2.690E-04  0.000E+00  8.115E+07  5.728E-12  1.624E+11
  8.992E+02  9.025E+02  2.652E-04  0.000E+00  8.115E+07  5.648E-12  1.647E+11
  9.058E+02  9.090E+02  2.615E-04  0.000E+00  8.115E+07  5.569E-12  1.670E+11
  9.123E+02  9.156E+02  2.579E-04  0.000E+00  8.115E+07  5.491E-12  1.694E+11
  9.189E+02  9.223E+02  2.542E-04  0.000E+00  8.115E+07  5.414E-12  1.718E+11
  9.256E+02  9.290E+02  2.507E-04  0.000E+00  8.115E+07  5.338E-12  1.742E+11
  9.323E+02  9.357E+02  2.472E-04  0.000E+00  8.115E+07  5.264E-12  1.767E+11
  9.391E+02  9.425E+02  2.437E-04  0.000E+00  8.115E+07  5.190E-12  1.792E+11
  9.459E+02  9.493E+02  2.403E-04  0.000E+00  8.116E+07  5.118E-12  1.818E+11
  9.528E+02  9.562E+02  2.369E-04  0.000E+00  8.116E+07  5.046E-12  1.844E+11
  9.597E+02  9.631E+02  2.336E-04  0.000E+00  8.116E+07  4.975E-12  1.870E+11
  9.666E+02  9.701E+02  2.304E-04  0.000E+00  8.116E+07  4.906E-12  1.896E+11
  9.736E+02  9.772E+02  2.271E-04  0.000E+00  8.116E+07  4.837E-12  1.923E+11
  9.807E+02  9.843E+02  2.240E-04  0.000E+00  8.116E+07  4.770E-12  1.951E+11
  9.878E+02  9.914E+02  2.208E-04  0.000E+00  8.116E+07  4.703E-12  1.978E+11
  9.950E+02  9.986E+02  2.177E-04  0.000E+00  8.116E+07  4.637E-12  2.006E+11
  1.002E+03  1.006E+03  2.147E-04  0.000E+00  8.116E+07  4.572E-12  2.035E+11
  1.009E+03  1.013E+03  2.117E-04  0.000E+00  8.116E+07  4.509E-12  2.064E+11
  1.017E+03  1.020E+03  2.087E-04  0.000E+00  8.116E+07  4.446E-12  2.093E+11
  1.024E+03  1.028E+03  2.058E-04  0.000E+00  8.117E+07  4.383E-12  2.123E+11
  1.032E+03  1.035E+03  2.029E-04  0.000E+00  8.117E+07  4.322E-12  2.153E+11
  1.039E+03  1.043E+03  2.001E-04  0.000E+00  8.117E+07  4.262E-12  2.183E+11
  1.047E+03  1.050E+03  1.973E-04  0.000E+00  8.117E+07  4.202E-12  2.214E+11
  1.054E+03  1.058E+03  1.946E-04  0.000E+00  8.117E+07  4.144E-12  2.245E+11
  1.062E+03  1.066E+03  1.918E-04  0.000E+00  8.117E+07  4.086E-12  2.277E+11
  1.069E+03  1.073E+03  1.892E-04  0.000E+00  8.117E+07  4.029E-12  2.309E+11
  1.077E+03  1.081E+03  1.865E-04  0.000E+00  8.117E+07  3.973E-12  2.342E+11
  1.085E+03  1.089E+03  1.839E-04  0.000E+00  8.117E+07  3.917E-12  2.375E+11
  1.093E+03  1.097E+03  1.814E-04  0.000E+00  8.117E+07  3.863E-12  2.409E+11
  1.101E+03  1.105E+03  1.788E-04  0.000E+00  8.117E+07  3.809E-12  2.443E+11
  1.109E+03  1.113E+03  1.763E-04  0.000E+00  8.117E+07  3.756E-12  2.477E+11
  1.117E+03  1.121E+03  1.739E-04  0.000E+00  8.117E+07  3.704E-12  2.512E+11
  1.125E+03  1.129E+03  1.715E-04  0.000E+00  8.117E+07  3.652E-12  2.548E+11
  1.133E+03  1.137E+03  1.691E-04  0.000E+00  8.117E+07  3.602E-12  2.584E+11
  1.141E+03  1.145E+03  1.667E-04  0.000E+00  8.117E+07  3.552E-12  2.620E+11
  1.150E+03  1.154E+03  1.644E-04  0.000E+00  8.118E+07  3.502E-12  2.657E+11
  1.158E+03  1.162E+03  1.621E-04  0.000E+00  8.118E+07  3.454E-12  2.695E+11
  1.166E+03  1.170E+03  1.599E-04  0.000E+00  8.118E+07  3.406E-12  2.733E+11
  1.175E+03  1.179E+03  1.577E-04  0.000E+00  8.118E+07  3.358E-12  2.771E+11
  1.183E+03  1.188E+03  1.555E-04  0.000E+00  8.118E+07  3.312E-12  2.810E+11
  1.192E+03  1.196E+03  1.533E-04  0.000E+00  8.118E+07  3.266E-12  2.850E+11
  1.200E+03  1.205E+03  1.512E-04  0.000E+00  8.118E+07  3.221E-12  2.890E+11
  1.209E+03  1.213E+03  1.491E-04  0.000E+00  8.118E+07  3.176E-12  2.930E+11
  1.218E+03  1.222E+03  1.470E-04  0.000E+00  8.118E+07  3.132E-12  2.971E+11
  1.227E+03  1.231E+03  1.450E-04  0.000E+00  8.118E+07  3.089E-12  3.013E+11
  1.236E+03  1.240E+03  1.430E-04  0.000E+00  8.118E+07  3.046E-12  3.055E+11
  1.245E+03  1.249E+03  1.410E-04  0.000E+00  8.118E+07  3.004E-12  3.098E+11
  1.254E+03  1.258E+03  1.391E-04  0.000E+00  8.118E+07  2.963E-12  3.141E+11
  1.263E+03  1.267E+03  1.372E-04  0.000E+00  8.118E+07  2.922E-12  3.185E+11
  1.272E+03  1.276E+03  1.353E-04  0.000E+00  8.118E+07  2.882E-12  3.230E+11
  1.281E+03  1.286E+03  1.334E-04  0.000E+00  8.118E+07  2.842E-12  3.275E+11
  1.290E+03  1.295E+03  1.316E-04  0.000E+00  8.118E+07  2.803E-12  3.320E+11
  1.300E+03  1.304E+03  1.298E-04  0.000E+00  8.118E+07  2.765E-12  3.367E+11
  1.309E+03  1.314E+03  1.280E-04  0.000E+00  8.118E+07  2.727E-12  3.413E+11
  1.318E+03  1.323E+03  1.262E-04  0.000E+00  8.118E+07  2.689E-12  3.461E+11
  1.328E+03  1.333E+03  1.245E-04  0.000E+00  8.118E+07  2.652E-12  3.509E+11
  1.338E+03  1.342E+03  1.228E-04  0.000E+00  8.118E+07  2.616E-12  3.558E+11
  1.347E+03  1.352E+03  1.211E-04  0.000E+00  8.118E+07  2.580E-12  3.607E+11
  1.357E+03  1.362E+03  1.195E-04  0.000E+00  8.119E+07  2.545E-12  3.657E+11
  1.367E+03  1.372E+03  1.178E-04  0.000E+00  8.119E+07  2.510E-12  3.708E+11
  1.377E+03  1.382E+03  1.162E-04  0.000E+00  8.119E+07  2.476E-12  3.759E+11
  1.387E+03  1.392E+03  1.146E-04  0.000E+00  8.119E+07  2.442E-12  3.811E+11
  1.397E+03  1.402E+03  1.131E-04  0.000E+00  8.119E+07  2.409E-12  3.864E+11
  1.407E+03  1.412E+03  1.115E-04  0.000E+00  8.119E+07  2.376E-12  3.917E+11
  1.417E+03  1.422E+03  1.100E-04  0.000E+00  8.119E+07  2.344E-12  3.971E+11
  1.427E+03  1.432E+03  1.085E-04  0.000E+00  8.119E+07  2.312E-12  4.026E+11
  1.438E+03  1.443E+03  1.071E-04  0.000E+00  8.119E+07  2.281E-12  4.081E+11
  1.448E+03  1.453E+03  1.056E-04  0.000E+00  8.119E+07  2.250E-12  4.137E+11
  1.458E+03  1.464E+03  1.042E-04  0.000E+00  8.119E+07  2.219E-12  4.194E+11
  1.469E+03  1.474E+03  1.028E-04  0.000E+00  8.119E+07  2.189E-12  4.251E+11
  1.480E+03  1.485E+03  1.014E-04  0.000E+00  8.119E+07  2.160E-12  4.310E+11
  1.490E+03  1.496E+03  1.000E-04  0.000E+00  8.119E+07  2.131E-12  4.369E+11
  1.501E+03  1.507E+03  9.867E-05  0.000E+00  8.119E+07  2.102E-12  4.428E+11
  1.512E+03  1.517E+03  9.734E-05  0.000E+00  8.119E+07  2.074E-12  4.489E+11
  1.523E+03  1.528E+03  9.603E-05  0.000E+00  8.119E+07  2.046E-12  4.550E+11
  1.534E+03  1.539E+03  9.474E-05  0.000E+00  8.119E+07  2.018E-12  4.612E+11
  1.545E+03  1.551E+03  9.347E-05  0.000E+00  8.119E+07  1.991E-12  4.675E+11
  1.556E+03  1.562E+03  9.222E-05  0.000E+00  8.119E+07  1.965E-12  4.738E+11
  1.567E+03  1.573E+03  9.098E-05  0.000E+00  8.119E+07  1.938E-12  4.802E+11
  1.579E+03  1.585E+03  8.977E-05  0.000E+00  8.119E+07  1.912E-12  4.868E+11
  1.590E+03  1.596E+03  8.857E-05  0.000E+00  8.119E+07  1.887E-12  4.933E+11
  1.602E+03  1.608E+03  8.739E-05  0.000E+00  8.119E+07  1.862E-12  5.000E+11
  1.613E+03  1.619E+03  8.623E-05  0.000E+00  8.119E+07  1.837E-12  5.068E+11
  1.625E+03  1.631E+03  8.508E-05  0.000E+00  8.119E+07  1.813E-12  5.136E+11
  1.637E+03  1.643E+03  8.395E-05  0.000E+00  8.119E+07  1.788E-12  5.205E+11
  1.649E+03  1.655E+03  8.284E-05  0.000E+00  8.119E+07  1.765E-12  5.275E+11
  1.660E+03  1.666E+03  8.174E-05  0.000E+00  8.119E+07  1.741E-12  5.346E+11
  1.672E+03  1.679E+03  8.066E-05  0.000E+00  8.119E+07  1.718E-12  5.417E+11
  1.685E+03  1.691E+03  7.959E-05  0.000E+00  8.119E+07  1.696E-12  5.490E+11
  1.697E+03  1.703E+03  7.854E-05  0.000E+00  8.119E+07  1.673E-12  5.563E+11
  1.709E+03  1.715E+03  7.751E-05  0.000E+00  8.119E+07  1.651E-12  5.638E+11
  1.721E+03  1.728E+03  7.649E-05  0.000E+00  8.119E+07  1.630E-12  5.713E+11
  1.734E+03  1.740E+03  7.548E-05  0.000E+00  8.119E+07  1.608E-12  5.789E+11
  1.746E+03  1.753E+03  7.449E-05  0.000E+00  8.119E+07  1.587E-12  5.866E+11
  1.759E+03  1.765E+03  7.352E-05  0.000E+00  8.119E+07  1.566E-12  5.943E+11
  1.772E+03  1.778E+03  7.256E-05  0.000E+00  8.119E+07  1.546E-12  6.022E+11
  1.784E+03  1.791E+03  7.161E-05  0.000E+00  8.119E+07  1.526E-12  6.102E+11
  1.797E+03  1.804E+03  7.068E-05  0.000E+00  8.119E+07  1.506E-12  6.183E+11
  1.810E+03  1.817E+03  6.976E-05  0.000E+00  8.119E+07  1.486E-12  6.264E+11
  1.823E+03  1.830E+03  6.885E-05  0.000E+00  8.119E+07  1.467E-12  6.347E+11
  1.837E+03  1.843E+03  6.796E-05  0.000E+00  8.119E+07  1.448E-12  6.430E+11
  1.850E+03  1.857E+03  6.708E-05  0.000E+00  8.119E+07  1.429E-12  6.514E+11
  1.863E+03  1.870E+03  6.621E-05  0.000E+00  8.119E+07  1.411E-12  6.600E+11
  1.877E+03  1.884E+03  6.535E-05  0.000E+00  8.119E+07  1.392E-12  6.686E+11
  1.890E+03  1.897E+03  6.451E-05  0.000E+00  8.119E+07  1.374E-12  6.773E+11
  1.904E+03  1.911E+03  6.368E-05  0.000E+00  8.119E+07  1.357E-12  6.862E+11
  1.918E+03  1.925E+03  6.286E-05  0.000E+00  8.119E+07  1.339E-12  6.951E+11
  1.932E+03  1.939E+03  6.206E-05  0.000E+00  8.119E+07  1.322E-12  7.041E+11
  1.946E+03  1.953E+03  6.126E-05  0.000E+00  8.119E+07  1.305E-12  7.133E+11
  1.960E+03  1.967E+03  6.048E-05  0.000E+00  8.120E+07  1.289E-12  7.225E+11
  1.974E+03  1.981E+03  5.971E-05  0.000E+00  8.120E+07  1.272E-12  7.318E+11
  1.988E+03  1.995E+03  5.895E-05  0.000E+00  8.120E+07  1.256E-12  7.413E+11
  2.002E+03  2.010E+03  5.820E-05  0.000E+00  8.120E+07  1.240E-12  7.508E+11
  2.017E+03  2.024E+03  5.746E-05  0.000E+00  8.120E+07  1.224E-12  7.605E+11
  2.031E+03  2.039E+03  5.673E-05  0.000E+00  8.120E+07  1.209E-12  7.702E+11
  2.046E+03  2.054E+03  5.601E-05  0.000E+00  8.120E+07  1.193E-12  7.801E+11
  2.061E+03  2.068E+03  5.531E-05  0.000E+00  8.120E+07  1.178E-12  7.901E+11
  2.076E+03  2.083E+03  5.461E-05  0.000E+00  8.120E+07  1.163E-12  8.002E+11
  2.091E+03  2.098E+03  5.392E-05  0.000E+00  8.120E+07  1.149E-12  8.104E+11
  2.106E+03  2.113E+03  5.324E-05  0.000E+00  8.120E+07  1.134E-12  8.207E+11
  2.121E+03  2.129E+03  5.258E-05  0.000E+00  8.120E+07  1.120E-12  8.311E+11
  2.136E+03  2.144E+03  5.192E-05  0.000E+00  8.120E+07  1.106E-12  8.416E+11
  2.152E+03  2.160E+03  5.127E-05  0.000E+00  8.120E+07  1.092E-12  8.523E+11
  2.167E+03  2.175E+03  5.063E-05  0.000E+00  8.120E+07  1.079E-12  8.630E+11
  2.183E+03  2.191E+03  5.000E-05  0.000E+00  8.120E+07  1.065E-12  8.739E+11
  2.199E+03  2.207E+03  4.938E-05  0.000E+00  8.120E+07  1.052E-12  8.849E+11
  2.215E+03  2.223E+03  4.877E-05  0.000E+00  8.120E+07  1.039E-12  8.960E+11
  2.231E+03  2.239E+03  4.817E-05  0.000E+00  8.120E+07  1.026E-12  9.072E+11
  2.247E+03  2.255E+03  4.757E-05  0.000E+00  8.120E+07  1.014E-12  9.185E+11
  2.263E+03  2.271E+03  4.699E-05  0.000E+00  8.120E+07  1.001E-12  9.300E+11
  2.279E+03  2.288E+03  4.641E-05  0.000E+00  8.120E+07  9.888E-13  9.416E+11
  2.296E+03  2.304E+03  4.584E-05  0.000E+00  8.120E+07  9.767E-13  9.532E+11
  2.312E+03  2.321E+03  4.528E-05  0.000E+00  8.120E+07  9.647E-13  9.651E+11
  2.329E+03  2.338E+03  4.473E-05  0.000E+00  8.120E+07  9.529E-13  9.770E+11
  2.346E+03  2.354E+03  4.418E-05  0.000E+00  8.120E+07  9.413E-13  9.890E+11
  2.363E+03  2.371E+03  4.364E-05  0.000E+00  8.120E+07  9.299E-13  1.001E+12
  2.380E+03  2.389E+03  4.311E-05  0.000E+00  8.120E+07  9.186E-13  1.014E+12
  2.397E+03  2.406E+03  4.259E-05  0.000E+00  8.120E+07  9.075E-13  1.026E+12
  2.414E+03  2.423E+03  4.208E-05  0.000E+00  8.120E+07  8.965E-13  1.039E+12
  2.432E+03  2.441E+03  4.157E-05  0.000E+00  8.120E+07  8.857E-13  1.051E+12
  2.449E+03  2.458E+03  4.107E-05  0.000E+00  8.120E+07  8.750E-13  1.064E+12
  2.467E+03  2.476E+03  4.058E-05  0.000E+00  8.120E+07  8.645E-13  1.077E+12
  2.485E+03  2.494E+03  4.009E-05  0.000E+00  8.120E+07  8.542E-13  1.090E+12
  2.503E+03  2.512E+03  3.961E-05  0.000E+00  8.120E+07  8.439E-13  1.103E+12
  2.521E+03  2.530E+03  3.914E-05  0.000E+00  8.120E+07  8.339E-13  1.116E+12
  2.539E+03  2.548E+03  3.867E-05  0.000E+00  8.120E+07  8.239E-13  1.130E+12
  2.557E+03  2.567E+03  3.821E-05  0.000E+00  8.120E+07  8.142E-13  1.144E+12
  2.576E+03  2.585E+03  3.776E-05  0.000E+00  8.120E+07  8.045E-13  1.157E+12
  2.595E+03  2.604E+03  3.731E-05  0.000E+00  8.120E+07  7.950E-13  1.171E+12
  2.613E+03  2.623E+03  3.687E-05  0.000E+00  8.120E+07  7.856E-13  1.185E+12
  2.632E+03  2.642E+03  3.644E-05  0.000E+00  8.120E+07  7.764E-13  1.199E+12
  2.651E+03  2.661E+03  3.601E-05  0.000E+00  8.120E+07  7.673E-13  1.213E+12
  2.670E+03  2.680E+03  3.559E-05  0.000E+00  8.120E+07  7.583E-13  1.228E+12
  2.690E+03  2.699E+03  3.517E-05  0.000E+00  8.120E+07  7.494E-13  1.242E+12
  2.709E+03  2.719E+03  3.476E-05  0.000E+00  8.120E+07  7.407E-13  1.257E+12
  2.729E+03  2.738E+03  3.436E-05  0.000E+00  8.120E+07  7.321E-13  1.272E+12
  2.748E+03  2.758E+03  3.396E-05  0.000E+00  8.120E+07  7.236E-13  1.287E+12
  2.768E+03  2.778E+03  3.357E-05  0.000E+00  8.120E+07  7.152E-13  1.302E+12
  2.788E+03  2.798E+03  3.318E-05  0.000E+00  8.120E+07  7.069E-13  1.317E+12
  2.808E+03  2.818E+03  3.280E-05  0.000E+00  8.120E+07  6.988E-13  1.332E+12
  2.828E+03  2.839E+03  3.242E-05  0.000E+00  8.120E+07  6.908E-13  1.348E+12
  2.849E+03  2.859E+03  3.205E-05  0.000E+00  8.120E+07  6.828E-13  1.363E+12
  2.869E+03  2.880E+03  3.168E-05  0.000E+00  8.120E+07  6.750E-13  1.379E+12
  2.890E+03  2.901E+03  3.132E-05  0.000E+00  8.120E+07  6.673E-13  1.395E+12
  2.911E+03  2.921E+03  3.096E-05  0.000E+00  8.120E+07  6.597E-13  1.411E+12
  2.932E+03  2.943E+03  3.061E-05  0.000E+00  8.120E+07  6.522E-13  1.427E+12
  2.953E+03  2.964E+03  3.027E-05  0.000E+00  8.120E+07  6.449E-13  1.444E+12
  2.974E+03  2.985E+03  2.992E-05  0.000E+00  8.120E+07  6.376E-13  1.460E+12
  2.996E+03  3.007E+03  2.959E-05  0.000E+00  8.120E+07  6.304E-13  1.477E+12
  3.018E+03  3.028E+03  2.925E-05  0.000E+00  8.120E+07  6.233E-13  1.494E+12
  3.039E+03  3.050E+03  2.893E-05  0.000E+00  8.120E+07  6.163E-13  1.511E+12
  3.061E+03  3.072E+03  2.860E-05  0.000E+00  8.120E+07  6.094E-13  1.528E+12
  3.083E+03  3.094E+03  2.828E-05  0.000E+00  8.120E+07  6.026E-13  1.545E+12
  3.106E+03  3.117E+03  2.797E-05  0.000E+00  8.120E+07  5.959E-13  1.562E+12
  3.128E+03  3.139E+03  2.766E-05  0.000E+00  8.120E+07  5.893E-13  1.580E+12
  3.151E+03  3.162E+03  2.735E-05  0.000E+00  8.120E+07  5.828E-13  1.598E+12
  3.173E+03  3.185E+03  2.705E-05  0.000E+00  8.120E+07  5.764E-13  1.615E+12
  3.196E+03  3.208E+03  2.675E-05  0.000E+00  8.120E+07  5.700E-13  1.633E+12
  3.219E+03  3.231E+03  2.646E-05  0.000E+00  8.120E+07  5.638E-13  1.651E+12
  3.242E+03  3.254E+03  2.617E-05  0.000E+00  8.120E+07  5.576E-13  1.670E+12
  3.266E+03  3.278E+03  2.588E-05  0.000E+00  8.120E+07  5.515E-13  1.688E+12
  3.289E+03  3.301E+03  2.560E-05  0.000E+00  8.120E+07  5.455E-13  1.707E+12
  3.313E+03  3.325E+03  2.532E-05  0.000E+00  8.120E+07  5.396E-13  1.726E+12
  3.337E+03  3.349E+03  2.505E-05  0.000E+00  8.120E+07  5.337E-13  1.744E+12
  3.361E+03  3.373E+03  2.478E-05  0.000E+00  8.120E+07  5.280E-13  1.763E+12
  3.385E+03  3.398E+03  2.451E-05  0.000E+00  8.120E+07  5.223E-13  1.783E+12
  3.410E+03  3.422E+03  2.425E-05  0.000E+00  8.120E+07  5.167E-13  1.802E+12
  3.434E+03  3.447E+03  2.399E-05  0.000E+00  8.120E+07  5.111E-13  1.822E+12
  3.459E+03  3.472E+03  2.373E-05  0.000E+00  8.120E+07  5.057E-13  1.841E+12
  3.484E+03  3.497E+03  2.348E-05  0.000E+00  8.120E+07  5.003E-13  1.861E+12
  3.509E+03  3.522E+03  2.323E-05  0.000E+00  8.120E+07  4.950E-13  1.881E+12
  3.535E+03  3.547E+03  2.299E-05  0.000E+00  8.120E+07  4.897E-13  1.901E+12
  3.560E+03  3.573E+03  2.274E-05  0.000E+00  8.120E+07  4.846E-13  1.921E+12
  3.586E+03  3.599E+03  2.250E-05  0.000E+00  8.120E+07  4.795E-13  1.942E+12
  3.612E+03  3.625E+03  2.227E-05  0.000E+00  8.120E+07  4.744E-13  1.962E+12
  3.638E+03  3.651E+03  2.203E-05  0.000E+00  8.120E+07  4.695E-13  1.983E+12
  3.664E+03  3.677E+03  2.180E-05  0.000E+00  8.120E+07  4.645E-13  2.004E+12
  3.690E+03  3.704E+03  2.158E-05  0.000E+00  8.120E+07  4.597E-13  2.025E+12
  3.717E+03  3.730E+03  2.135E-05  0.000E+00  8.120E+07  4.549E-13  2.047E+12
  3.744E+03  3.757E+03  2.113E-05  0.000E+00  8.120E+07  4.502E-13  2.068E+12
  3.771E+03  3.784E+03  2.091E-05  0.000E+00  8.120E+07  4.456E-13  2.090E+12
  3.798E+03  3.812E+03  2.070E-05  0.000E+00  8.120E+07  4.410E-13  2.111E+12
  3.825E+03  3.839E+03  2.049E-05  0.000E+00  8.120E+07  4.365E-13  2.133E+12
  3.853E+03  3.867E+03  2.028E-05  0.000E+00  8.120E+07  4.320E-13  2.155E+12
  3.881E+03  3.895E+03  2.007E-05  0.000E+00  8.120E+07  4.276E-13  2.177E+12
  3.909E+03  3.923E+03  1.986E-05  0.000E+00  8.120E+07  4.232E-13  2.200E+12
  3.937E+03  3.951E+03  1.966E-05  0.000E+00  8.120E+07  4.190E-13  2.222E+12
  3.965E+03  3.980E+03  1.946E-05  0.000E+00  8.120E+07  4.147E-13  2.245E+12
  3.994E+03  4.008E+03  1.927E-05  0.000E+00  8.120E+07  4.105E-13  2.268E+12
  4.023E+03  4.037E+03  1.907E-05  0.000E+00  8.120E+07  4.064E-13  2.291E+12
  4.052E+03  4.066E+03  1.888E-05  0.000E+00  8.120E+07  4.023E-13  2.314E+12
  4.081E+03  4.096E+03  1.869E-05  0.000E+00  8.120E+07  3.983E-13  2.337E+12
  4.110E+03  4.125E+03  1.851E-05  0.000E+00  8.120E+07  3.944E-13  2.361E+12
  4.140E+03  4.155E+03  1.832E-05  0.000E+00  8.120E+07  3.904E-13  2.385E+12
  4.170E+03  4.185E+03  1.814E-05  0.000E+00  8.120E+07  3.866E-13  2.408E+12
  4.200E+03  4.215E+03  1.796E-05  0.000E+00  8.120E+07  3.828E-13  2.432E+12
  4.230E+03  4.246E+03  1.779E-05  0.000E+00  8.120E+07  3.790E-13  2.457E+12
  4.261E+03  4.276E+03  1.761E-05  0.000E+00  8.120E+07  3.753E-13  2.481E+12
  4.292E+03  4.307E+03  1.744E-05  0.000E+00  8.120E+07  3.716E-13  2.505E+12
  4.323E+03  4.338E+03  1.727E-05  0.000E+00  8.120E+07  3.680E-13  2.530E+12
  4.354E+03  4.369E+03  1.710E-05  0.000E+00  8.120E+07  3.644E-13  2.555E+12
  4.385E+03  4.401E+03  1.694E-05  0.000E+00  8.120E+07  3.609E-13  2.580E+12
  4.417E+03  4.433E+03  1.677E-05  0.000E+00  8.120E+07  3.574E-13  2.605E+12
  4.449E+03  4.465E+03  1.661E-05  0.000E+00  8.120E+07  3.540E-13  2.630E+12
  4.481E+03  4.497E+03  1.645E-05  0.000E+00  8.120E+07  3.506E-13  2.656E+12
  4.513E+03  4.529E+03  1.630E-05  0.000E+00  8.120E+07  3.472E-13  2.681E+12
  4.546E+03  4.562E+03  1.614E-05  0.000E+00  8.120E+07  3.439E-13  2.707E+12
  4.578E+03  4.595E+03  1.599E-05  0.000E+00  8.120E+07  3.406E-13  2.733E+12
  4.611E+03  4.628E+03  1.584E-05  0.000E+00  8.120E+07  3.374E-13  2.759E+12
  4.645E+03  4.661E+03  1.569E-05  0.000E+00  8.120E+07  3.342E-13  2.786E+12
  4.678E+03  4.695E+03  1.554E-05  0.000E+00  8.120E+07  3.311E-13  2.812E+12
  4.712E+03  4.729E+03  1.539E-05  0.000E+00  8.120E+07  3.280E-13  2.839E+12
  4.746E+03  4.763E+03  1.525E-05  0.000E+00  8.120E+07  3.249E-13  2.865E+12
  4.780E+03  4.797E+03  1.511E-05  0.000E+00  8.120E+07  3.219E-13  2.892E+12
  4.814E+03  4.832E+03  1.497E-05  0.000E+00  8.120E+07  3.189E-13  2.920E+12
  4.849E+03  4.867E+03  1.483E-05  0.000E+00  8.120E+07  3.160E-13  2.947E+12
  4.884E+03  4.902E+03  1.469E-05  0.000E+00  8.120E+07  3.130E-13  2.974E+12
  4.919E+03  4.937E+03  1.456E-05  0.000E+00  8.120E+07  3.102E-13  3.002E+12
  4.955E+03  4.973E+03  1.442E-05  0.000E+00  8.120E+07  3.073E-13  3.030E+12
  4.991E+03  5.009E+03  1.429E-05  0.000E+00  8.120E+07  3.045E-13  3.058E+12
  5.027E+03  5.045E+03  1.416E-05  0.000E+00  8.120E+07  3.017E-13  3.086E+12
  5.063E+03  5.081E+03  1.403E-05  0.000E+00  8.120E+07  2.990E-13  3.114E+12
  5.099E+03  5.118E+03  1.391E-05  0.000E+00  8.120E+07  2.963E-13  3.142E+12
  5.136E+03  5.155E+03  1.378E-05  0.000E+00  8.120E+07  2.936E-13  3.171E+12
  5.173E+03  5.192E+03  1.366E-05  0.000E+00  8.120E+07  2.910E-13  3.200E+12
  5.210E+03  5.229E+03  1.354E-05  0.000E+00  8.120E+07  2.884E-13  3.228E+12
  5.248E+03  5.267E+03  1.341E-05  0.000E+00  8.120E+07  2.858E-13  3.258E+12
  5.286E+03  5.305E+03  1.330E-05  0.000E+00  8.120E+07  2.833E-13  3.287E+12
  5.324E+03  5.343E+03  1.318E-05  0.000E+00  8.120E+07  2.808E-13  3.316E+12
  5.362E+03  5.382E+03  1.306E-05  0.000E+00  8.120E+07  2.783E-13  3.346E+12
  5.401E+03  5.420E+03  1.295E-05  0.000E+00  8.120E+07  2.758E-13  3.375E+12
  5.440E+03  5.459E+03  1.283E-05  0.000E+00  8.120E+07  2.734E-13  3.405E+12
  5.479E+03  5.499E+03  1.272E-05  0.000E+00  8.120E+07  2.710E-13  3.435E+12
  5.519E+03  5.538E+03  1.261E-05  0.000E+00  8.120E+07  2.687E-13  3.465E+12
  5.558E+03  5.578E+03  1.250E-05  0.000E+00  8.120E+07  2.663E-13  3.496E+12
  5.598E+03  5.619E+03  1.239E-05  0.000E+00  8.120E+07  2.640E-13  3.526E+12
  5.639E+03  5.659E+03  1.229E-05  0.000E+00  8.120E+07  2.618E-13  3.557E+12
  5.679E+03  5.700E+03  1.218E-05  0.000E+00  8.120E+07  2.595E-13  3.588E+12
  5.720E+03  5.741E+03  1.208E-05  0.000E+00  8.120E+07  2.573E-13  3.619E+12
  5.762E+03  5.782E+03  1.197E-05  0.000E+00  8.120E+07  2.551E-13  3.650E+12
  5.803E+03  5.824E+03  1.187E-05  0.000E+00  8.120E+07  2.529E-13  3.681E+12
  5.845E+03  5.866E+03  1.177E-05  0.000E+00  8.120E+07  2.508E-13  3.712E+12
  5.887E+03  5.908E+03  1.167E-05  0.000E+00  8.120E+07  2.487E-13  3.744E+12
  5.930E+03  5.951E+03  1.157E-05  0.000E+00  8.120E+07  2.466E-13  3.776E+12
  5.972E+03  5.994E+03  1.148E-05  0.000E+00  8.120E+07  2.445E-13  3.808E+12
  6.015E+03  6.037E+03  1.138E-05  0.000E+00  8.120E+07  2.425E-13  3.840E+12
  6.059E+03  6.081E+03  1.129E-05  0.000E+00  8.120E+07  2.405E-13  3.872E+12
  6.102E+03  6.124E+03  1.119E-05  0.000E+00  8.120E+07  2.385E-13  3.904E+12
  6.146E+03  6.168E+03  1.110E-05  0.000E+00  8.120E+07  2.365E-13  3.937E+12
  6.191E+03  6.213E+03  1.101E-05  0.000E+00  8.120E+07  2.346E-13  3.969E+12
  6.235E+03  6.258E+03  1.092E-05  0.000E+00  8.120E+07  2.326E-13  4.002E+12
  6.280E+03  6.303E+03  1.083E-05  0.000E+00  8.120E+07  2.307E-13  4.035E+12
  6.325E+03  6.348E+03  1.074E-05  0.000E+00  8.120E+07  2.289E-13  4.068E+12
  6.371E+03  6.394E+03  1.065E-05  0.000E+00  8.120E+07  2.270E-13  4.101E+12
  6.417E+03  6.440E+03  1.057E-05  0.000E+00  8.120E+07  2.252E-13  4.135E+12
  6.463E+03  6.487E+03  1.048E-05  0.000E+00  8.120E+07  2.234E-13  4.168E+12
  6.510E+03  6.533E+03  1.040E-05  0.000E+00  8.120E+07  2.216E-13  4.202E+12
  6.557E+03  6.580E+03  1.032E-05  0.000E+00  8.120E+07  2.198E-13  4.236E+12
  6.604E+03  6.628E+03  1.023E-05  0.000E+00  8.120E+07  2.181E-13  4.270E+12
  6.652E+03  6.676E+03  1.015E-05  0.000E+00  8.120E+07  2.163E-13  4.304E+12
  6.700E+03  6.724E+03  1.007E-05  0.000E+00  8.120E+07  2.146E-13  4.338E+12
  6.748E+03  6.772E+03  9.993E-06  0.000E+00  8.120E+07  2.129E-13  4.373E+12
  6.796E+03  6.821E+03  9.915E-06  0.000E+00  8.120E+07  2.113E-13  4.407E+12
  6.845E+03  6.870E+03  9.838E-06  0.000E+00  8.120E+07  2.096E-13  4.442E+12
  6.895E+03  6.920E+03  9.761E-06  0.000E+00  8.120E+07  2.080E-13  4.477E+12
  6.944E+03  6.970E+03  9.685E-06  0.000E+00  8.120E+07  2.064E-13  4.512E+12
  6.995E+03  7.020E+03  9.611E-06  0.000E+00  8.120E+07  2.048E-13  4.547E+12
  7.045E+03  7.070E+03  9.537E-06  0.000E+00  8.120E+07  2.032E-13  4.582E+12
  7.096E+03  7.121E+03  9.464E-06  0.000E+00  8.120E+07  2.016E-13  4.617E+12
  7.147E+03  7.173E+03  9.391E-06  0.000E+00  8.120E+07  2.001E-13  4.653E+12
  7.198E+03  7.224E+03  9.320E-06  0.000E+00  8.120E+07  1.986E-13  4.689E+12
  7.250E+03  7.276E+03  9.249E-06  0.000E+00  8.120E+07  1.971E-13  4.724E+12
  7.302E+03  7.329E+03  9.179E-06  0.000E+00  8.120E+07  1.956E-13  4.760E+12
  7.355E+03  7.382E+03  9.110E-06  0.000E+00  8.120E+07  1.941E-13  4.796E+12
  7.408E+03  7.435E+03  9.042E-06  0.000E+00  8.120E+07  1.927E-13  4.833E+12
  7.462E+03  7.488E+03  8.975E-06  0.000E+00  8.120E+07  1.912E-13  4.869E+12
  7.515E+03  7.542E+03  8.908E-06  0.000E+00  8.120E+07  1.898E-13  4.905E+12
  7.569E+03  7.597E+03  8.842E-06  0.000E+00  8.120E+07  1.884E-13  4.942E+12
  7.624E+03  7.651E+03  8.777E-06  0.000E+00  8.120E+07  1.870E-13  4.979E+12
  7.679E+03  7.707E+03  8.712E-06  0.000E+00  8.120E+07  1.856E-13  5.016E+12
  7.734E+03  7.762E+03  8.649E-06  0.000E+00  8.120E+07  1.843E-13  5.053E+12
  7.790E+03  7.818E+03  8.585E-06  0.000E+00  8.120E+07  1.829E-13  5.090E+12
  7.846E+03  7.874E+03  8.523E-06  0.000E+00  8.120E+07  1.816E-13  5.127E+12
  7.903E+03  7.931E+03  8.461E-06  0.000E+00  8.120E+07  1.803E-13  5.164E+12
  7.960E+03  7.988E+03  8.401E-06  0.000E+00  8.120E+07  1.790E-13  5.202E+12
  8.017E+03  8.046E+03  8.340E-06  0.000E+00  8.120E+07  1.777E-13  5.239E+12
  8.075E+03  8.104E+03  8.281E-06  0.000E+00  8.120E+07  1.764E-13  5.277E+12
  8.133E+03  8.162E+03  8.222E-06  0.000E+00  8.120E+07  1.752E-13  5.315E+12
  8.192E+03  8.221E+03  8.163E-06  0.000E+00  8.120E+07  1.739E-13  5.353E+12
  8.251E+03  8.280E+03  8.106E-06  0.000E+00  8.120E+07  1.727E-13  5.391E+12
  8.310E+03  8.340E+03  8.049E-06  0.000E+00  8.120E+07  1.715E-13  5.429E+12
  8.370E+03  8.400E+03  7.992E-06  0.000E+00  8.120E+07  1.703E-13  5.468E+12
  8.430E+03  8.461E+03  7.936E-06  0.000E+00  8.120E+07  1.691E-13  5.506E+12
  8.491E+03  8.522E+03  7.881E-06  0.000E+00  8.120E+07  1.679E-13  5.545E+12
  8.552E+03  8.583E+03  7.827E-06  0.000E+00  8.120E+07  1.668E-13  5.583E+12
  8.614E+03  8.645E+03  7.773E-06  0.000E+00  8.120E+07  1.656E-13  5.622E+12
  8.676E+03  8.707E+03  7.719E-06  0.000E+00  8.120E+07  1.645E-13  5.661E+12
  8.738E+03  8.770E+03  7.667E-06  0.000E+00  8.120E+07  1.633E-13  5.700E+12
  8.801E+03  8.833E+03  7.614E-06  0.000E+00  8.120E+07  1.622E-13  5.739E+12
  8.865E+03  8.897E+03  7.563E-06  0.000E+00  8.120E+07  1.611E-13  5.778E+12
  8.929E+03  8.961E+03  7.511E-06  0.000E+00  8.120E+07  1.600E-13  5.817E+12
  8.993E+03  9.025E+03  7.461E-06  0.000E+00  8.120E+07  1.590E-13  5.817E+12
