  0.0000E+00  1.0000E-03  7.5078E-01  0.0000E+00  2.2293E+00  6.7040E-01
  2.0000E-03  3.0000E-03  7.5078E-01  0.0000E+00  2.2293E+00  6.7040E-01
  4.0000E-03  5.0000E-03  7.5079E-01  6.2168E-03  2.2293E+00  6.7041E-01
  6.0000E-03  7.0000E-03  7.5080E-01  1.2431E-02  2.2293E+00  6.7042E-01
  8.0000E-03  9.0000E-03  7.5080E-01  1.8644E-02  2.2293E+00  6.7042E-01
  1.0000E-02  1.1000E-02  7.5079E-01  2.4858E-02  2.2293E+00  6.7041E-01
  1.2000E-02  1.3000E-02  7.5079E-01  3.1072E-02  2.2293E+00  6.7040E-01
  1.4000E-02  1.5000E-02  7.5077E-01  3.7286E-02  2.2293E+00  6.7039E-01
  1.6000E-02  1.7000E-02  7.5076E-01  4.3500E-02  2.2293E+00  6.7037E-01
  1.8000E-02  1.9000E-02  7.5074E-01  4.9714E-02  2.2292E+00  6.7034E-01
  2.0000E-02  2.1000E-02  7.5072E-01  5.5928E-02  2.2292E+00  6.7031E-01
  2.2000E-02  2.3000E-02  7.5069E-01  6.2142E-02  2.2292E+00  6.7028E-01
  2.4000E-02  2.5000E-02  7.5066E-01  6.8356E-02  2.2291E+00  6.7024E-01
  2.6000E-02  2.7000E-02  7.5063E-01  7.4571E-02  2.2291E+00  6.7020E-01
  2.8000E-02  2.9000E-02  7.5059E-01  8.0785E-02  2.2290E+00  6.7015E-01
  3.0000E-02  3.1000E-02  7.5055E-01  8.7000E-02  2.2290E+00  6.7010E-01
  3.2000E-02  3.3000E-02  7.5050E-01  9.3214E-02  2.2289E+00  6.7004E-01
  3.4000E-02  3.5000E-02  7.5045E-01  9.9429E-02  2.2289E+00  6.6997E-01
  3.6000E-02  3.7000E-02  7.5040E-01  1.0564E-01  2.2288E+00  6.6991E-01
  3.8000E-02  3.9000E-02  7.5034E-01  1.1186E-01  2.2287E+00  6.6983E-01
  4.0000E-02  4.1000E-02  7.5028E-01  1.1807E-01  2.2287E+00  6.6975E-01
  4.2000E-02  4.3000E-02  7.5021E-01  1.2429E-01  2.2286E+00  6.6967E-01
  4.4000E-02  4.5000E-02  7.5014E-01  1.3050E-01  2.2285E+00  6.6958E-01
  4.6000E-02  4.7000E-02  7.5007E-01  1.3672E-01  2.2284E+00  6.6949E-01
  4.8000E-02  4.9000E-02  7.4999E-01  1.4293E-01  2.2283E+00  6.6939E-01
  5.0000E-02  5.1000E-02  7.4991E-01  1.4915E-01  2.2282E+00  6.6929E-01
  5.2000E-02  5.3000E-02  7.4982E-01  1.5536E-01  2.2281E+00  6.6918E-01
  5.4000E-02  5.5000E-02  7.4973E-01  1.6158E-01  2.2280E+00  6.6906E-01
  5.6000E-02  5.7000E-02  7.4964E-01  1.6779E-01  2.2279E+00  6.6894E-01
  5.8000E-02  5.9000E-02  7.4954E-01  1.7401E-01  2.2278E+00  6.6882E-01
  6.0000E-02  6.1000E-02  7.4943E-01  1.8022E-01  2.2276E+00  6.6869E-01
  6.2000E-02  6.3000E-02  7.4933E-01  1.8643E-01  2.2275E+00  6.6855E-01
  6.4000E-02  6.5000E-02  7.4921E-01  1.9264E-01  2.2274E+00  6.6841E-01
  6.6000E-02  6.7000E-02  7.4910E-01  1.9886E-01  2.2272E+00  6.6826E-01
  6.8000E-02  6.9000E-02  7.4897E-01  2.0507E-01  2.2271E+00  6.6811E-01
  7.0000E-02  7.1000E-02  7.4884E-01  2.1128E-01  2.2269E+00  6.6795E-01
  7.2000E-02  7.3000E-02  7.4871E-01  2.1748E-01  2.2268E+00  6.6778E-01
  7.4000E-02  7.5000E-02  7.4857E-01  2.2369E-01  2.2266E+00  6.6761E-01
  7.6000E-02  7.7000E-02  7.4843E-01  2.2989E-01  2.2264E+00  6.6743E-01
  7.8000E-02  7.9000E-02  7.4828E-01  2.3609E-01  2.2262E+00  6.6724E-01
  8.0000E-02  8.1000E-02  7.4812E-01  2.4229E-01  2.2261E+00  6.6704E-01
  8.2000E-02  8.3000E-02  7.4795E-01  2.4848E-01  2.2259E+00  6.6683E-01
  8.4000E-02  8.5000E-02  7.4778E-01  2.5466E-01  2.2257E+00  6.6660E-01
  8.6000E-02  8.7000E-02  7.4759E-01  2.6084E-01  2.2254E+00  6.6637E-01
  8.8000E-02  8.9000E-02  7.4738E-01  2.6699E-01  2.2252E+00  6.6611E-01
  9.0000E-02  9.1000E-02  7.4716E-01  2.7313E-01  2.2249E+00  6.6582E-01
  9.2000E-02  9.3000E-02  7.4690E-01  2.7923E-01  2.2246E+00  6.6549E-01
  9.4000E-02  9.5000E-02  7.4660E-01  2.8529E-01  2.2243E+00  6.6511E-01
  9.6000E-02  9.7000E-02  7.4625E-01  2.9128E-01  2.2238E+00  6.6465E-01
  9.8000E-02  9.9000E-02  7.4583E-01  2.9718E-01  2.2233E+00  6.6411E-01
  1.0000E-01  1.0100E-01  7.4532E-01  3.0298E-01  2.2227E+00  6.6345E-01
  1.0200E-01  1.0300E-01  7.4471E-01  3.0863E-01  2.2220E+00  6.6266E-01
  1.0400E-01  1.0500E-01  7.4398E-01  3.1412E-01  2.2212E+00  6.6172E-01
  1.0600E-01  1.0700E-01  7.4312E-01  3.1942E-01  2.2201E+00  6.6061E-01
  1.0800E-01  1.0900E-01  7.4211E-01  3.2452E-01  2.2189E+00  6.5932E-01
  1.1000E-01  1.1100E-01  7.4096E-01  3.2940E-01  2.2176E+00  6.5785E-01
  1.1200E-01  1.1300E-01  7.3966E-01  3.3406E-01  2.2160E+00  6.5620E-01
  1.1400E-01  1.1500E-01  7.3823E-01  3.3851E-01  2.2143E+00  6.5437E-01
  1.1600E-01  1.1700E-01  7.3666E-01  3.4275E-01  2.2124E+00  6.5240E-01
  1.1800E-01  1.1900E-01  7.3497E-01  3.4681E-01  2.2104E+00  6.5028E-01
  1.2000E-01  1.2100E-01  7.3319E-01  3.5070E-01  2.2083E+00  6.4804E-01
  1.2200E-01  1.2300E-01  7.3132E-01  3.5445E-01  2.2060E+00  6.4571E-01
  1.2400E-01  1.2500E-01  7.2938E-01  3.5809E-01  2.2037E+00  6.4330E-01
  1.2600E-01  1.2700E-01  7.2740E-01  3.6162E-01  2.2013E+00  6.4084E-01
  1.2800E-01  1.2900E-01  7.2537E-01  3.6509E-01  2.1989E+00  6.3833E-01
  1.3000E-01  1.3100E-01  7.2331E-01  3.6849E-01  2.1964E+00  6.3579E-01
  1.3200E-01  1.3300E-01  7.2124E-01  3.7185E-01  2.1939E+00  6.3323E-01
  1.3400E-01  1.3500E-01  7.1915E-01  3.7518E-01  2.1913E+00  6.3066E-01
  1.3600E-01  1.3700E-01  7.1706E-01  3.7849E-01  2.1888E+00  6.2809E-01
  1.3800E-01  1.3900E-01  7.1496E-01  3.8179E-01  2.1862E+00  6.2552E-01
  1.4000E-01  1.4100E-01  7.1286E-01  3.8507E-01  2.1836E+00  6.2295E-01
  1.4200E-01  1.4300E-01  7.1076E-01  3.8834E-01  2.1811E+00  6.2038E-01
  1.4400E-01  1.4500E-01  7.0867E-01  3.9162E-01  2.1785E+00  6.1782E-01
  1.4600E-01  1.4700E-01  7.0658E-01  3.9488E-01  2.1759E+00  6.1527E-01
  1.4800E-01  1.4900E-01  7.0449E-01  3.9815E-01  2.1734E+00  6.1273E-01
  1.5000E-01  1.5100E-01  7.0241E-01  4.0141E-01  2.1708E+00  6.1019E-01
  1.5200E-01  1.5300E-01  7.0033E-01  4.0468E-01  2.1682E+00  6.0767E-01
  1.5400E-01  1.5500E-01  6.9826E-01  4.0794E-01  2.1657E+00  6.0515E-01
  1.5600E-01  1.5700E-01  6.9619E-01  4.1120E-01  2.1631E+00  6.0264E-01
  1.5800E-01  1.5900E-01  6.9413E-01  4.1447E-01  2.1605E+00  6.0015E-01
  1.6000E-01  1.6100E-01  6.9207E-01  4.1773E-01  2.1580E+00  5.9766E-01
  1.6200E-01  1.6300E-01  6.9002E-01  4.2099E-01  2.1554E+00  5.9518E-01
  1.6400E-01  1.6500E-01  6.8797E-01  4.2425E-01  2.1529E+00  5.9271E-01
  1.6600E-01  1.6700E-01  6.8593E-01  4.2751E-01  2.1503E+00  5.9024E-01
  1.6800E-01  1.6900E-01  6.8390E-01  4.3077E-01  2.1478E+00  5.8779E-01
  1.7000E-01  1.7100E-01  6.8186E-01  4.3403E-01  2.1452E+00  5.8535E-01
  1.7200E-01  1.7300E-01  6.7984E-01  4.3729E-01  2.1427E+00  5.8291E-01
  1.7400E-01  1.7500E-01  6.7781E-01  4.4055E-01  2.1401E+00  5.8049E-01
  1.7600E-01  1.7700E-01  6.7580E-01  4.4381E-01  2.1376E+00  5.7807E-01
  1.7800E-01  1.7900E-01  6.7378E-01  4.4707E-01  2.1350E+00  5.7566E-01
  1.8000E-01  1.8100E-01  6.7178E-01  4.5033E-01  2.1325E+00  5.7326E-01
  1.8200E-01  1.8300E-01  6.6978E-01  4.5358E-01  2.1299E+00  5.7087E-01
  1.8400E-01  1.8500E-01  6.6778E-01  4.5684E-01  2.1274E+00  5.6849E-01
  1.8600E-01  1.8700E-01  6.6579E-01  4.6010E-01  2.1249E+00  5.6611E-01
  1.8800E-01  1.8900E-01  6.6380E-01  4.6336E-01  2.1223E+00  5.6375E-01
  1.9000E-01  1.9100E-01  6.6182E-01  4.6661E-01  2.1198E+00  5.6139E-01
  1.9200E-01  1.9300E-01  6.5984E-01  4.6987E-01  2.1173E+00  5.5905E-01
  1.9400E-01  1.9500E-01  6.5787E-01  4.7313E-01  2.1147E+00  5.5671E-01
  1.9600E-01  1.9700E-01  6.5590E-01  4.7638E-01  2.1122E+00  5.5438E-01
  1.9800E-01  1.9900E-01  6.5394E-01  4.7964E-01  2.1097E+00  5.5206E-01
  2.0000E-01  2.0100E-01  6.5198E-01  4.8289E-01  2.1072E+00  5.4974E-01
  2.0200E-01  2.0300E-01  6.5003E-01  4.8615E-01  2.1046E+00  5.4744E-01
  2.0400E-01  2.0500E-01  6.4808E-01  4.8940E-01  2.1021E+00  5.4515E-01
  2.0600E-01  2.0700E-01  6.4614E-01  4.9265E-01  2.0996E+00  5.4286E-01
  2.0800E-01  2.0900E-01  6.4420E-01  4.9591E-01  2.0971E+00  5.4058E-01
  2.1000E-01  2.1100E-01  6.4227E-01  4.9916E-01  2.0946E+00  5.3831E-01
  2.1200E-01  2.1300E-01  6.4034E-01  5.0241E-01  2.0920E+00  5.3605E-01
  2.1400E-01  2.1500E-01  6.3841E-01  5.0566E-01  2.0895E+00  5.3380E-01
  2.1600E-01  2.1700E-01  6.3650E-01  5.0891E-01  2.0870E+00  5.3155E-01
  2.1800E-01  2.1900E-01  6.3458E-01  5.1216E-01  2.0845E+00  5.2932E-01
  2.2000E-01  2.2100E-01  6.3267E-01  5.1541E-01  2.0820E+00  5.2709E-01
  2.2200E-01  2.2300E-01  6.3077E-01  5.1866E-01  2.0795E+00  5.2487E-01
  2.2400E-01  2.2500E-01  6.2887E-01  5.2191E-01  2.0770E+00  5.2266E-01
  2.2600E-01  2.2700E-01  6.2698E-01  5.2516E-01  2.0745E+00  5.2046E-01
  2.2800E-01  2.2900E-01  6.2509E-01  5.2841E-01  2.0720E+00  5.1826E-01
  2.3000E-01  2.3100E-01  6.2321E-01  5.3166E-01  2.0695E+00  5.1608E-01
  2.3200E-01  2.3300E-01  6.2133E-01  5.3490E-01  2.0670E+00  5.1390E-01
  2.3400E-01  2.3500E-01  6.1945E-01  5.3815E-01  2.0645E+00  5.1173E-01
  2.3600E-01  2.3700E-01  6.1758E-01  5.4140E-01  2.0620E+00  5.0957E-01
  2.3800E-01  2.3900E-01  6.1572E-01  5.4464E-01  2.0596E+00  5.0742E-01
  2.4000E-01  2.4100E-01  6.1386E-01  5.4789E-01  2.0571E+00  5.0527E-01
  2.4200E-01  2.4300E-01  6.1200E-01  5.5113E-01  2.0546E+00  5.0314E-01
  2.4400E-01  2.4500E-01  6.1015E-01  5.5437E-01  2.0521E+00  5.0101E-01
  2.4600E-01  2.4700E-01  6.0831E-01  5.5762E-01  2.0496E+00  4.9889E-01
  2.4800E-01  2.4900E-01  6.0647E-01  5.6086E-01  2.0471E+00  4.9678E-01
  2.5000E-01  2.5100E-01  6.0463E-01  5.6410E-01  2.0447E+00  4.9467E-01
  2.5200E-01  2.5300E-01  6.0280E-01  5.6734E-01  2.0422E+00  4.9258E-01
  2.5400E-01  2.5500E-01  6.0098E-01  5.7058E-01  2.0397E+00  4.9049E-01
  2.5600E-01  2.5700E-01  5.9916E-01  5.7382E-01  2.0373E+00  4.8841E-01
  2.5800E-01  2.5900E-01  5.9734E-01  5.7705E-01  2.0348E+00  4.8634E-01
  2.6000E-01  2.6100E-01  5.9553E-01  5.8029E-01  2.0323E+00  4.8428E-01
  2.6200E-01  2.6300E-01  5.9372E-01  5.8353E-01  2.0299E+00  4.8222E-01
  2.6400E-01  2.6500E-01  5.9192E-01  5.8676E-01  2.0274E+00  4.8018E-01
  2.6600E-01  2.6700E-01  5.9013E-01  5.9000E-01  2.0249E+00  4.7814E-01
  2.6800E-01  2.6900E-01  5.8833E-01  5.9323E-01  2.0225E+00  4.7611E-01
  2.7000E-01  2.7100E-01  5.8655E-01  5.9646E-01  2.0200E+00  4.7409E-01
  2.7200E-01  2.7300E-01  5.8477E-01  5.9969E-01  2.0176E+00  4.7207E-01
  2.7400E-01  2.7500E-01  5.8299E-01  6.0292E-01  2.0151E+00  4.7006E-01
  2.7600E-01  2.7700E-01  5.8122E-01  6.0615E-01  2.0127E+00  4.6807E-01
  2.7800E-01  2.7900E-01  5.7945E-01  6.0938E-01  2.0102E+00  4.6607E-01
  2.8000E-01  2.8100E-01  5.7769E-01  6.1261E-01  2.0078E+00  4.6409E-01
  2.8200E-01  2.8300E-01  5.7593E-01  6.1583E-01  2.0054E+00  4.6212E-01
  2.8400E-01  2.8500E-01  5.7418E-01  6.1906E-01  2.0029E+00  4.6015E-01
  2.8600E-01  2.8700E-01  5.7243E-01  6.2228E-01  2.0005E+00  4.5819E-01
  2.8800E-01  2.8900E-01  5.7069E-01  6.2550E-01  1.9981E+00  4.5624E-01
  2.9000E-01  2.9100E-01  5.6895E-01  6.2872E-01  1.9956E+00  4.5430E-01
  2.9200E-01  2.9300E-01  5.6722E-01  6.3194E-01  1.9932E+00  4.5236E-01
  2.9400E-01  2.9500E-01  5.6549E-01  6.3516E-01  1.9908E+00  4.5043E-01
  2.9600E-01  2.9700E-01  5.6377E-01  6.3838E-01  1.9884E+00  4.4851E-01
  2.9800E-01  2.9900E-01  5.6205E-01  6.4159E-01  1.9859E+00  4.4660E-01
  3.0000E-01  3.0100E-01  5.6034E-01  6.4481E-01  1.9835E+00  4.4470E-01
  3.0200E-01  3.0300E-01  5.5863E-01  6.4802E-01  1.9811E+00  4.4280E-01
  3.0400E-01  3.0500E-01  5.5693E-01  6.5123E-01  1.9787E+00  4.4092E-01
  3.0600E-01  3.0700E-01  5.5523E-01  6.5444E-01  1.9763E+00  4.3904E-01
  3.0800E-01  3.0900E-01  5.5354E-01  6.5765E-01  1.9739E+00  4.3716E-01
  3.1000E-01  3.1100E-01  5.5185E-01  6.6085E-01  1.9715E+00  4.3530E-01
  3.1200E-01  3.1300E-01  5.5017E-01  6.6406E-01  1.9691E+00  4.3344E-01
  3.1400E-01  3.1500E-01  5.4849E-01  6.6726E-01  1.9667E+00  4.3159E-01
  3.1600E-01  3.1700E-01  5.4682E-01  6.7046E-01  1.9643E+00  4.2975E-01
  3.1800E-01  3.1900E-01  5.4516E-01  6.7365E-01  1.9619E+00  4.2792E-01
  3.2000E-01  3.2100E-01  5.4349E-01  6.7685E-01  1.9595E+00  4.2610E-01
  3.2200E-01  3.2300E-01  5.4184E-01  6.8004E-01  1.9571E+00  4.2428E-01
  3.2400E-01  3.2500E-01  5.4019E-01  6.8323E-01  1.9547E+00  4.2247E-01
  3.2600E-01  3.2700E-01  5.3854E-01  6.8642E-01  1.9524E+00  4.2067E-01
  3.2800E-01  3.2900E-01  5.3690E-01  6.8961E-01  1.9500E+00  4.1888E-01
  3.3000E-01  3.3100E-01  5.3527E-01  6.9279E-01  1.9476E+00  4.1709E-01
  3.3200E-01  3.3300E-01  5.3364E-01  6.9597E-01  1.9453E+00  4.1532E-01
  3.3400E-01  3.3500E-01  5.3201E-01  6.9915E-01  1.9429E+00  4.1355E-01
  3.3600E-01  3.3700E-01  5.3039E-01  7.0233E-01  1.9405E+00  4.1179E-01
  3.3800E-01  3.3900E-01  5.2878E-01  7.0550E-01  1.9382E+00  4.1004E-01
  3.4000E-01  3.4100E-01  5.2717E-01  7.0867E-01  1.9358E+00  4.0829E-01
  3.4200E-01  3.4300E-01  5.2557E-01  7.1184E-01  1.9335E+00  4.0656E-01
  3.4400E-01  3.4500E-01  5.2397E-01  7.1500E-01  1.9311E+00  4.0483E-01
  3.4600E-01  3.4700E-01  5.2238E-01  7.1816E-01  1.9288E+00  4.0311E-01
  3.4800E-01  3.4900E-01  5.2079E-01  7.2131E-01  1.9264E+00  4.0140E-01
  3.5000E-01  3.5100E-01  5.1921E-01  7.2447E-01  1.9241E+00  3.9969E-01
  3.5200E-01  3.5300E-01  5.1764E-01  7.2762E-01  1.9218E+00  3.9800E-01
  3.5400E-01  3.5500E-01  5.1607E-01  7.3076E-01  1.9195E+00  3.9631E-01
  3.5600E-01  3.5700E-01  5.1451E-01  7.3390E-01  1.9171E+00  3.9463E-01
  3.5800E-01  3.5900E-01  5.1295E-01  7.3704E-01  1.9148E+00  3.9296E-01
  3.6000E-01  3.6100E-01  5.1140E-01  7.4017E-01  1.9125E+00  3.9130E-01
  3.6200E-01  3.6300E-01  5.0986E-01  7.4330E-01  1.9102E+00  3.8965E-01
  3.6400E-01  3.6500E-01  5.0832E-01  7.4642E-01  1.9079E+00  3.8800E-01
  3.6600E-01  3.6700E-01  5.0679E-01  7.4954E-01  1.9056E+00  3.8637E-01
  3.6800E-01  3.6900E-01  5.0526E-01  7.5265E-01  1.9033E+00  3.8474E-01
  3.7000E-01  3.7100E-01  5.0374E-01  7.5576E-01  1.9010E+00  3.8312E-01
  3.7200E-01  3.7300E-01  5.0223E-01  7.5886E-01  1.8988E+00  3.8151E-01
  3.7400E-01  3.7500E-01  5.0073E-01  7.6195E-01  1.8965E+00  3.7991E-01
  3.7600E-01  3.7700E-01  4.9923E-01  7.6504E-01  1.8942E+00  3.7832E-01
  3.7800E-01  3.7900E-01  4.9773E-01  7.6812E-01  1.8919E+00  3.7674E-01
  3.8000E-01  3.8100E-01  4.9625E-01  7.7120E-01  1.8897E+00  3.7516E-01
  3.8200E-01  3.8300E-01  4.9477E-01  7.7427E-01  1.8874E+00  3.7360E-01
  3.8400E-01  3.8500E-01  4.9330E-01  7.7733E-01  1.8852E+00  3.7205E-01
  3.8600E-01  3.8700E-01  4.9183E-01  7.8038E-01  1.8830E+00  3.7050E-01
  3.8800E-01  3.8900E-01  4.9038E-01  7.8343E-01  1.8807E+00  3.6897E-01
  3.9000E-01  3.9100E-01  4.8893E-01  7.8647E-01  1.8785E+00  3.6744E-01
  3.9200E-01  3.9300E-01  4.8749E-01  7.8949E-01  1.8763E+00  3.6593E-01
  3.9400E-01  3.9500E-01  4.8605E-01  7.9251E-01  1.8741E+00  3.6442E-01
  3.9600E-01  3.9700E-01  4.8463E-01  7.9552E-01  1.8719E+00  3.6293E-01
  3.9800E-01  3.9900E-01  4.8321E-01  7.9852E-01  1.8697E+00  3.6144E-01
  4.0000E-01  4.0100E-01  4.8180E-01  8.0151E-01  1.8676E+00  3.5997E-01
  4.0200E-01  4.0300E-01  4.8040E-01  8.0449E-01  1.8654E+00  3.5850E-01
  4.0400E-01  4.0500E-01  4.7901E-01  8.0746E-01  1.8632E+00  3.5705E-01
  4.0600E-01  4.0700E-01  4.7763E-01  8.1041E-01  1.8611E+00  3.5561E-01
  4.0800E-01  4.0900E-01  4.7626E-01  8.1335E-01  1.8590E+00  3.5418E-01
  4.1000E-01  4.1100E-01  4.7489E-01  8.1628E-01  1.8568E+00  3.5276E-01
  4.1200E-01  4.1300E-01  4.7354E-01  8.1920E-01  1.8547E+00  3.5135E-01
  4.1400E-01  4.1500E-01  4.7219E-01  8.2210E-01  1.8526E+00  3.4996E-01
  4.1600E-01  4.1700E-01  4.7086E-01  8.2498E-01  1.8505E+00  3.4858E-01
  4.1800E-01  4.1900E-01  4.6954E-01  8.2785E-01  1.8484E+00  3.4721E-01
  4.2000E-01  4.2100E-01  4.6823E-01  8.3071E-01  1.8464E+00  3.4585E-01
  4.2200E-01  4.2300E-01  4.6693E-01  8.3354E-01  1.8443E+00  3.4451E-01
  4.2400E-01  4.2500E-01  4.6564E-01  8.3636E-01  1.8423E+00  3.4317E-01
  4.2600E-01  4.2700E-01  4.6436E-01  8.3915E-01  1.8403E+00  3.4186E-01
  4.2800E-01  4.2900E-01  4.6310E-01  8.4193E-01  1.8383E+00  3.4056E-01
  4.3000E-01  4.3100E-01  4.6185E-01  8.4469E-01  1.8363E+00  3.3927E-01
  4.3200E-01  4.3300E-01  4.6061E-01  8.4742E-01  1.8343E+00  3.3799E-01
  4.3400E-01  4.3500E-01  4.5938E-01  8.5013E-01  1.8324E+00  3.3674E-01
  4.3600E-01  4.3700E-01  4.5817E-01  8.5282E-01  1.8305E+00  3.3549E-01
  4.3800E-01  4.3900E-01  4.5697E-01  8.5548E-01  1.8286E+00  3.3427E-01
  4.4000E-01  4.4100E-01  4.5579E-01  8.5811E-01  1.8267E+00  3.3306E-01
  4.4200E-01  4.4300E-01  4.5463E-01  8.6071E-01  1.8248E+00  3.3187E-01
  4.4400E-01  4.4500E-01  4.5348E-01  8.6329E-01  1.8230E+00  3.3069E-01
  4.4600E-01  4.4700E-01  4.5235E-01  8.6583E-01  1.8211E+00  3.2954E-01
  4.4800E-01  4.4900E-01  4.5123E-01  8.6835E-01  1.8193E+00  3.2840E-01
  4.5000E-01  4.5100E-01  4.5013E-01  8.7083E-01  1.8176E+00  3.2728E-01
  4.5200E-01  4.5300E-01  4.4905E-01  8.7327E-01  1.8158E+00  3.2618E-01
  4.5400E-01  4.5500E-01  4.4799E-01  8.7567E-01  1.8141E+00  3.2510E-01
  4.5600E-01  4.5700E-01  4.4695E-01  8.7804E-01  1.8124E+00  3.2404E-01
  4.5800E-01  4.5900E-01  4.4593E-01  8.8037E-01  1.8108E+00  3.2301E-01
  4.6000E-01  4.6100E-01  4.4493E-01  8.8266E-01  1.8091E+00  3.2199E-01
  4.6200E-01  4.6300E-01  4.4395E-01  8.8490E-01  1.8076E+00  3.2100E-01
  4.6400E-01  4.6500E-01  4.4299E-01  8.8709E-01  1.8060E+00  3.2003E-01
  4.6600E-01  4.6700E-01  4.4206E-01  8.8924E-01  1.8045E+00  3.1909E-01
  4.6800E-01  4.6900E-01  4.4115E-01  8.9134E-01  1.8030E+00  3.1817E-01
  4.7000E-01  4.7100E-01  4.4026E-01  8.9339E-01  1.8015E+00  3.1727E-01
  4.7200E-01  4.7300E-01  4.3940E-01  8.9539E-01  1.8001E+00  3.1640E-01
  4.7400E-01  4.7500E-01  4.3856E-01  8.9733E-01  1.7988E+00  3.1556E-01
  4.7600E-01  4.7700E-01  4.3775E-01  8.9922E-01  1.7974E+00  3.1474E-01
  4.7800E-01  4.7900E-01  4.3697E-01  9.0104E-01  1.7961E+00  3.1395E-01
  4.8000E-01  4.8100E-01  4.3621E-01  9.0281E-01  1.7949E+00  3.1319E-01
  4.8200E-01  4.8300E-01  4.3548E-01  9.0452E-01  1.7937E+00  3.1245E-01
  4.8400E-01  4.8500E-01  4.3477E-01  9.0617E-01  1.7925E+00  3.1174E-01
  4.8600E-01  4.8700E-01  4.3410E-01  9.0775E-01  1.7914E+00  3.1107E-01
  4.8800E-01  4.8900E-01  4.3345E-01  9.0928E-01  1.7903E+00  3.1042E-01
  4.9000E-01  4.9100E-01  4.3284E-01  9.1073E-01  1.7893E+00  3.0980E-01
  4.9200E-01  4.9300E-01  4.3225E-01  9.1212E-01  1.7883E+00  3.0921E-01
  4.9400E-01  4.9500E-01  4.3169E-01  9.1345E-01  1.7874E+00  3.0864E-01
  4.9600E-01  4.9700E-01  4.3116E-01  9.1470E-01  1.7865E+00  3.0811E-01
  4.9800E-01  4.9900E-01  4.3065E-01  9.1590E-01  1.7857E+00  3.0761E-01
  5.0000E-01  5.0100E-01  4.3018E-01  9.1702E-01  1.7849E+00  3.0714E-01
  5.0200E-01  5.0300E-01  4.2974E-01  9.1809E-01  1.7842E+00  3.0669E-01
  5.0400E-01  5.0500E-01  4.2932E-01  9.1908E-01  1.7835E+00  3.0627E-01
  5.0600E-01  5.0700E-01  4.2893E-01  9.2002E-01  1.7828E+00  3.0588E-01
  5.0800E-01  5.0900E-01  4.2857E-01  9.2089E-01  1.7822E+00  3.0552E-01
  5.1000E-01  5.1100E-01  4.2823E-01  9.2170E-01  1.7817E+00  3.0518E-01
  5.1200E-01  5.1300E-01  4.2792E-01  9.2245E-01  1.7811E+00  3.0487E-01
  5.1400E-01  5.1500E-01  4.2763E-01  9.2315E-01  1.7807E+00  3.0459E-01
  5.1600E-01  5.1700E-01  4.2737E-01  9.2379E-01  1.7802E+00  3.0433E-01
  5.1800E-01  5.1900E-01  4.2713E-01  9.2437E-01  1.7798E+00  3.0409E-01
  5.2000E-01  5.2100E-01  4.2691E-01  9.2491E-01  1.7794E+00  3.0387E-01
  5.2200E-01  5.2300E-01  4.2671E-01  9.2539E-01  1.7791E+00  3.0367E-01
  5.2400E-01  5.2500E-01  4.2653E-01  9.2584E-01  1.7788E+00  3.0349E-01
  5.2600E-01  5.2700E-01  4.2637E-01  9.2623E-01  1.7785E+00  3.0333E-01
  5.2800E-01  5.2900E-01  4.2623E-01  9.2659E-01  1.7783E+00  3.0319E-01
  5.3000E-01  5.3100E-01  4.2610E-01  9.2691E-01  1.7781E+00  3.0306E-01
  5.3200E-01  5.3300E-01  4.2598E-01  9.2720E-01  1.7779E+00  3.0294E-01
  5.3400E-01  5.3500E-01  4.2588E-01  9.2745E-01  1.7777E+00  3.0284E-01
  5.3600E-01  5.3700E-01  4.2579E-01  9.2768E-01  1.7776E+00  3.0275E-01
  5.3800E-01  5.3900E-01  4.2571E-01  9.2788E-01  1.7774E+00  3.0267E-01
  5.4000E-01  5.4100E-01  4.2564E-01  9.2805E-01  1.7773E+00  3.0260E-01
  5.4200E-01  5.4300E-01  4.2558E-01  9.2820E-01  1.7772E+00  3.0254E-01
  5.4400E-01  5.4500E-01  4.2553E-01  9.2834E-01  1.7771E+00  3.0249E-01
  5.4600E-01  5.4700E-01  4.2548E-01  9.2845E-01  1.7771E+00  3.0244E-01
  5.4800E-01  5.4900E-01  4.2544E-01  9.2855E-01  1.7770E+00  3.0241E-01
  5.5000E-01  5.5100E-01  4.2541E-01  9.2864E-01  1.7770E+00  3.0237E-01
  5.5200E-01  5.5300E-01  4.2538E-01  9.2871E-01  1.7769E+00  3.0234E-01
  5.5400E-01  5.5500E-01  4.2535E-01  9.2877E-01  1.7769E+00  3.0232E-01
  5.5600E-01  5.5700E-01  4.2533E-01  9.2883E-01  1.7768E+00  3.0230E-01
  5.5800E-01  5.5900E-01  4.2531E-01  9.2887E-01  1.7768E+00  3.0228E-01
  5.6000E-01  5.6100E-01  4.2530E-01  9.2891E-01  1.7768E+00  3.0226E-01
  5.6200E-01  5.6300E-01  4.2528E-01  9.2895E-01  1.7768E+00  3.0225E-01
  5.6400E-01  5.6500E-01  4.2527E-01  9.2897E-01  1.7767E+00  3.0224E-01
  5.6600E-01  5.6700E-01  4.2526E-01  9.2900E-01  1.7767E+00  3.0223E-01
  5.6800E-01  5.6900E-01  4.2525E-01  9.2902E-01  1.7767E+00  3.0222E-01
  5.7000E-01  5.7100E-01  4.2524E-01  9.2903E-01  1.7767E+00  3.0221E-01
  5.7200E-01  5.7300E-01  4.2524E-01  9.2905E-01  1.7767E+00  3.0221E-01
  5.7400E-01  5.7500E-01  4.2523E-01  9.2906E-01  1.7767E+00  3.0220E-01
  5.7600E-01  5.7700E-01  4.2522E-01  9.2907E-01  1.7767E+00  3.0220E-01
  5.7800E-01  5.7900E-01  4.2522E-01  9.2908E-01  1.7767E+00  3.0219E-01
  5.8000E-01  5.8100E-01  4.2522E-01  9.2909E-01  1.7767E+00  3.0219E-01
  5.8200E-01  5.8300E-01  4.2521E-01  9.2909E-01  1.7767E+00  3.0219E-01
  5.8400E-01  5.8500E-01  4.2521E-01  9.2910E-01  1.7767E+00  3.0218E-01
  5.8600E-01  5.8700E-01  4.2520E-01  9.2911E-01  1.7767E+00  3.0218E-01
  5.8800E-01  5.8900E-01  4.2520E-01  9.2911E-01  1.7767E+00  3.0218E-01
  5.9000E-01  5.9100E-01  4.2520E-01  9.2911E-01  1.7767E+00  3.0218E-01
  5.9200E-01  5.9300E-01  4.2520E-01  9.2912E-01  1.7767E+00  3.0217E-01
  5.9400E-01  5.9500E-01  4.2519E-01  9.2912E-01  1.7767E+00  3.0217E-01
  5.9600E-01  5.9700E-01  4.2519E-01  9.2912E-01  1.7767E+00  3.0217E-01
  5.9800E-01  5.9900E-01  4.2519E-01  9.2913E-01  1.7767E+00  3.0217E-01
  6.0000E-01  6.0100E-01  4.2518E-01  9.2913E-01  1.7767E+00  3.0217E-01
  6.0200E-01  6.0300E-01  4.2518E-01  9.2913E-01  1.7767E+00  3.0217E-01
  6.0400E-01  6.0500E-01  4.2518E-01  9.2913E-01  1.7767E+00  3.0216E-01
  6.0600E-01  6.0700E-01  4.2518E-01  9.2914E-01  1.7767E+00  3.0216E-01
  6.0800E-01  6.0900E-01  4.2518E-01  9.2914E-01  1.7767E+00  3.0216E-01
  6.1000E-01  6.1100E-01  4.2517E-01  9.2914E-01  1.7767E+00  3.0216E-01
  6.1200E-01  6.1300E-01  4.2517E-01  9.2914E-01  1.7767E+00  3.0216E-01
  6.1400E-01  6.1500E-01  4.2517E-01  9.2914E-01  1.7767E+00  3.0216E-01
  6.1600E-01  6.1700E-01  4.2517E-01  9.2915E-01  1.7767E+00  3.0216E-01
  6.1800E-01  6.1900E-01  4.2516E-01  9.2915E-01  1.7767E+00  3.0216E-01
  6.2000E-01  6.2100E-01  4.2516E-01  9.2915E-01  1.7767E+00  3.0215E-01
  6.2200E-01  6.2300E-01  4.2516E-01  9.2915E-01  1.7767E+00  3.0215E-01
  6.2400E-01  6.2500E-01  4.2516E-01  9.2915E-01  1.7767E+00  3.0215E-01
  6.2600E-01  6.2700E-01  4.2516E-01  9.2915E-01  1.7767E+00  3.0215E-01
  6.2800E-01  6.2900E-01  4.2515E-01  9.2915E-01  1.7767E+00  3.0215E-01
  6.3000E-01  6.3100E-01  4.2515E-01  9.2916E-01  1.7767E+00  3.0215E-01
  6.3200E-01  6.3300E-01  4.2515E-01  9.2916E-01  1.7767E+00  3.0215E-01
  6.3400E-01  6.3500E-01  4.2515E-01  9.2916E-01  1.7767E+00  3.0215E-01
  6.3600E-01  6.3700E-01  4.2515E-01  9.2916E-01  1.7767E+00  3.0215E-01
  6.3800E-01  6.3900E-01  4.2515E-01  9.2916E-01  1.7767E+00  3.0214E-01
  6.4000E-01  6.4100E-01  4.2514E-01  9.2916E-01  1.7767E+00  3.0214E-01
  6.4200E-01  6.4300E-01  4.2514E-01  9.2916E-01  1.7767E+00  3.0214E-01
  6.4400E-01  6.4500E-01  4.2514E-01  9.2916E-01  1.7767E+00  3.0214E-01
  6.4600E-01  6.4700E-01  4.2514E-01  9.2916E-01  1.7767E+00  3.0214E-01
  6.4800E-01  6.4900E-01  4.2514E-01  9.2916E-01  1.7767E+00  3.0214E-01
  6.5000E-01  6.5100E-01  4.2514E-01  9.2917E-01  1.7767E+00  3.0214E-01
  6.5200E-01  6.5300E-01  4.2513E-01  9.2917E-01  1.7767E+00  3.0214E-01
  6.5400E-01  6.5500E-01  4.2513E-01  9.2917E-01  1.7767E+00  3.0214E-01
  6.5600E-01  6.5700E-01  4.2513E-01  9.2917E-01  1.7767E+00  3.0214E-01
  6.5800E-01  6.5900E-01  4.2513E-01  9.2917E-01  1.7767E+00  3.0213E-01
  6.6000E-01  6.6100E-01  4.2513E-01  9.2917E-01  1.7767E+00  3.0213E-01
  6.6200E-01  6.6300E-01  4.2513E-01  9.2917E-01  1.7767E+00  3.0213E-01
  6.6400E-01  6.6500E-01  4.2512E-01  9.2917E-01  1.7767E+00  3.0213E-01
  6.6600E-01  6.6700E-01  4.2512E-01  9.2917E-01  1.7767E+00  3.0213E-01
  6.6800E-01  6.6900E-01  4.2512E-01  9.2917E-01  1.7767E+00  3.0213E-01
  6.7000E-01  6.7100E-01  4.2512E-01  9.2917E-01  1.7767E+00  3.0213E-01
  6.7200E-01  6.7300E-01  4.2512E-01  9.2917E-01  1.7767E+00  3.0213E-01
  6.7400E-01  6.7500E-01  4.2512E-01  9.2917E-01  1.7767E+00  3.0213E-01
  6.7600E-01  6.7700E-01  4.2512E-01  9.2917E-01  1.7767E+00  3.0213E-01
  6.7800E-01  6.7900E-01  4.2512E-01  9.2917E-01  1.7767E+00  3.0213E-01
  6.8000E-01  6.8100E-01  4.2511E-01  9.2917E-01  1.7767E+00  3.0213E-01
  6.8200E-01  6.8300E-01  4.2511E-01  9.2917E-01  1.7767E+00  3.0212E-01
  6.8400E-01  6.8500E-01  4.2511E-01  9.2917E-01  1.7767E+00  3.0212E-01
  6.8600E-01  6.8700E-01  4.2511E-01  9.2917E-01  1.7767E+00  3.0212E-01
  6.8800E-01  6.8900E-01  4.2511E-01  9.2917E-01  1.7767E+00  3.0212E-01
  6.9000E-01  6.9100E-01  4.2511E-01  9.2918E-01  1.7767E+00  3.0212E-01
  6.9200E-01  6.9300E-01  4.2511E-01  9.2918E-01  1.7767E+00  3.0212E-01
  6.9400E-01  6.9500E-01  4.2511E-01  9.2918E-01  1.7767E+00  3.0212E-01
  6.9600E-01  6.9700E-01  4.2511E-01  9.2918E-01  1.7767E+00  3.0212E-01
  6.9800E-01  6.9900E-01  4.2511E-01  9.2918E-01  1.7767E+00  3.0212E-01
  7.0000E-01  7.0100E-01  4.2510E-01  9.2918E-01  1.7767E+00  3.0212E-01
  7.0200E-01  7.0300E-01  4.2510E-01  9.2918E-01  1.7767E+00  3.0212E-01
  7.0400E-01  7.0500E-01  4.2510E-01  9.2918E-01  1.7767E+00  3.0212E-01
  7.0600E-01  7.0700E-01  4.2510E-01  9.2918E-01  1.7767E+00  3.0212E-01
  7.0800E-01  7.0900E-01  4.2510E-01  9.2918E-01  1.7767E+00  3.0211E-01
  7.1000E-01  7.1100E-01  4.2510E-01  9.2918E-01  1.7767E+00  3.0211E-01
  7.1200E-01  7.1300E-01  4.2510E-01  9.2918E-01  1.7767E+00  3.0211E-01
  7.1400E-01  7.1500E-01  4.2510E-01  9.2918E-01  1.7767E+00  3.0211E-01
  7.1600E-01  7.1700E-01  4.2510E-01  9.2918E-01  1.7767E+00  3.0211E-01
  7.1800E-01  7.1900E-01  4.2509E-01  9.2918E-01  1.7767E+00  3.0211E-01
  7.2000E-01  7.2100E-01  4.2509E-01  9.2918E-01  1.7767E+00  3.0211E-01
  7.2200E-01  7.2300E-01  4.2509E-01  9.2918E-01  1.7767E+00  3.0211E-01
  7.2400E-01  7.2500E-01  4.2509E-01  9.2918E-01  1.7767E+00  3.0211E-01
  7.2600E-01  7.2700E-01  4.2509E-01  9.2918E-01  1.7767E+00  3.0211E-01
  7.2800E-01  7.2900E-01  4.2509E-01  9.2918E-01  1.7767E+00  3.0211E-01
  7.3000E-01  7.3100E-01  4.2509E-01  9.2918E-01  1.7767E+00  3.0211E-01
  7.3200E-01  7.3300E-01  4.2508E-01  9.2918E-01  1.7767E+00  3.0211E-01
  7.3400E-01  7.3500E-01  4.2508E-01  9.2918E-01  1.7767E+00  3.0211E-01
  7.3600E-01  7.3700E-01  4.2508E-01  9.2918E-01  1.7767E+00  3.0210E-01
  7.3800E-01  7.3900E-01  4.2508E-01  9.2918E-01  1.7768E+00  3.0210E-01
  7.4000E-01  7.4100E-01  4.2508E-01  9.2918E-01  1.7768E+00  3.0210E-01
  7.4200E-01  7.4300E-01  4.2508E-01  9.2918E-01  1.7768E+00  3.0210E-01
  7.4400E-01  7.4500E-01  4.2507E-01  9.2918E-01  1.7768E+00  3.0210E-01
  7.4600E-01  7.4700E-01  4.2507E-01  9.2918E-01  1.7768E+00  3.0210E-01
  7.4800E-01  7.4900E-01  4.2507E-01  9.2917E-01  1.7768E+00  3.0210E-01
  7.5000E-01  7.5100E-01  4.2507E-01  9.2917E-01  1.7768E+00  3.0210E-01
  7.5200E-01  7.5300E-01  4.2506E-01  9.2917E-01  1.7768E+00  3.0210E-01
  7.5400E-01  7.5500E-01  4.2506E-01  9.2917E-01  1.7768E+00  3.0210E-01
  7.5600E-01  7.5700E-01  4.2506E-01  9.2917E-01  1.7768E+00  3.0210E-01
  7.5800E-01  7.5900E-01  4.2506E-01  9.2917E-01  1.7768E+00  3.0210E-01
  7.6000E-01  7.6100E-01  4.2505E-01  9.2917E-01  1.7768E+00  3.0210E-01
  7.6200E-01  7.6300E-01  4.2505E-01  9.2917E-01  1.7768E+00  3.0210E-01
  7.6400E-01  7.6500E-01  4.2505E-01  9.2917E-01  1.7768E+00  3.0210E-01
  7.6600E-01  7.6700E-01  4.2505E-01  9.2917E-01  1.7768E+00  3.0209E-01
  7.6800E-01  7.6900E-01  4.2504E-01  9.2917E-01  1.7768E+00  3.0209E-01
  7.7000E-01  7.7100E-01  4.2504E-01  9.2917E-01  1.7768E+00  3.0209E-01
  7.7200E-01  7.7300E-01  4.2504E-01  9.2917E-01  1.7769E+00  3.0209E-01
  7.7400E-01  7.7500E-01  4.2504E-01  9.2917E-01  1.7769E+00  3.0209E-01
  7.7600E-01  7.7700E-01  4.2503E-01  9.2917E-01  1.7769E+00  3.0209E-01
  7.7800E-01  7.7900E-01  4.2503E-01  9.2917E-01  1.7769E+00  3.0209E-01
  7.8000E-01  7.8100E-01  4.2503E-01  9.2917E-01  1.7769E+00  3.0209E-01
  7.8200E-01  7.8300E-01  4.2502E-01  9.2917E-01  1.7769E+00  3.0209E-01
  7.8400E-01  7.8500E-01  4.2502E-01  9.2917E-01  1.7769E+00  3.0209E-01
  7.8600E-01  7.8700E-01  4.2502E-01  9.2917E-01  1.7769E+00  3.0209E-01
  7.8800E-01  7.8900E-01  4.2501E-01  9.2917E-01  1.7769E+00  3.0209E-01
  7.9000E-01  7.9100E-01  4.2501E-01  9.2917E-01  1.7769E+00  3.0209E-01
  7.9200E-01  7.9300E-01  4.2501E-01  9.2917E-01  1.7770E+00  3.0209E-01
  7.9400E-01  7.9500E-01  4.2500E-01  9.2917E-01  1.7770E+00  3.0209E-01
  7.9600E-01  7.9700E-01  4.2500E-01  9.2917E-01  1.7770E+00  3.0209E-01
  7.9800E-01  7.9900E-01  4.2500E-01  9.2917E-01  1.7770E+00  3.0208E-01
  8.0000E-01  8.0100E-01  4.2499E-01  9.2917E-01  1.7770E+00  3.0208E-01
  8.0200E-01  8.0300E-01  4.2499E-01  9.2917E-01  1.7770E+00  3.0208E-01
  8.0400E-01  8.0500E-01  4.2498E-01  9.2917E-01  1.7770E+00  3.0208E-01
  8.0600E-01  8.0700E-01  4.2498E-01  9.2917E-01  1.7770E+00  3.0208E-01
  8.0800E-01  8.0900E-01  4.2498E-01  9.2917E-01  1.7771E+00  3.0208E-01
  8.1000E-01  8.1100E-01  4.2497E-01  9.2916E-01  1.7771E+00  3.0208E-01
  8.1200E-01  8.1300E-01  4.2497E-01  9.2916E-01  1.7771E+00  3.0208E-01
  8.1400E-01  8.1500E-01  4.2496E-01  9.2916E-01  1.7771E+00  3.0208E-01
  8.1600E-01  8.1700E-01  4.2496E-01  9.2916E-01  1.7771E+00  3.0208E-01
  8.1800E-01  8.1900E-01  4.2496E-01  9.2916E-01  1.7771E+00  3.0208E-01
  8.2000E-01  8.2100E-01  4.2495E-01  9.2916E-01  1.7771E+00  3.0208E-01
  8.2200E-01  8.2300E-01  4.2495E-01  9.2916E-01  1.7772E+00  3.0208E-01
  8.2400E-01  8.2500E-01  4.2494E-01  9.2916E-01  1.7772E+00  3.0208E-01
  8.2600E-01  8.2700E-01  4.2494E-01  9.2916E-01  1.7772E+00  3.0208E-01
  8.2800E-01  8.2900E-01  4.2493E-01  9.2916E-01  1.7772E+00  3.0208E-01
  8.3000E-01  8.3100E-01  4.2493E-01  9.2916E-01  1.7772E+00  3.0208E-01
  8.3200E-01  8.3300E-01  4.2492E-01  9.2916E-01  1.7772E+00  3.0208E-01
  8.3400E-01  8.3500E-01  4.2492E-01  9.2916E-01  1.7773E+00  3.0208E-01
  8.3600E-01  8.3700E-01  4.2491E-01  9.2916E-01  1.7773E+00  3.0208E-01
  8.3800E-01  8.3900E-01  4.2490E-01  9.2916E-01  1.7773E+00  3.0208E-01
  8.4000E-01  8.4100E-01  4.2490E-01  9.2916E-01  1.7773E+00  3.0207E-01
  8.4200E-01  8.4300E-01  4.2489E-01  9.2916E-01  1.7774E+00  3.0207E-01
  8.4400E-01  8.4500E-01  4.2489E-01  9.2916E-01  1.7774E+00  3.0207E-01
  8.4600E-01  8.4700E-01  4.2488E-01  9.2916E-01  1.7774E+00  3.0207E-01
  8.4800E-01  8.4900E-01  4.2487E-01  9.2916E-01  1.7774E+00  3.0207E-01
  8.5000E-01  8.5100E-01  4.2487E-01  9.2916E-01  1.7775E+00  3.0207E-01
  8.5200E-01  8.5300E-01  4.2486E-01  9.2916E-01  1.7775E+00  3.0207E-01
  8.5400E-01  8.5500E-01  4.2485E-01  9.2916E-01  1.7775E+00  3.0207E-01
  8.5600E-01  8.5700E-01  4.2484E-01  9.2916E-01  1.7776E+00  3.0207E-01
  8.5800E-01  8.5900E-01  4.2483E-01  9.2917E-01  1.7776E+00  3.0207E-01
  8.6000E-01  8.6100E-01  4.2482E-01  9.2917E-01  1.7776E+00  3.0207E-01
  8.6200E-01  8.6300E-01  4.2481E-01  9.2917E-01  1.7777E+00  3.0207E-01
  8.6400E-01  8.6500E-01  4.2480E-01  9.2917E-01  1.7777E+00  3.0207E-01
  8.6600E-01  8.6700E-01  4.2478E-01  9.2917E-01  1.7778E+00  3.0207E-01
  8.6800E-01  8.6900E-01  4.2477E-01  9.2918E-01  1.7779E+00  3.0207E-01
  8.7000E-01  8.7100E-01  4.2475E-01  9.2918E-01  1.7779E+00  3.0207E-01
  8.7200E-01  8.7300E-01  4.2472E-01  9.2919E-01  1.7780E+00  3.0207E-01
  8.7400E-01  8.7500E-01  4.2469E-01  9.2920E-01  1.7781E+00  3.0206E-01
  8.7600E-01  8.7700E-01  4.2466E-01  9.2921E-01  1.7782E+00  3.0206E-01
  8.7800E-01  8.7900E-01  4.2461E-01  9.2924E-01  1.7784E+00  3.0204E-01
  8.8000E-01  8.8100E-01  4.2455E-01  9.2927E-01  1.7785E+00  3.0203E-01
  8.8200E-01  8.8300E-01  4.2448E-01  9.2932E-01  1.7787E+00  3.0201E-01
  8.8400E-01  8.8500E-01  4.2439E-01  9.2938E-01  1.7789E+00  3.0198E-01
  8.8600E-01  8.8700E-01  4.2427E-01  9.2947E-01  1.7791E+00  3.0193E-01
  8.8800E-01  8.8900E-01  4.2412E-01  9.2960E-01  1.7794E+00  3.0187E-01
  8.9000E-01  8.9100E-01  4.2393E-01  9.2976E-01  1.7797E+00  3.0179E-01
  8.9200E-01  8.9300E-01  4.2369E-01  9.2999E-01  1.7800E+00  3.0168E-01
  8.9400E-01  8.9500E-01  4.2339E-01  9.3029E-01  1.7804E+00  3.0153E-01
  8.9600E-01  8.9700E-01  4.2302E-01  9.3067E-01  1.7809E+00  3.0134E-01
  8.9800E-01  8.9900E-01  4.2256E-01  9.3117E-01  1.7814E+00  3.0111E-01
  9.0000E-01  9.0100E-01  4.2200E-01  9.3179E-01  1.7820E+00  3.0081E-01
  9.0200E-01  9.0300E-01  4.2132E-01  9.3257E-01  1.7827E+00  3.0044E-01
  9.0400E-01  9.0500E-01  4.2051E-01  9.3352E-01  1.7834E+00  2.9999E-01
  9.0600E-01  9.0700E-01  4.1955E-01  9.3468E-01  1.7843E+00  2.9945E-01
  9.0800E-01  9.0900E-01  4.1842E-01  9.3605E-01  1.7853E+00  2.9882E-01
  9.1000E-01  9.1100E-01  4.1711E-01  9.3768E-01  1.7865E+00  2.9808E-01
  9.1200E-01  9.1300E-01  4.1560E-01  9.3956E-01  1.7878E+00  2.9722E-01
  9.1400E-01  9.1500E-01  4.1389E-01  9.4174E-01  1.7893E+00  2.9625E-01
  9.1600E-01  9.1700E-01  4.1194E-01  9.4421E-01  1.7911E+00  2.9515E-01
  9.1800E-01  9.1900E-01  4.0977E-01  9.4699E-01  1.7931E+00  2.9393E-01
  9.2000E-01  9.2100E-01  4.0736E-01  9.5008E-01  1.7955E+00  2.9258E-01
  9.2200E-01  9.2300E-01  4.0470E-01  9.5350E-01  1.7982E+00  2.9111E-01
  9.2400E-01  9.2500E-01  4.0180E-01  9.5724E-01  1.8013E+00  2.8952E-01
  9.2600E-01  9.2700E-01  3.9865E-01  9.6130E-01  1.8048E+00  2.8782E-01
  9.2800E-01  9.2900E-01  3.9525E-01  9.6568E-01  1.8089E+00  2.8600E-01
  9.3000E-01  9.3100E-01  3.9161E-01  9.7036E-01  1.8134E+00  2.8408E-01
  9.3200E-01  9.3300E-01  3.8774E-01  9.7535E-01  1.8185E+00  2.8206E-01
  9.3400E-01  9.3500E-01  3.8363E-01  9.8063E-01  1.8242E+00  2.7994E-01
  9.3600E-01  9.3700E-01  3.7932E-01  9.8619E-01  1.8305E+00  2.7775E-01
  9.3800E-01  9.3900E-01  3.7479E-01  9.9202E-01  1.8374E+00  2.7548E-01
  9.4000E-01  9.4100E-01  3.7007E-01  9.9811E-01  1.8450E+00  2.7314E-01
  9.4200E-01  9.4300E-01  3.6518E-01  1.0045E+00  1.8533E+00  2.7073E-01
  9.4400E-01  9.4500E-01  3.6012E-01  1.0110E+00  1.8623E+00  2.6827E-01
  9.4600E-01  9.4700E-01  3.5491E-01  1.0179E+00  1.8719E+00  2.6576E-01
  9.4800E-01  9.4900E-01  3.4957E-01  1.0249E+00  1.8822E+00  2.6320E-01
  9.5000E-01  9.5100E-01  3.4411E-01  1.0322E+00  1.8932E+00  2.6059E-01
  9.5200E-01  9.5300E-01  3.3855E-01  1.0397E+00  1.9048E+00  2.5795E-01
  9.5400E-01  9.5500E-01  3.3291E-01  1.0475E+00  1.9169E+00  2.5527E-01
  9.5600E-01  9.5700E-01  3.2720E-01  1.0555E+00  1.9296E+00  2.5255E-01
  9.5800E-01  9.5900E-01  3.2143E-01  1.0637E+00  1.9427E+00  2.4979E-01
  9.6000E-01  9.6100E-01  3.1562E-01  1.0722E+00  1.9563E+00  2.4699E-01
  9.6200E-01  9.6300E-01  3.0978E-01  1.0809E+00  1.9702E+00  2.4414E-01
  9.6400E-01  9.6500E-01  3.0393E-01  1.0900E+00  1.9844E+00  2.4124E-01
  9.6600E-01  9.6700E-01  2.9806E-01  1.0994E+00  1.9986E+00  2.3829E-01
  9.6800E-01  9.6900E-01  2.9218E-01  1.1092E+00  2.0129E+00  2.3526E-01
  9.7000E-01  9.7100E-01  2.8629E-01  1.1194E+00  2.0271E+00  2.3214E-01
  9.7200E-01  9.7300E-01  2.8038E-01  1.1301E+00  2.0410E+00  2.2891E-01
  9.7400E-01  9.7500E-01  2.7445E-01  1.1414E+00  2.0545E+00  2.2554E-01
  9.7600E-01  9.7700E-01  2.6847E-01  1.1535E+00  2.0673E+00  2.2199E-01
  9.7800E-01  9.7900E-01  2.6240E-01  1.1665E+00  2.0791E+00  2.1822E-01
  9.8000E-01  9.8100E-01  2.5619E-01  1.1806E+00  2.0896E+00  2.1413E-01
  9.8200E-01  9.8300E-01  2.4975E-01  1.1964E+00  2.0984E+00  2.0962E-01
  9.8400E-01  9.8500E-01  2.4293E-01  1.2142E+00  2.1047E+00  2.0451E-01
  9.8600E-01  9.8700E-01  2.3551E-01  1.2351E+00  2.1076E+00  1.9852E-01
  9.8800E-01  9.8900E-01  2.2707E-01  1.2605E+00  2.1052E+00  1.9118E-01
  9.9000E-01  9.9100E-01  2.1680E-01  1.2933E+00  2.0944E+00  1.8159E-01
  9.9200E-01  9.9300E-01  2.0296E-01  1.3389E+00  2.0686E+00  1.6790E-01
  9.9400E-01  9.9500E-01  1.8097E-01  1.4104E+00  2.0114E+00  1.4557E-01
  9.9600E-01  9.9700E-01  1.3321E-01  1.5443E+00  1.8739E+00  9.9848E-02
  9.9800E-01  9.9900E-01  1.2500E-01  2.1487E+00  2.0000E+00  1.0000E-01
  1.0000E+00  1.0010E+00  1.2500E-01  2.1487E+00  2.0000E+00  1.0000E-01
