  0.0000E+00  5.0000E-04  1.0000E+00  0.0000E+00  2.5000E+00  1.0000E+00
  1.0000E-03  1.5000E-03  1.0000E+00  0.0000E+00  2.5000E+00  1.0000E+00
  2.0000E-03  2.5000E-03  1.0000E+00  0.0000E+00  2.5000E+00  1.0000E+00
  3.0000E-03  3.5000E-03  1.0000E+00  0.0000E+00  2.5000E+00  1.0000E+00
  4.0000E-03  4.5000E-03  1.0000E+00  0.0000E+00  2.5000E+00  1.0000E+00
  5.0000E-03  5.5000E-03  1.0000E+00  0.0000E+00  2.5000E+00  1.0000E+00
  6.0000E-03  6.5000E-03  1.0000E+00  0.0000E+00  2.5000E+00  1.0000E+00
  7.0000E-03  7.5000E-03  1.0000E+00  0.0000E+00  2.5000E+00  1.0000E+00
  8.0000E-03  8.5000E-03  1.0000E+00  0.0000E+00  2.5000E+00  1.0000E+00
  9.0000E-03  9.5000E-03  1.0000E+00  0.0000E+00  2.5000E+00  1.0000E+00
  1.0000E-02  1.0500E-02  1.0000E+00  0.0000E+00  2.5000E+00  1.0000E+00
  1.1000E-02  1.1500E-02  1.0000E+00  0.0000E+00  2.5000E+00  1.0000E+00
  1.2000E-02  1.2500E-02  1.0000E+00  0.0000E+00  2.5000E+00  1.0000E+00
  1.3000E-02  1.3500E-02  1.0000E+00  0.0000E+00  2.5000E+00  1.0000E+00
  1.4000E-02  1.4500E-02  1.0000E+00  0.0000E+00  2.5000E+00  1.0000E+00
  1.5000E-02  1.5500E-02  1.0000E+00  0.0000E+00  2.5000E+00  1.0000E+00
  1.6000E-02  1.6500E-02  1.0000E+00  0.0000E+00  2.5000E+00  1.0000E+00
  1.7000E-02  1.7500E-02  1.0000E+00  0.0000E+00  2.5000E+00  1.0000E+00
  1.8000E-02  1.8500E-02  1.0000E+00  0.0000E+00  2.5000E+00  1.0000E+00
  1.9000E-02  1.9500E-02  1.0000E+00  0.0000E+00  2.5000E+00  1.0000E+00
  2.0000E-02  2.0500E-02  1.0000E+00  0.0000E+00  2.5000E+00  1.0000E+00
  2.1000E-02  2.1500E-02  1.0000E+00  0.0000E+00  2.5000E+00  1.0000E+00
  2.2000E-02  2.2500E-02  1.0000E+00  0.0000E+00  2.5000E+00  1.0000E+00
  2.3000E-02  2.3500E-02  1.0000E+00  0.0000E+00  2.5000E+00  1.0000E+00
  2.4000E-02  2.4500E-02  1.0000E+00  0.0000E+00  2.5000E+00  1.0000E+00
  2.5000E-02  2.5500E-02  1.0000E+00  0.0000E+00  2.5000E+00  1.0000E+00
  2.6000E-02  2.6500E-02  1.0000E+00  0.0000E+00  2.5000E+00  1.0000E+00
  2.7000E-02  2.7500E-02  1.0000E+00  0.0000E+00  2.5000E+00  1.0000E+00
  2.8000E-02  2.8500E-02  1.0000E+00  0.0000E+00  2.5000E+00  1.0000E+00
  2.9000E-02  2.9500E-02  1.0000E+00  0.0000E+00  2.5000E+00  1.0000E+00
  3.0000E-02  3.0500E-02  1.0000E+00  0.0000E+00  2.5000E+00  1.0000E+00
  3.1000E-02  3.1500E-02  1.0000E+00  0.0000E+00  2.5000E+00  1.0000E+00
  3.2000E-02  3.2500E-02  1.0000E+00  0.0000E+00  2.5000E+00  1.0000E+00
  3.3000E-02  3.3500E-02  1.0000E+00  0.0000E+00  2.5000E+00  1.0000E+00
  3.4000E-02  3.4500E-02  1.0000E+00  0.0000E+00  2.5000E+00  1.0000E+00
  3.5000E-02  3.5500E-02  1.0000E+00  0.0000E+00  2.5000E+00  1.0000E+00
  3.6000E-02  3.6500E-02  1.0000E+00  0.0000E+00  2.5000E+00  1.0000E+00
  3.7000E-02  3.7500E-02  1.0000E+00  0.0000E+00  2.5000E+00  1.0000E+00
  3.8000E-02  3.8500E-02  1.0000E+00  0.0000E+00  2.5000E+00  1.0000E+00
  3.9000E-02  3.9500E-02  1.0000E+00  0.0000E+00  2.5000E+00  1.0000E+00
  4.0000E-02  4.0500E-02  1.0000E+00  0.0000E+00  2.5000E+00  1.0000E+00
  4.1000E-02  4.1500E-02  1.0000E+00  0.0000E+00  2.5000E+00  1.0000E+00
  4.2000E-02  4.2500E-02  1.0000E+00  0.0000E+00  2.5000E+00  1.0000E+00
  4.3000E-02  4.3500E-02  1.0000E+00  0.0000E+00  2.5000E+00  1.0000E+00
  4.4000E-02  4.4500E-02  1.0000E+00  0.0000E+00  2.5000E+00  1.0000E+00
  4.5000E-02  4.5500E-02  1.0000E+00  0.0000E+00  2.5000E+00  1.0000E+00
  4.6000E-02  4.6500E-02  1.0000E+00  0.0000E+00  2.5000E+00  1.0000E+00
  4.7000E-02  4.7500E-02  1.0000E+00  0.0000E+00  2.5000E+00  1.0000E+00
  4.8000E-02  4.8500E-02  1.0000E+00  0.0000E+00  2.5000E+00  1.0000E+00
  4.9000E-02  4.9500E-02  1.0000E+00  0.0000E+00  2.5000E+00  1.0000E+00
  5.0000E-02  5.0500E-02  1.0000E+00  0.0000E+00  2.5000E+00  1.0000E+00
  5.1000E-02  5.1500E-02  1.0000E+00  0.0000E+00  2.5000E+00  1.0000E+00
  5.2000E-02  5.2500E-02  1.0000E+00  0.0000E+00  2.5000E+00  1.0000E+00
  5.3000E-02  5.3500E-02  1.0000E+00  0.0000E+00  2.5000E+00  1.0000E+00
  5.4000E-02  5.4500E-02  1.0000E+00  0.0000E+00  2.5000E+00  1.0000E+00
  5.5000E-02  5.5500E-02  1.0000E+00  0.0000E+00  2.5000E+00  1.0000E+00
  5.6000E-02  5.6500E-02  1.0000E+00  0.0000E+00  2.5000E+00  1.0000E+00
  5.7000E-02  5.7500E-02  1.0000E+00  0.0000E+00  2.5000E+00  1.0000E+00
  5.8000E-02  5.8500E-02  1.0000E+00  0.0000E+00  2.5000E+00  1.0000E+00
  5.9000E-02  5.9500E-02  1.0000E+00  0.0000E+00  2.5000E+00  1.0000E+00
  6.0000E-02  6.0500E-02  1.0000E+00  0.0000E+00  2.5000E+00  1.0000E+00
  6.1000E-02  6.1500E-02  1.0000E+00  0.0000E+00  2.5000E+00  1.0000E+00
  6.2000E-02  6.2500E-02  1.0000E+00  0.0000E+00  2.5000E+00  1.0000E+00
  6.3000E-02  6.3500E-02  1.0000E+00  0.0000E+00  2.5000E+00  1.0000E+00
  6.4000E-02  6.4500E-02  1.0000E+00  0.0000E+00  2.5000E+00  1.0000E+00
  6.5000E-02  6.5500E-02  1.0000E+00  0.0000E+00  2.5000E+00  1.0000E+00
  6.6000E-02  6.6500E-02  1.0000E+00  0.0000E+00  2.5000E+00  1.0000E+00
  6.7000E-02  6.7500E-02  1.0000E+00  0.0000E+00  2.5000E+00  1.0000E+00
  6.8000E-02  6.8500E-02  1.0000E+00  0.0000E+00  2.5000E+00  1.0000E+00
  6.9000E-02  6.9500E-02  1.0000E+00  0.0000E+00  2.5000E+00  1.0000E+00
  7.0000E-02  7.0500E-02  1.0000E+00  0.0000E+00  2.5000E+00  1.0000E+00
  7.1000E-02  7.1500E-02  1.0000E+00  0.0000E+00  2.5000E+00  1.0000E+00
  7.2000E-02  7.2500E-02  1.0000E+00  0.0000E+00  2.5000E+00  1.0000E+00
  7.3000E-02  7.3500E-02  1.0000E+00  0.0000E+00  2.5000E+00  1.0000E+00
  7.4000E-02  7.4500E-02  1.0000E+00  0.0000E+00  2.5000E+00  1.0000E+00
  7.5000E-02  7.5500E-02  1.0000E+00  0.0000E+00  2.5000E+00  1.0000E+00
  7.6000E-02  7.6500E-02  1.0000E+00  0.0000E+00  2.5000E+00  1.0000E+00
  7.7000E-02  7.7500E-02  1.0000E+00  0.0000E+00  2.5000E+00  1.0000E+00
  7.8000E-02  7.8500E-02  1.0000E+00  0.0000E+00  2.5000E+00  1.0000E+00
  7.9000E-02  7.9500E-02  1.0000E+00  0.0000E+00  2.5000E+00  1.0000E+00
  8.0000E-02  8.0500E-02  1.0000E+00  0.0000E+00  2.5000E+00  1.0000E+00
  8.1000E-02  8.1500E-02  1.0000E+00  0.0000E+00  2.5000E+00  1.0000E+00
  8.2000E-02  8.2500E-02  1.0000E+00  0.0000E+00  2.5000E+00  1.0000E+00
  8.3000E-02  8.3500E-02  1.0000E+00  0.0000E+00  2.5000E+00  1.0000E+00
  8.4000E-02  8.4500E-02  1.0000E+00  0.0000E+00  2.5000E+00  1.0000E+00
  8.5000E-02  8.5500E-02  1.0000E+00  0.0000E+00  2.5000E+00  1.0000E+00
  8.6000E-02  8.6500E-02  1.0000E+00  0.0000E+00  2.5000E+00  1.0000E+00
  8.7000E-02  8.7500E-02  1.0000E+00  0.0000E+00  2.5000E+00  1.0000E+00
  8.8000E-02  8.8500E-02  1.0000E+00  0.0000E+00  2.5000E+00  1.0000E+00
  8.9000E-02  8.9500E-02  1.0000E+00  0.0000E+00  2.5000E+00  1.0000E+00
  9.0000E-02  9.0500E-02  1.0000E+00  0.0000E+00  2.5000E+00  1.0000E+00
  9.1000E-02  9.1500E-02  1.0000E+00  0.0000E+00  2.5000E+00  1.0000E+00
  9.2000E-02  9.2500E-02  1.0000E+00  0.0000E+00  2.5000E+00  1.0000E+00
  9.3000E-02  9.3500E-02  1.0000E+00  0.0000E+00  2.5000E+00  1.0000E+00
  9.4000E-02  9.4500E-02  1.0000E+00  0.0000E+00  2.5000E+00  1.0000E+00
  9.5000E-02  9.5500E-02  1.0000E+00  0.0000E+00  2.5000E+00  1.0000E+00
  9.6000E-02  9.6500E-02  1.0000E+00  0.0000E+00  2.5000E+00  1.0000E+00
  9.7000E-02  9.7500E-02  1.0000E+00  0.0000E+00  2.5000E+00  1.0000E+00
  9.8000E-02  9.8500E-02  1.0000E+00  0.0000E+00  2.5000E+00  1.0000E+00
  9.9000E-02  9.9500E-02  1.0000E+00  0.0000E+00  2.5000E+00  1.0000E+00
  1.0000E-01  1.0050E-01  1.0000E+00  0.0000E+00  2.5000E+00  1.0000E+00
  1.0100E-01  1.0150E-01  1.0000E+00  0.0000E+00  2.5000E+00  1.0000E+00
  1.0200E-01  1.0250E-01  1.0000E+00  0.0000E+00  2.5000E+00  1.0000E+00
  1.0300E-01  1.0350E-01  1.0000E+00  0.0000E+00  2.5000E+00  1.0000E+00
  1.0400E-01  1.0450E-01  1.0000E+00  0.0000E+00  2.5000E+00  1.0000E+00
  1.0500E-01  1.0550E-01  1.0000E+00  0.0000E+00  2.5000E+00  1.0000E+00
  1.0600E-01  1.0650E-01  1.0000E+00  0.0000E+00  2.5000E+00  1.0000E+00
  1.0700E-01  1.0750E-01  1.0000E+00  0.0000E+00  2.5000E+00  1.0000E+00
  1.0800E-01  1.0850E-01  1.0000E+00  0.0000E+00  2.5000E+00  1.0000E+00
  1.0900E-01  1.0950E-01  1.0000E+00  0.0000E+00  2.5000E+00  1.0000E+00
  1.1000E-01  1.1050E-01  1.0000E+00  0.0000E+00  2.5000E+00  1.0000E+00
  1.1100E-01  1.1150E-01  1.0000E+00  0.0000E+00  2.5000E+00  1.0000E+00
  1.1200E-01  1.1250E-01  1.0000E+00  0.0000E+00  2.5000E+00  1.0000E+00
  1.1300E-01  1.1350E-01  1.0000E+00  0.0000E+00  2.5000E+00  1.0000E+00
  1.1400E-01  1.1450E-01  1.0000E+00  0.0000E+00  2.5000E+00  1.0000E+00
  1.1500E-01  1.1550E-01  1.0000E+00  0.0000E+00  2.5000E+00  1.0000E+00
  1.1600E-01  1.1650E-01  1.0000E+00  0.0000E+00  2.5000E+00  1.0000E+00
  1.1700E-01  1.1750E-01  1.0000E+00  0.0000E+00  2.5000E+00  1.0000E+00
  1.1800E-01  1.1850E-01  1.0000E+00  0.0000E+00  2.5000E+00  1.0000E+00
  1.1900E-01  1.1950E-01  1.0000E+00  0.0000E+00  2.5000E+00  1.0000E+00
  1.2000E-01  1.2050E-01  1.0000E+00  0.0000E+00  2.5000E+00  1.0000E+00
  1.2100E-01  1.2150E-01  1.0000E+00  0.0000E+00  2.5000E+00  1.0000E+00
  1.2200E-01  1.2250E-01  1.0000E+00  0.0000E+00  2.5000E+00  1.0000E+00
  1.2300E-01  1.2350E-01  1.0000E+00  0.0000E+00  2.5000E+00  1.0000E+00
  1.2400E-01  1.2450E-01  1.0000E+00  0.0000E+00  2.5000E+00  1.0000E+00
  1.2500E-01  1.2550E-01  1.0000E+00  0.0000E+00  2.5000E+00  1.0000E+00
  1.2600E-01  1.2650E-01  1.0000E+00  0.0000E+00  2.5000E+00  1.0000E+00
  1.2700E-01  1.2750E-01  1.0000E+00  0.0000E+00  2.5000E+00  1.0000E+00
  1.2800E-01  1.2850E-01  1.0000E+00  0.0000E+00  2.5000E+00  1.0000E+00
  1.2900E-01  1.2950E-01  1.0000E+00  0.0000E+00  2.5000E+00  1.0000E+00
  1.3000E-01  1.3050E-01  1.0000E+00  0.0000E+00  2.5000E+00  1.0000E+00
  1.3100E-01  1.3150E-01  1.0000E+00  0.0000E+00  2.5000E+00  1.0000E+00
  1.3200E-01  1.3250E-01  1.0000E+00  0.0000E+00  2.5000E+00  1.0000E+00
  1.3300E-01  1.3350E-01  1.0000E+00  0.0000E+00  2.5000E+00  1.0000E+00
  1.3400E-01  1.3450E-01  1.0000E+00  0.0000E+00  2.5000E+00  1.0000E+00
  1.3500E-01  1.3550E-01  1.0000E+00  0.0000E+00  2.5000E+00  1.0000E+00
  1.3600E-01  1.3650E-01  1.0000E+00  0.0000E+00  2.5000E+00  1.0000E+00
  1.3700E-01  1.3750E-01  1.0000E+00  0.0000E+00  2.5000E+00  1.0000E+00
  1.3800E-01  1.3850E-01  1.0000E+00  0.0000E+00  2.5000E+00  1.0000E+00
  1.3900E-01  1.3950E-01  1.0000E+00  0.0000E+00  2.5000E+00  1.0000E+00
  1.4000E-01  1.4050E-01  1.0000E+00  0.0000E+00  2.5000E+00  1.0000E+00
  1.4100E-01  1.4150E-01  1.0000E+00  0.0000E+00  2.5000E+00  1.0000E+00
  1.4200E-01  1.4250E-01  1.0000E+00  0.0000E+00  2.5000E+00  1.0000E+00
  1.4300E-01  1.4350E-01  1.0000E+00  0.0000E+00  2.5000E+00  1.0000E+00
  1.4400E-01  1.4450E-01  1.0000E+00  0.0000E+00  2.5000E+00  1.0000E+00
  1.4500E-01  1.4550E-01  1.0000E+00  0.0000E+00  2.5000E+00  1.0000E+00
  1.4600E-01  1.4650E-01  1.0000E+00  0.0000E+00  2.5000E+00  1.0000E+00
  1.4700E-01  1.4750E-01  1.0000E+00  0.0000E+00  2.5000E+00  1.0000E+00
  1.4800E-01  1.4850E-01  1.0000E+00  0.0000E+00  2.5000E+00  1.0000E+00
  1.4900E-01  1.4950E-01  1.0000E+00  0.0000E+00  2.5000E+00  1.0000E+00
  1.5000E-01  1.5050E-01  1.0000E+00  0.0000E+00  2.5000E+00  1.0000E+00
  1.5100E-01  1.5150E-01  1.0000E+00  0.0000E+00  2.5000E+00  1.0000E+00
  1.5200E-01  1.5250E-01  1.0000E+00  0.0000E+00  2.5000E+00  1.0000E+00
  1.5300E-01  1.5350E-01  1.0000E+00  0.0000E+00  2.5000E+00  1.0000E+00
  1.5400E-01  1.5450E-01  1.0000E+00  0.0000E+00  2.5000E+00  1.0000E+00
  1.5500E-01  1.5550E-01  1.0000E+00  0.0000E+00  2.5000E+00  1.0000E+00
  1.5600E-01  1.5650E-01  1.0000E+00  0.0000E+00  2.5000E+00  1.0000E+00
  1.5700E-01  1.5750E-01  1.0000E+00  0.0000E+00  2.5000E+00  1.0000E+00
  1.5800E-01  1.5850E-01  1.0000E+00  0.0000E+00  2.5000E+00  1.0000E+00
  1.5900E-01  1.5950E-01  1.0000E+00  0.0000E+00  2.5000E+00  1.0000E+00
  1.6000E-01  1.6050E-01  1.0000E+00  0.0000E+00  2.5000E+00  1.0000E+00
  1.6100E-01  1.6150E-01  1.0000E+00  0.0000E+00  2.5000E+00  1.0000E+00
  1.6200E-01  1.6250E-01  1.0000E+00  0.0000E+00  2.5000E+00  1.0000E+00
  1.6300E-01  1.6350E-01  1.0000E+00  0.0000E+00  2.5000E+00  1.0000E+00
  1.6400E-01  1.6450E-01  1.0000E+00  0.0000E+00  2.5000E+00  1.0000E+00
  1.6500E-01  1.6550E-01  1.0000E+00  0.0000E+00  2.5000E+00  1.0000E+00
  1.6600E-01  1.6650E-01  1.0000E+00  0.0000E+00  2.5000E+00  1.0000E+00
  1.6700E-01  1.6750E-01  1.0000E+00  0.0000E+00  2.5000E+00  1.0000E+00
  1.6800E-01  1.6850E-01  1.0000E+00  0.0000E+00  2.5000E+00  1.0000E+00
  1.6900E-01  1.6950E-01  1.0000E+00  0.0000E+00  2.5000E+00  1.0000E+00
  1.7000E-01  1.7050E-01  1.0000E+00  1.2695E-16  2.5000E+00  1.0000E+00
  1.7100E-01  1.7150E-01  1.0000E+00  1.7519E-15  2.5000E+00  1.0000E+00
  1.7200E-01  1.7250E-01  1.0000E+00  6.7793E-15  2.5000E+00  1.0000E+00
  1.7300E-01  1.7350E-01  1.0000E+00  2.0744E-14  2.5000E+00  1.0000E+00
  1.7400E-01  1.7450E-01  1.0000E+00  5.8754E-14  2.5000E+00  1.0000E+00
  1.7500E-01  1.7550E-01  1.0000E+00  1.6529E-13  2.5000E+00  1.0000E+00
  1.7600E-01  1.7650E-01  1.0000E+00  4.5698E-13  2.5000E+00  1.0000E+00
  1.7700E-01  1.7750E-01  1.0000E+00  1.2550E-12  2.5000E+00  1.0000E+00
  1.7800E-01  1.7850E-01  1.0000E+00  3.4000E-12  2.5000E+00  1.0000E+00
  1.7900E-01  1.7950E-01  1.0000E+00  9.0803E-12  2.5000E+00  1.0000E+00
  1.8000E-01  1.8050E-01  1.0000E+00  2.3898E-11  2.5000E+00  1.0000E+00
  1.8100E-01  1.8150E-01  1.0000E+00  6.1940E-11  2.5000E+00  1.0000E+00
  1.8200E-01  1.8250E-01  1.0000E+00  1.5804E-10  2.5000E+00  1.0000E+00
  1.8300E-01  1.8350E-01  1.0000E+00  3.9680E-10  2.5000E+00  1.0000E+00
  1.8400E-01  1.8450E-01  1.0000E+00  9.8011E-10  2.5000E+00  1.0000E+00
  1.8500E-01  1.8550E-01  1.0000E+00  2.3808E-09  2.5000E+00  1.0000E+00
  1.8600E-01  1.8650E-01  1.0000E+00  5.6856E-09  2.5000E+00  1.0000E+00
  1.8700E-01  1.8750E-01  1.0000E+00  1.3343E-08  2.5000E+00  1.0000E+00
  1.8800E-01  1.8850E-01  1.0000E+00  3.0763E-08  2.5000E+00  1.0000E+00
  1.8900E-01  1.8950E-01  1.0000E+00  6.9645E-08  2.5000E+00  1.0000E+00
  1.9000E-01  1.9050E-01  1.0000E+00  1.5476E-07  2.5000E+00  1.0000E+00
  1.9100E-01  1.9150E-01  1.0000E+00  3.3739E-07  2.5000E+00  1.0000E+00
  1.9200E-01  1.9250E-01  1.0000E+00  7.2123E-07  2.5000E+00  1.0000E+00
  1.9300E-01  1.9350E-01  1.0000E+00  1.5110E-06  2.5000E+00  1.0000E+00
  1.9400E-01  1.9450E-01  1.0000E+00  3.1004E-06  2.5000E+00  1.0000E+00
  1.9500E-01  1.9550E-01  9.9999E-01  6.2270E-06  2.5000E+00  9.9999E-01
  1.9600E-01  1.9650E-01  9.9998E-01  1.2233E-05  2.5000E+00  9.9998E-01
  1.9700E-01  1.9750E-01  9.9997E-01  2.3485E-05  2.5000E+00  9.9996E-01
  1.9800E-01  1.9850E-01  9.9995E-01  4.4028E-05  2.4999E+00  9.9993E-01
  1.9900E-01  1.9950E-01  9.9990E-01  8.0522E-05  2.4999E+00  9.9988E-01
  2.0000E-01  2.0050E-01  9.9983E-01  1.4351E-04  2.4998E+00  9.9979E-01
  2.0100E-01  2.0150E-01  9.9971E-01  2.4899E-04  2.4997E+00  9.9964E-01
  2.0200E-01  2.0250E-01  9.9951E-01  4.2001E-04  2.4995E+00  9.9940E-01
  2.0300E-01  2.0350E-01  9.9922E-01  6.8800E-04  2.4992E+00  9.9903E-01
  2.0400E-01  2.0450E-01  9.9878E-01  1.0930E-03  2.4988E+00  9.9848E-01
  2.0500E-01  2.0550E-01  9.9816E-01  1.6824E-03  2.4982E+00  9.9769E-01
  2.0600E-01  2.0650E-01  9.9732E-01  2.5063E-03  2.4973E+00  9.9660E-01
  2.0700E-01  2.0750E-01  9.9622E-01  3.6119E-03  2.4962E+00  9.9517E-01
  2.0800E-01  2.0850E-01  9.9484E-01  5.0348E-03  2.4948E+00  9.9335E-01
  2.0900E-01  2.0950E-01  9.9319E-01  6.7920E-03  2.4932E+00  9.9114E-01
  2.1000E-01  2.1050E-01  9.9127E-01  8.8773E-03  2.4913E+00  9.8855E-01
  2.1100E-01  2.1150E-01  9.8913E-01  1.1263E-02  2.4891E+00  9.8564E-01
  2.1200E-01  2.1250E-01  9.8680E-01  1.3904E-02  2.4868E+00  9.8246E-01
  2.1300E-01  2.1350E-01  9.8434E-01  1.6749E-02  2.4843E+00  9.7908E-01
  2.1400E-01  2.1450E-01  9.8178E-01  1.9746E-02  2.4817E+00  9.7554E-01
  2.1500E-01  2.1550E-01  9.7915E-01  2.2851E-02  2.4790E+00  9.7191E-01
  2.1600E-01  2.1650E-01  9.7649E-01  2.6030E-02  2.4763E+00  9.6822E-01
  2.1700E-01  2.1750E-01  9.7379E-01  2.9259E-02  2.4736E+00  9.6449E-01
  2.1800E-01  2.1850E-01  9.7108E-01  3.2521E-02  2.4708E+00  9.6074E-01
  2.1900E-01  2.1950E-01  9.6836E-01  3.5805E-02  2.4681E+00  9.5698E-01
  2.2000E-01  2.2050E-01  9.6564E-01  3.9104E-02  2.4653E+00  9.5322E-01
  2.2100E-01  2.2150E-01  9.6292E-01  4.2415E-02  2.4625E+00  9.4945E-01
  2.2200E-01  2.2250E-01  9.6020E-01  4.5734E-02  2.4597E+00  9.4570E-01
  2.2300E-01  2.2350E-01  9.5748E-01  4.9059E-02  2.4569E+00  9.4195E-01
  2.2400E-01  2.2450E-01  9.5476E-01  5.2389E-02  2.4542E+00  9.3820E-01
  2.2500E-01  2.2550E-01  9.5204E-01  5.5722E-02  2.4514E+00  9.3447E-01
  2.2600E-01  2.2650E-01  9.4933E-01  5.9059E-02  2.4486E+00  9.3075E-01
  2.2700E-01  2.2750E-01  9.4663E-01  6.2398E-02  2.4458E+00  9.2703E-01
  2.2800E-01  2.2850E-01  9.4392E-01  6.5738E-02  2.4430E+00  9.2333E-01
  2.2900E-01  2.2950E-01  9.4123E-01  6.9081E-02  2.4402E+00  9.1964E-01
  2.3000E-01  2.3050E-01  9.3854E-01  7.2424E-02  2.4374E+00  9.1596E-01
  2.3100E-01  2.3150E-01  9.3585E-01  7.5768E-02  2.4346E+00  9.1229E-01
  2.3200E-01  2.3250E-01  9.3317E-01  7.9114E-02  2.4318E+00  9.0863E-01
  2.3300E-01  2.3350E-01  9.3050E-01  8.2459E-02  2.4290E+00  9.0499E-01
  2.3400E-01  2.3450E-01  9.2783E-01  8.5805E-02  2.4262E+00  9.0135E-01
  2.3500E-01  2.3550E-01  9.2517E-01  8.9152E-02  2.4235E+00  8.9773E-01
  2.3600E-01  2.3650E-01  9.2251E-01  9.2499E-02  2.4207E+00  8.9412E-01
  2.3700E-01  2.3750E-01  9.1986E-01  9.5846E-02  2.4179E+00  8.9053E-01
  2.3800E-01  2.3850E-01  9.1722E-01  9.9193E-02  2.4151E+00  8.8694E-01
  2.3900E-01  2.3950E-01  9.1458E-01  1.0254E-01  2.4123E+00  8.8337E-01
  2.4000E-01  2.4050E-01  9.1195E-01  1.0589E-01  2.4096E+00  8.7981E-01
  2.4100E-01  2.4150E-01  9.0932E-01  1.0923E-01  2.4068E+00  8.7627E-01
  2.4200E-01  2.4250E-01  9.0670E-01  1.1258E-01  2.4040E+00  8.7273E-01
  2.4300E-01  2.4350E-01  9.0409E-01  1.1593E-01  2.4012E+00  8.6921E-01
  2.4400E-01  2.4450E-01  9.0148E-01  1.1927E-01  2.3985E+00  8.6570E-01
  2.4500E-01  2.4550E-01  8.9888E-01  1.2262E-01  2.3957E+00  8.6220E-01
  2.4600E-01  2.4650E-01  8.9628E-01  1.2597E-01  2.3929E+00  8.5872E-01
  2.4700E-01  2.4750E-01  8.9370E-01  1.2931E-01  2.3902E+00  8.5524E-01
  2.4800E-01  2.4850E-01  8.9111E-01  1.3266E-01  2.3874E+00  8.5178E-01
  2.4900E-01  2.4950E-01  8.8854E-01  1.3601E-01  2.3846E+00  8.4833E-01
  2.5000E-01  2.5050E-01  8.8596E-01  1.3935E-01  2.3819E+00  8.4490E-01
  2.5100E-01  2.5150E-01  8.8340E-01  1.4270E-01  2.3791E+00  8.4147E-01
  2.5200E-01  2.5250E-01  8.8084E-01  1.4604E-01  2.3764E+00  8.3806E-01
  2.5300E-01  2.5350E-01  8.7829E-01  1.4939E-01  2.3736E+00  8.3466E-01
  2.5400E-01  2.5450E-01  8.7574E-01  1.5273E-01  2.3708E+00  8.3127E-01
  2.5500E-01  2.5550E-01  8.7320E-01  1.5608E-01  2.3681E+00  8.2790E-01
  2.5600E-01  2.5650E-01  8.7067E-01  1.5942E-01  2.3653E+00  8.2453E-01
  2.5700E-01  2.5750E-01  8.6814E-01  1.6277E-01  2.3626E+00  8.2118E-01
  2.5800E-01  2.5850E-01  8.6562E-01  1.6611E-01  2.3599E+00  8.1784E-01
  2.5900E-01  2.5950E-01  8.6310E-01  1.6945E-01  2.3571E+00  8.1451E-01
  2.6000E-01  2.6050E-01  8.6059E-01  1.7280E-01  2.3544E+00  8.1120E-01
  2.6100E-01  2.6150E-01  8.5809E-01  1.7614E-01  2.3516E+00  8.0789E-01
  2.6200E-01  2.6250E-01  8.5559E-01  1.7948E-01  2.3489E+00  8.0460E-01
  2.6300E-01  2.6350E-01  8.5310E-01  1.8282E-01  2.3462E+00  8.0132E-01
  2.6400E-01  2.6450E-01  8.5061E-01  1.8617E-01  2.3434E+00  7.9805E-01
  2.6500E-01  2.6550E-01  8.4813E-01  1.8951E-01  2.3407E+00  7.9479E-01
  2.6600E-01  2.6650E-01  8.4566E-01  1.9285E-01  2.3380E+00  7.9155E-01
  2.6700E-01  2.6750E-01  8.4319E-01  1.9619E-01  2.3352E+00  7.8831E-01
  2.6800E-01  2.6850E-01  8.4073E-01  1.9953E-01  2.3325E+00  7.8509E-01
  2.6900E-01  2.6950E-01  8.3827E-01  2.0288E-01  2.3298E+00  7.8188E-01
  2.7000E-01  2.7050E-01  8.3582E-01  2.0622E-01  2.3270E+00  7.7868E-01
  2.7100E-01  2.7150E-01  8.3337E-01  2.0956E-01  2.3243E+00  7.7549E-01
  2.7200E-01  2.7250E-01  8.3094E-01  2.1290E-01  2.3216E+00  7.7231E-01
  2.7300E-01  2.7350E-01  8.2850E-01  2.1624E-01  2.3189E+00  7.6915E-01
  2.7400E-01  2.7450E-01  8.2608E-01  2.1958E-01  2.3162E+00  7.6599E-01
  2.7500E-01  2.7550E-01  8.2365E-01  2.2292E-01  2.3134E+00  7.6285E-01
  2.7600E-01  2.7650E-01  8.2124E-01  2.2626E-01  2.3107E+00  7.5972E-01
  2.7700E-01  2.7750E-01  8.1883E-01  2.2960E-01  2.3080E+00  7.5660E-01
  2.7800E-01  2.7850E-01  8.1643E-01  2.3294E-01  2.3053E+00  7.5349E-01
  2.7900E-01  2.7950E-01  8.1403E-01  2.3628E-01  2.3026E+00  7.5039E-01
  2.8000E-01  2.8050E-01  8.1164E-01  2.3961E-01  2.2999E+00  7.4730E-01
  2.8100E-01  2.8150E-01  8.0925E-01  2.4295E-01  2.2972E+00  7.4423E-01
  2.8200E-01  2.8250E-01  8.0687E-01  2.4629E-01  2.2945E+00  7.4116E-01
  2.8300E-01  2.8350E-01  8.0449E-01  2.4963E-01  2.2918E+00  7.3811E-01
  2.8400E-01  2.8450E-01  8.0212E-01  2.5297E-01  2.2891E+00  7.3506E-01
  2.8500E-01  2.8550E-01  7.9976E-01  2.5630E-01  2.2864E+00  7.3203E-01
  2.8600E-01  2.8650E-01  7.9740E-01  2.5964E-01  2.2837E+00  7.2901E-01
  2.8700E-01  2.8750E-01  7.9505E-01  2.6298E-01  2.2810E+00  7.2600E-01
  2.8800E-01  2.8850E-01  7.9271E-01  2.6632E-01  2.2783E+00  7.2300E-01
  2.8900E-01  2.8950E-01  7.9036E-01  2.6965E-01  2.2756E+00  7.2001E-01
  2.9000E-01  2.9050E-01  7.8803E-01  2.7299E-01  2.2729E+00  7.1704E-01
  2.9100E-01  2.9150E-01  7.8570E-01  2.7633E-01  2.2702E+00  7.1407E-01
  2.9200E-01  2.9250E-01  7.8338E-01  2.7966E-01  2.2676E+00  7.1111E-01
  2.9300E-01  2.9350E-01  7.8106E-01  2.8300E-01  2.2649E+00  7.0817E-01
  2.9400E-01  2.9450E-01  7.7875E-01  2.8633E-01  2.2622E+00  7.0523E-01
  2.9500E-01  2.9550E-01  7.7644E-01  2.8967E-01  2.2595E+00  7.0231E-01
  2.9600E-01  2.9650E-01  7.7414E-01  2.9300E-01  2.2568E+00  6.9939E-01
  2.9700E-01  2.9750E-01  7.7184E-01  2.9634E-01  2.2542E+00  6.9649E-01
  2.9800E-01  2.9850E-01  7.6955E-01  2.9967E-01  2.2515E+00  6.9360E-01
  2.9900E-01  2.9950E-01  7.6727E-01  3.0301E-01  2.2488E+00  6.9072E-01
  3.0000E-01  3.0050E-01  7.6499E-01  3.0634E-01  2.2461E+00  6.8785E-01
  3.0100E-01  3.0150E-01  7.6272E-01  3.0968E-01  2.2435E+00  6.8498E-01
  3.0200E-01  3.0250E-01  7.6045E-01  3.1301E-01  2.2408E+00  6.8213E-01
  3.0300E-01  3.0350E-01  7.5819E-01  3.1634E-01  2.2381E+00  6.7929E-01
  3.0400E-01  3.0450E-01  7.5593E-01  3.1968E-01  2.2355E+00  6.7646E-01
  3.0500E-01  3.0550E-01  7.5368E-01  3.2301E-01  2.2328E+00  6.7364E-01
  3.0600E-01  3.0650E-01  7.5143E-01  3.2634E-01  2.2302E+00  6.7083E-01
  3.0700E-01  3.0750E-01  7.4919E-01  3.2968E-01  2.2275E+00  6.6803E-01
  3.0800E-01  3.0850E-01  7.4696E-01  3.3301E-01  2.2248E+00  6.6524E-01
  3.0900E-01  3.0950E-01  7.4473E-01  3.3634E-01  2.2222E+00  6.6247E-01
  3.1000E-01  3.1050E-01  7.4251E-01  3.3967E-01  2.2195E+00  6.5970E-01
  3.1100E-01  3.1150E-01  7.4029E-01  3.4301E-01  2.2169E+00  6.5694E-01
  3.1200E-01  3.1250E-01  7.3808E-01  3.4634E-01  2.2142E+00  6.5419E-01
  3.1300E-01  3.1350E-01  7.3587E-01  3.4967E-01  2.2116E+00  6.5145E-01
  3.1400E-01  3.1450E-01  7.3367E-01  3.5300E-01  2.2089E+00  6.4872E-01
  3.1500E-01  3.1550E-01  7.3147E-01  3.5633E-01  2.2063E+00  6.4600E-01
  3.1600E-01  3.1650E-01  7.2928E-01  3.5966E-01  2.2037E+00  6.4330E-01
  3.1700E-01  3.1750E-01  7.2709E-01  3.6299E-01  2.2010E+00  6.4060E-01
  3.1800E-01  3.1850E-01  7.2491E-01  3.6632E-01  2.1984E+00  6.3791E-01
  3.1900E-01  3.1950E-01  7.2274E-01  3.6965E-01  2.1957E+00  6.3523E-01
  3.2000E-01  3.2050E-01  7.2057E-01  3.7298E-01  2.1931E+00  6.3256E-01
  3.2100E-01  3.2150E-01  7.1841E-01  3.7631E-01  2.1905E+00  6.2990E-01
  3.2200E-01  3.2250E-01  7.1625E-01  3.7964E-01  2.1878E+00  6.2725E-01
  3.2300E-01  3.2350E-01  7.1409E-01  3.8297E-01  2.1852E+00  6.2461E-01
  3.2400E-01  3.2450E-01  7.1195E-01  3.8630E-01  2.1826E+00  6.2198E-01
  3.2500E-01  3.2550E-01  7.0980E-01  3.8963E-01  2.1800E+00  6.1936E-01
  3.2600E-01  3.2650E-01  7.0767E-01  3.9295E-01  2.1773E+00  6.1675E-01
  3.2700E-01  3.2750E-01  7.0553E-01  3.9628E-01  2.1747E+00  6.1415E-01
  3.2800E-01  3.2850E-01  7.0341E-01  3.9961E-01  2.1721E+00  6.1156E-01
  3.2900E-01  3.2950E-01  7.0128E-01  4.0294E-01  2.1695E+00  6.0898E-01
  3.3000E-01  3.3050E-01  6.9917E-01  4.0626E-01  2.1668E+00  6.0640E-01
  3.3100E-01  3.3150E-01  6.9706E-01  4.0959E-01  2.1642E+00  6.0384E-01
  3.3200E-01  3.3250E-01  6.9495E-01  4.1292E-01  2.1616E+00  6.0129E-01
  3.3300E-01  3.3350E-01  6.9285E-01  4.1624E-01  2.1590E+00  5.9874E-01
  3.3400E-01  3.3450E-01  6.9076E-01  4.1957E-01  2.1564E+00  5.9621E-01
  3.3500E-01  3.3550E-01  6.8867E-01  4.2289E-01  2.1538E+00  5.9369E-01
  3.3600E-01  3.3650E-01  6.8658E-01  4.2622E-01  2.1512E+00  5.9117E-01
  3.3700E-01  3.3750E-01  6.8450E-01  4.2954E-01  2.1486E+00  5.8866E-01
  3.3800E-01  3.3850E-01  6.8243E-01  4.3287E-01  2.1460E+00  5.8617E-01
  3.3900E-01  3.3950E-01  6.8036E-01  4.3619E-01  2.1434E+00  5.8368E-01
  3.4000E-01  3.4050E-01  6.7830E-01  4.3952E-01  2.1408E+00  5.8120E-01
  3.4100E-01  3.4150E-01  6.7624E-01  4.4284E-01  2.1382E+00  5.7873E-01
  3.4200E-01  3.4250E-01  6.7418E-01  4.4616E-01  2.1356E+00  5.7627E-01
  3.4300E-01  3.4350E-01  6.7214E-01  4.4949E-01  2.1330E+00  5.7382E-01
  3.4400E-01  3.4450E-01  6.7009E-01  4.5281E-01  2.1304E+00  5.7138E-01
  3.4500E-01  3.4550E-01  6.6806E-01  4.5613E-01  2.1278E+00  5.6895E-01
  3.4600E-01  3.4650E-01  6.6602E-01  4.5945E-01  2.1252E+00  5.6653E-01
  3.4700E-01  3.4750E-01  6.6400E-01  4.6277E-01  2.1226E+00  5.6411E-01
  3.4800E-01  3.4850E-01  6.6197E-01  4.6609E-01  2.1201E+00  5.6171E-01
  3.4900E-01  3.4950E-01  6.5996E-01  4.6942E-01  2.1175E+00  5.5931E-01
  3.5000E-01  3.5050E-01  6.5795E-01  4.7274E-01  2.1149E+00  5.5693E-01
  3.5100E-01  3.5150E-01  6.5594E-01  4.7606E-01  2.1123E+00  5.5455E-01
  3.5200E-01  3.5250E-01  6.5394E-01  4.7937E-01  2.1097E+00  5.5218E-01
  3.5300E-01  3.5350E-01  6.5194E-01  4.8269E-01  2.1072E+00  5.4982E-01
  3.5400E-01  3.5450E-01  6.4995E-01  4.8601E-01  2.1046E+00  5.4747E-01
  3.5500E-01  3.5550E-01  6.4796E-01  4.8933E-01  2.1020E+00  5.4513E-01
  3.5600E-01  3.5650E-01  6.4598E-01  4.9265E-01  2.0995E+00  5.4280E-01
  3.5700E-01  3.5750E-01  6.4401E-01  4.9597E-01  2.0969E+00  5.4047E-01
  3.5800E-01  3.5850E-01  6.4204E-01  4.9928E-01  2.0943E+00  5.3816E-01
  3.5900E-01  3.5950E-01  6.4007E-01  5.0260E-01  2.0918E+00  5.3585E-01
  3.6000E-01  3.6050E-01  6.3811E-01  5.0591E-01  2.0892E+00  5.3356E-01
  3.6100E-01  3.6150E-01  6.3615E-01  5.0923E-01  2.0866E+00  5.3127E-01
  3.6200E-01  3.6250E-01  6.3420E-01  5.1254E-01  2.0841E+00  5.2899E-01
  3.6300E-01  3.6350E-01  6.3226E-01  5.1586E-01  2.0815E+00  5.2672E-01
  3.6400E-01  3.6450E-01  6.3032E-01  5.1917E-01  2.0790E+00  5.2446E-01
  3.6500E-01  3.6550E-01  6.2838E-01  5.2248E-01  2.0764E+00  5.2220E-01
  3.6600E-01  3.6650E-01  6.2645E-01  5.2580E-01  2.0739E+00  5.1996E-01
  3.6700E-01  3.6750E-01  6.2453E-01  5.2911E-01  2.0713E+00  5.1772E-01
  3.6800E-01  3.6850E-01  6.2261E-01  5.3242E-01  2.0688E+00  5.1549E-01
  3.6900E-01  3.6950E-01  6.2069E-01  5.3573E-01  2.0662E+00  5.1328E-01
  3.7000E-01  3.7050E-01  6.1878E-01  5.3904E-01  2.0637E+00  5.1107E-01
  3.7100E-01  3.7150E-01  6.1688E-01  5.4235E-01  2.0612E+00  5.0886E-01
  3.7200E-01  3.7250E-01  6.1498E-01  5.4566E-01  2.0586E+00  5.0667E-01
  3.7300E-01  3.7350E-01  6.1309E-01  5.4897E-01  2.0561E+00  5.0449E-01
  3.7400E-01  3.7450E-01  6.1120E-01  5.5227E-01  2.0536E+00  5.0231E-01
  3.7500E-01  3.7550E-01  6.0931E-01  5.5558E-01  2.0510E+00  5.0014E-01
  3.7600E-01  3.7650E-01  6.0743E-01  5.5889E-01  2.0485E+00  4.9798E-01
  3.7700E-01  3.7750E-01  6.0556E-01  5.6219E-01  2.0460E+00  4.9583E-01
  3.7800E-01  3.7850E-01  6.0369E-01  5.6549E-01  2.0435E+00  4.9369E-01
  3.7900E-01  3.7950E-01  6.0183E-01  5.6880E-01  2.0409E+00  4.9156E-01
  3.8000E-01  3.8050E-01  5.9997E-01  5.7210E-01  2.0384E+00  4.8943E-01
  3.8100E-01  3.8150E-01  5.9811E-01  5.7540E-01  2.0359E+00  4.8732E-01
  3.8200E-01  3.8250E-01  5.9626E-01  5.7870E-01  2.0334E+00  4.8521E-01
  3.8300E-01  3.8350E-01  5.9442E-01  5.8200E-01  2.0309E+00  4.8311E-01
  3.8400E-01  3.8450E-01  5.9258E-01  5.8530E-01  2.0284E+00  4.8102E-01
  3.8500E-01  3.8550E-01  5.9075E-01  5.8860E-01  2.0259E+00  4.7894E-01
  3.8600E-01  3.8650E-01  5.8892E-01  5.9190E-01  2.0234E+00  4.7686E-01
  3.8700E-01  3.8750E-01  5.8710E-01  5.9519E-01  2.0209E+00  4.7479E-01
  3.8800E-01  3.8850E-01  5.8528E-01  5.9849E-01  2.0184E+00  4.7274E-01
  3.8900E-01  3.8950E-01  5.8347E-01  6.0178E-01  2.0159E+00  4.7069E-01
  3.9000E-01  3.9050E-01  5.8166E-01  6.0507E-01  2.0134E+00  4.6865E-01
  3.9100E-01  3.9150E-01  5.7985E-01  6.0837E-01  2.0109E+00  4.6661E-01
  3.9200E-01  3.9250E-01  5.7806E-01  6.1166E-01  2.0084E+00  4.6459E-01
  3.9300E-01  3.9350E-01  5.7626E-01  6.1495E-01  2.0059E+00  4.6257E-01
  3.9400E-01  3.9450E-01  5.7448E-01  6.1823E-01  2.0034E+00  4.6056E-01
  3.9500E-01  3.9550E-01  5.7269E-01  6.2152E-01  2.0009E+00  4.5856E-01
  3.9600E-01  3.9650E-01  5.7092E-01  6.2481E-01  1.9984E+00  4.5657E-01
  3.9700E-01  3.9750E-01  5.6914E-01  6.2809E-01  1.9960E+00  4.5459E-01
  3.9800E-01  3.9850E-01  5.6738E-01  6.3137E-01  1.9935E+00  4.5261E-01
  3.9900E-01  3.9950E-01  5.6562E-01  6.3465E-01  1.9910E+00  4.5065E-01
  4.0000E-01  4.0050E-01  5.6386E-01  6.3793E-01  1.9885E+00  4.4869E-01
  4.0100E-01  4.0150E-01  5.6211E-01  6.4121E-01  1.9861E+00  4.4674E-01
  4.0200E-01  4.0250E-01  5.6036E-01  6.4449E-01  1.9836E+00  4.4480E-01
  4.0300E-01  4.0350E-01  5.5862E-01  6.4776E-01  1.9811E+00  4.4286E-01
  4.0400E-01  4.0450E-01  5.5689E-01  6.5104E-01  1.9787E+00  4.4094E-01
  4.0500E-01  4.0550E-01  5.5515E-01  6.5431E-01  1.9762E+00  4.3902E-01
  4.0600E-01  4.0650E-01  5.5343E-01  6.5758E-01  1.9738E+00  4.3711E-01
  4.0700E-01  4.0750E-01  5.5171E-01  6.6085E-01  1.9713E+00  4.3521E-01
  4.0800E-01  4.0850E-01  5.5000E-01  6.6411E-01  1.9689E+00  4.3332E-01
  4.0900E-01  4.0950E-01  5.4829E-01  6.6738E-01  1.9664E+00  4.3143E-01
  4.1000E-01  4.1050E-01  5.4658E-01  6.7064E-01  1.9640E+00  4.2956E-01
  4.1100E-01  4.1150E-01  5.4488E-01  6.7390E-01  1.9616E+00  4.2769E-01
  4.1200E-01  4.1250E-01  5.4319E-01  6.7715E-01  1.9591E+00  4.2583E-01
  4.1300E-01  4.1350E-01  5.4150E-01  6.8041E-01  1.9567E+00  4.2398E-01
  4.1400E-01  4.1450E-01  5.3982E-01  6.8366E-01  1.9543E+00  4.2213E-01
  4.1500E-01  4.1550E-01  5.3814E-01  6.8691E-01  1.9518E+00  4.2030E-01
  4.1600E-01  4.1650E-01  5.3647E-01  6.9016E-01  1.9494E+00  4.1847E-01
  4.1700E-01  4.1750E-01  5.3481E-01  6.9340E-01  1.9470E+00  4.1665E-01
  4.1800E-01  4.1850E-01  5.3315E-01  6.9665E-01  1.9446E+00  4.1484E-01
  4.1900E-01  4.1950E-01  5.3149E-01  6.9988E-01  1.9422E+00  4.1304E-01
  4.2000E-01  4.2050E-01  5.2985E-01  7.0312E-01  1.9398E+00  4.1125E-01
  4.2100E-01  4.2150E-01  5.2820E-01  7.0635E-01  1.9374E+00  4.0947E-01
  4.2200E-01  4.2250E-01  5.2656E-01  7.0958E-01  1.9350E+00  4.0769E-01
  4.2300E-01  4.2350E-01  5.2493E-01  7.1281E-01  1.9326E+00  4.0592E-01
  4.2400E-01  4.2450E-01  5.2331E-01  7.1603E-01  1.9302E+00  4.0416E-01
  4.2500E-01  4.2550E-01  5.2169E-01  7.1925E-01  1.9278E+00  4.0241E-01
  4.2600E-01  4.2650E-01  5.2007E-01  7.2247E-01  1.9254E+00  4.0067E-01
  4.2700E-01  4.2750E-01  5.1847E-01  7.2568E-01  1.9231E+00  3.9894E-01
  4.2800E-01  4.2850E-01  5.1687E-01  7.2889E-01  1.9207E+00  3.9721E-01
  4.2900E-01  4.2950E-01  5.1527E-01  7.3209E-01  1.9183E+00  3.9550E-01
  4.3000E-01  4.3050E-01  5.1368E-01  7.3529E-01  1.9159E+00  3.9379E-01
  4.3100E-01  4.3150E-01  5.1210E-01  7.3848E-01  1.9136E+00  3.9209E-01
  4.3200E-01  4.3250E-01  5.1052E-01  7.4167E-01  1.9112E+00  3.9040E-01
  4.3300E-01  4.3350E-01  5.0895E-01  7.4486E-01  1.9089E+00  3.8872E-01
  4.3400E-01  4.3450E-01  5.0739E-01  7.4804E-01  1.9065E+00  3.8705E-01
  4.3500E-01  4.3550E-01  5.0583E-01  7.5121E-01  1.9042E+00  3.8539E-01
  4.3600E-01  4.3650E-01  5.0428E-01  7.5438E-01  1.9019E+00  3.8373E-01
  4.3700E-01  4.3750E-01  5.0273E-01  7.5754E-01  1.8996E+00  3.8209E-01
  4.3800E-01  4.3850E-01  5.0120E-01  7.6070E-01  1.8972E+00  3.8046E-01
  4.3900E-01  4.3950E-01  4.9967E-01  7.6385E-01  1.8949E+00  3.7883E-01
  4.4000E-01  4.4050E-01  4.9814E-01  7.6699E-01  1.8926E+00  3.7721E-01
  4.4100E-01  4.4150E-01  4.9663E-01  7.7013E-01  1.8903E+00  3.7561E-01
  4.4200E-01  4.4250E-01  4.9512E-01  7.7326E-01  1.8880E+00  3.7401E-01
  4.4300E-01  4.4350E-01  4.9362E-01  7.7638E-01  1.8857E+00  3.7242E-01
  4.4400E-01  4.4450E-01  4.9213E-01  7.7949E-01  1.8835E+00  3.7085E-01
  4.4500E-01  4.4550E-01  4.9064E-01  7.8260E-01  1.8812E+00  3.6928E-01
  4.4600E-01  4.4650E-01  4.8916E-01  7.8569E-01  1.8789E+00  3.6772E-01
  4.4700E-01  4.4750E-01  4.8769E-01  7.8878E-01  1.8767E+00  3.6618E-01
  4.4800E-01  4.4850E-01  4.8623E-01  7.9186E-01  1.8744E+00  3.6464E-01
  4.4900E-01  4.4950E-01  4.8478E-01  7.9493E-01  1.8722E+00  3.6312E-01
  4.5000E-01  4.5050E-01  4.8333E-01  7.9798E-01  1.8700E+00  3.6160E-01
  4.5100E-01  4.5150E-01  4.8190E-01  8.0103E-01  1.8677E+00  3.6010E-01
  4.5200E-01  4.5250E-01  4.8047E-01  8.0407E-01  1.8655E+00  3.5861E-01
  4.5300E-01  4.5350E-01  4.7905E-01  8.0709E-01  1.8633E+00  3.5712E-01
  4.5400E-01  4.5450E-01  4.7764E-01  8.1010E-01  1.8611E+00  3.5565E-01
  4.5500E-01  4.5550E-01  4.7625E-01  8.1310E-01  1.8590E+00  3.5420E-01
  4.5600E-01  4.5650E-01  4.7486E-01  8.1608E-01  1.8568E+00  3.5275E-01
  4.5700E-01  4.5750E-01  4.7348E-01  8.1905E-01  1.8547E+00  3.5132E-01
  4.5800E-01  4.5850E-01  4.7211E-01  8.2201E-01  1.8525E+00  3.4990E-01
  4.5900E-01  4.5950E-01  4.7075E-01  8.2494E-01  1.8504E+00  3.4849E-01
  4.6000E-01  4.6050E-01  4.6941E-01  8.2786E-01  1.8483E+00  3.4709E-01
  4.6100E-01  4.6150E-01  4.6807E-01  8.3077E-01  1.8462E+00  3.4571E-01
  4.6200E-01  4.6250E-01  4.6675E-01  8.3365E-01  1.8441E+00  3.4435E-01
  4.6300E-01  4.6350E-01  4.6544E-01  8.3652E-01  1.8420E+00  3.4299E-01
  4.6400E-01  4.6450E-01  4.6414E-01  8.3937E-01  1.8400E+00  3.4165E-01
  4.6500E-01  4.6550E-01  4.6286E-01  8.4219E-01  1.8379E+00  3.4033E-01
  4.6600E-01  4.6650E-01  4.6158E-01  8.4499E-01  1.8359E+00  3.3902E-01
  4.6700E-01  4.6750E-01  4.6033E-01  8.4777E-01  1.8339E+00  3.3773E-01
  4.6800E-01  4.6850E-01  4.5908E-01  8.5053E-01  1.8319E+00  3.3645E-01
  4.6900E-01  4.6950E-01  4.5785E-01  8.5326E-01  1.8300E+00  3.3519E-01
  4.7000E-01  4.7050E-01  4.5664E-01  8.5596E-01  1.8280E+00  3.3394E-01
  4.7100E-01  4.7150E-01  4.5544E-01  8.5863E-01  1.8261E+00  3.3272E-01
  4.7200E-01  4.7250E-01  4.5426E-01  8.6128E-01  1.8242E+00  3.3151E-01
  4.7300E-01  4.7350E-01  4.5310E-01  8.6389E-01  1.8223E+00  3.3032E-01
  4.7400E-01  4.7450E-01  4.5195E-01  8.6647E-01  1.8205E+00  3.2914E-01
  4.7500E-01  4.7550E-01  4.5082E-01  8.6902E-01  1.8187E+00  3.2799E-01
  4.7600E-01  4.7650E-01  4.4971E-01  8.7153E-01  1.8169E+00  3.2686E-01
  4.7700E-01  4.7750E-01  4.4862E-01  8.7401E-01  1.8151E+00  3.2575E-01
  4.7800E-01  4.7850E-01  4.4755E-01  8.7644E-01  1.8134E+00  3.2466E-01
  4.7900E-01  4.7950E-01  4.4650E-01  8.7884E-01  1.8117E+00  3.2359E-01
  4.8000E-01  4.8050E-01  4.4547E-01  8.8119E-01  1.8100E+00  3.2255E-01
  4.8100E-01  4.8150E-01  4.4446E-01  8.8350E-01  1.8084E+00  3.2152E-01
  4.8200E-01  4.8250E-01  4.4347E-01  8.8576E-01  1.8068E+00  3.2053E-01
  4.8300E-01  4.8350E-01  4.4251E-01  8.8798E-01  1.8052E+00  3.1955E-01
  4.8400E-01  4.8450E-01  4.4157E-01  8.9014E-01  1.8037E+00  3.1860E-01
  4.8500E-01  4.8550E-01  4.4066E-01  8.9226E-01  1.8022E+00  3.1768E-01
  4.8600E-01  4.8650E-01  4.3977E-01  8.9432E-01  1.8007E+00  3.1678E-01
  4.8700E-01  4.8750E-01  4.3891E-01  8.9633E-01  1.7993E+00  3.1591E-01
  4.8800E-01  4.8850E-01  4.3808E-01  8.9828E-01  1.7979E+00  3.1507E-01
  4.8900E-01  4.8950E-01  4.3727E-01  9.0017E-01  1.7966E+00  3.1426E-01
  4.9000E-01  4.9050E-01  4.3649E-01  9.0200E-01  1.7953E+00  3.1347E-01
  4.9100E-01  4.9150E-01  4.3574E-01  9.0377E-01  1.7941E+00  3.1271E-01
  4.9200E-01  4.9250E-01  4.3502E-01  9.0548E-01  1.7929E+00  3.1199E-01
  4.9300E-01  4.9350E-01  4.3433E-01  9.0712E-01  1.7917E+00  3.1129E-01
  4.9400E-01  4.9450E-01  4.3366E-01  9.0870E-01  1.7906E+00  3.1062E-01
  4.9500E-01  4.9550E-01  4.3303E-01  9.1021E-01  1.7896E+00  3.0998E-01
  4.9600E-01  4.9650E-01  4.3243E-01  9.1165E-01  1.7886E+00  3.0938E-01
  4.9700E-01  4.9750E-01  4.3185E-01  9.1303E-01  1.7876E+00  3.0880E-01
  4.9800E-01  4.9850E-01  4.3131E-01  9.1434E-01  1.7867E+00  3.0825E-01
  4.9900E-01  4.9950E-01  4.3079E-01  9.1558E-01  1.7858E+00  3.0774E-01
  5.0000E-01  5.0050E-01  4.3031E-01  9.1675E-01  1.7850E+00  3.0725E-01
  5.0100E-01  5.0150E-01  4.2986E-01  9.1786E-01  1.7843E+00  3.0680E-01
  5.0200E-01  5.0250E-01  4.2943E-01  9.1890E-01  1.7836E+00  3.0637E-01
  5.0300E-01  5.0350E-01  4.2903E-01  9.1987E-01  1.7829E+00  3.0597E-01
  5.0400E-01  5.0450E-01  4.2866E-01  9.2077E-01  1.7823E+00  3.0560E-01
  5.0500E-01  5.0550E-01  4.2832E-01  9.2162E-01  1.7817E+00  3.0526E-01
  5.0600E-01  5.0650E-01  4.2800E-01  9.2240E-01  1.7812E+00  3.0494E-01
  5.0700E-01  5.0750E-01  4.2771E-01  9.2312E-01  1.7807E+00  3.0465E-01
  5.0800E-01  5.0850E-01  4.2745E-01  9.2378E-01  1.7802E+00  3.0438E-01
  5.0900E-01  5.0950E-01  4.2720E-01  9.2439E-01  1.7798E+00  3.0414E-01
  5.1000E-01  5.1050E-01  4.2698E-01  9.2494E-01  1.7794E+00  3.0392E-01
  5.1100E-01  5.1150E-01  4.2678E-01  9.2545E-01  1.7791E+00  3.0372E-01
  5.1200E-01  5.1250E-01  4.2660E-01  9.2590E-01  1.7788E+00  3.0353E-01
  5.1300E-01  5.1350E-01  4.2644E-01  9.2631E-01  1.7785E+00  3.0337E-01
  5.1400E-01  5.1450E-01  4.2629E-01  9.2668E-01  1.7783E+00  3.0323E-01
  5.1500E-01  5.1550E-01  4.2616E-01  9.2701E-01  1.7781E+00  3.0310E-01
  5.1600E-01  5.1650E-01  4.2605E-01  9.2730E-01  1.7779E+00  3.0298E-01
  5.1700E-01  5.1750E-01  4.2595E-01  9.2756E-01  1.7777E+00  3.0288E-01
  5.1800E-01  5.1850E-01  4.2586E-01  9.2779E-01  1.7775E+00  3.0279E-01
  5.1900E-01  5.1950E-01  4.2578E-01  9.2800E-01  1.7774E+00  3.0271E-01
  5.2000E-01  5.2050E-01  4.2571E-01  9.2817E-01  1.7773E+00  3.0264E-01
  5.2100E-01  5.2150E-01  4.2565E-01  9.2833E-01  1.7772E+00  3.0258E-01
  5.2200E-01  5.2250E-01  4.2560E-01  9.2846E-01  1.7771E+00  3.0253E-01
  5.2300E-01  5.2350E-01  4.2555E-01  9.2858E-01  1.7770E+00  3.0249E-01
  5.2400E-01  5.2450E-01  4.2551E-01  9.2868E-01  1.7770E+00  3.0245E-01
  5.2500E-01  5.2550E-01  4.2548E-01  9.2876E-01  1.7769E+00  3.0241E-01
  5.2600E-01  5.2650E-01  4.2545E-01  9.2883E-01  1.7769E+00  3.0239E-01
  5.2700E-01  5.2750E-01  4.2543E-01  9.2890E-01  1.7768E+00  3.0236E-01
  5.2800E-01  5.2850E-01  4.2540E-01  9.2895E-01  1.7768E+00  3.0234E-01
  5.2900E-01  5.2950E-01  4.2539E-01  9.2900E-01  1.7768E+00  3.0232E-01
  5.3000E-01  5.3050E-01  4.2537E-01  9.2903E-01  1.7767E+00  3.0231E-01
  5.3100E-01  5.3150E-01  4.2536E-01  9.2907E-01  1.7767E+00  3.0230E-01
  5.3200E-01  5.3250E-01  4.2535E-01  9.2909E-01  1.7767E+00  3.0229E-01
  5.3300E-01  5.3350E-01  4.2534E-01  9.2912E-01  1.7767E+00  3.0228E-01
  5.3400E-01  5.3450E-01  4.2533E-01  9.2914E-01  1.7767E+00  3.0227E-01
  5.3500E-01  5.3550E-01  4.2532E-01  9.2915E-01  1.7767E+00  3.0226E-01
  5.3600E-01  5.3650E-01  4.2532E-01  9.2917E-01  1.7767E+00  3.0226E-01
  5.3700E-01  5.3750E-01  4.2531E-01  9.2918E-01  1.7767E+00  3.0225E-01
  5.3800E-01  5.3850E-01  4.2531E-01  9.2919E-01  1.7767E+00  3.0225E-01
  5.3900E-01  5.3950E-01  4.2530E-01  9.2920E-01  1.7766E+00  3.0224E-01
  5.4000E-01  5.4050E-01  4.2530E-01  9.2921E-01  1.7766E+00  3.0224E-01
  5.4100E-01  5.4150E-01  4.2529E-01  9.2921E-01  1.7766E+00  3.0224E-01
  5.4200E-01  5.4250E-01  4.2529E-01  9.2922E-01  1.7766E+00  3.0223E-01
  5.4300E-01  5.4350E-01  4.2529E-01  9.2923E-01  1.7766E+00  3.0223E-01
  5.4400E-01  5.4450E-01  4.2528E-01  9.2923E-01  1.7766E+00  3.0223E-01
  5.4500E-01  5.4550E-01  4.2528E-01  9.2923E-01  1.7766E+00  3.0223E-01
  5.4600E-01  5.4650E-01  4.2528E-01  9.2924E-01  1.7766E+00  3.0223E-01
  5.4700E-01  5.4750E-01  4.2528E-01  9.2924E-01  1.7766E+00  3.0222E-01
  5.4800E-01  5.4850E-01  4.2527E-01  9.2924E-01  1.7766E+00  3.0222E-01
  5.4900E-01  5.4950E-01  4.2527E-01  9.2925E-01  1.7766E+00  3.0222E-01
  5.5000E-01  5.5050E-01  4.2527E-01  9.2925E-01  1.7766E+00  3.0222E-01
  5.5100E-01  5.5150E-01  4.2527E-01  9.2925E-01  1.7766E+00  3.0222E-01
  5.5200E-01  5.5250E-01  4.2527E-01  9.2926E-01  1.7766E+00  3.0222E-01
  5.5300E-01  5.5350E-01  4.2526E-01  9.2926E-01  1.7766E+00  3.0222E-01
  5.5400E-01  5.5450E-01  4.2526E-01  9.2926E-01  1.7766E+00  3.0221E-01
  5.5500E-01  5.5550E-01  4.2526E-01  9.2926E-01  1.7766E+00  3.0221E-01
  5.5600E-01  5.5650E-01  4.2526E-01  9.2927E-01  1.7766E+00  3.0221E-01
  5.5700E-01  5.5750E-01  4.2526E-01  9.2927E-01  1.7766E+00  3.0221E-01
  5.5800E-01  5.5850E-01  4.2525E-01  9.2927E-01  1.7766E+00  3.0221E-01
  5.5900E-01  5.5950E-01  4.2525E-01  9.2927E-01  1.7766E+00  3.0221E-01
  5.6000E-01  5.6050E-01  4.2525E-01  9.2927E-01  1.7766E+00  3.0221E-01
  5.6100E-01  5.6150E-01  4.2525E-01  9.2927E-01  1.7766E+00  3.0221E-01
  5.6200E-01  5.6250E-01  4.2525E-01  9.2928E-01  1.7767E+00  3.0221E-01
  5.6300E-01  5.6350E-01  4.2524E-01  9.2928E-01  1.7767E+00  3.0220E-01
  5.6400E-01  5.6450E-01  4.2524E-01  9.2928E-01  1.7767E+00  3.0220E-01
  5.6500E-01  5.6550E-01  4.2524E-01  9.2928E-01  1.7767E+00  3.0220E-01
  5.6600E-01  5.6650E-01  4.2524E-01  9.2928E-01  1.7767E+00  3.0220E-01
  5.6700E-01  5.6750E-01  4.2524E-01  9.2928E-01  1.7767E+00  3.0220E-01
  5.6800E-01  5.6850E-01  4.2524E-01  9.2929E-01  1.7767E+00  3.0220E-01
  5.6900E-01  5.6950E-01  4.2523E-01  9.2929E-01  1.7767E+00  3.0220E-01
  5.7000E-01  5.7050E-01  4.2523E-01  9.2929E-01  1.7767E+00  3.0220E-01
  5.7100E-01  5.7150E-01  4.2523E-01  9.2929E-01  1.7767E+00  3.0220E-01
  5.7200E-01  5.7250E-01  4.2523E-01  9.2929E-01  1.7767E+00  3.0220E-01
  5.7300E-01  5.7350E-01  4.2523E-01  9.2929E-01  1.7767E+00  3.0220E-01
  5.7400E-01  5.7450E-01  4.2522E-01  9.2929E-01  1.7767E+00  3.0219E-01
  5.7500E-01  5.7550E-01  4.2522E-01  9.2929E-01  1.7767E+00  3.0219E-01
  5.7600E-01  5.7650E-01  4.2522E-01  9.2930E-01  1.7767E+00  3.0219E-01
  5.7700E-01  5.7750E-01  4.2522E-01  9.2930E-01  1.7767E+00  3.0219E-01
  5.7800E-01  5.7850E-01  4.2522E-01  9.2930E-01  1.7767E+00  3.0219E-01
  5.7900E-01  5.7950E-01  4.2522E-01  9.2930E-01  1.7767E+00  3.0219E-01
  5.8000E-01  5.8050E-01  4.2521E-01  9.2930E-01  1.7767E+00  3.0219E-01
  5.8100E-01  5.8150E-01  4.2521E-01  9.2930E-01  1.7767E+00  3.0219E-01
  5.8200E-01  5.8250E-01  4.2521E-01  9.2930E-01  1.7767E+00  3.0219E-01
  5.8300E-01  5.8350E-01  4.2521E-01  9.2930E-01  1.7767E+00  3.0219E-01
  5.8400E-01  5.8450E-01  4.2521E-01  9.2930E-01  1.7767E+00  3.0219E-01
  5.8500E-01  5.8550E-01  4.2521E-01  9.2930E-01  1.7767E+00  3.0219E-01
  5.8600E-01  5.8650E-01  4.2520E-01  9.2930E-01  1.7767E+00  3.0219E-01
  5.8700E-01  5.8750E-01  4.2520E-01  9.2931E-01  1.7767E+00  3.0218E-01
  5.8800E-01  5.8850E-01  4.2520E-01  9.2931E-01  1.7767E+00  3.0218E-01
  5.8900E-01  5.8950E-01  4.2520E-01  9.2931E-01  1.7767E+00  3.0218E-01
  5.9000E-01  5.9050E-01  4.2520E-01  9.2931E-01  1.7767E+00  3.0218E-01
  5.9100E-01  5.9150E-01  4.2519E-01  9.2931E-01  1.7767E+00  3.0218E-01
  5.9200E-01  5.9250E-01  4.2519E-01  9.2931E-01  1.7767E+00  3.0218E-01
  5.9300E-01  5.9350E-01  4.2519E-01  9.2931E-01  1.7767E+00  3.0218E-01
  5.9400E-01  5.9450E-01  4.2519E-01  9.2931E-01  1.7767E+00  3.0218E-01
  5.9500E-01  5.9550E-01  4.2519E-01  9.2931E-01  1.7767E+00  3.0218E-01
  5.9600E-01  5.9650E-01  4.2518E-01  9.2931E-01  1.7767E+00  3.0218E-01
  5.9700E-01  5.9750E-01  4.2518E-01  9.2931E-01  1.7768E+00  3.0218E-01
  5.9800E-01  5.9850E-01  4.2518E-01  9.2931E-01  1.7768E+00  3.0218E-01
  5.9900E-01  5.9950E-01  4.2518E-01  9.2931E-01  1.7768E+00  3.0218E-01
  6.0000E-01  6.0050E-01  4.2518E-01  9.2931E-01  1.7768E+00  3.0218E-01
  6.0100E-01  6.0150E-01  4.2518E-01  9.2931E-01  1.7768E+00  3.0218E-01
  6.0200E-01  6.0250E-01  4.2517E-01  9.2931E-01  1.7768E+00  3.0217E-01
  6.0300E-01  6.0350E-01  4.2517E-01  9.2931E-01  1.7768E+00  3.0217E-01
  6.0400E-01  6.0450E-01  4.2517E-01  9.2932E-01  1.7768E+00  3.0217E-01
  6.0500E-01  6.0550E-01  4.2517E-01  9.2932E-01  1.7768E+00  3.0217E-01
  6.0600E-01  6.0650E-01  4.2517E-01  9.2932E-01  1.7768E+00  3.0217E-01
  6.0700E-01  6.0750E-01  4.2516E-01  9.2932E-01  1.7768E+00  3.0217E-01
  6.0800E-01  6.0850E-01  4.2516E-01  9.2932E-01  1.7768E+00  3.0217E-01
  6.0900E-01  6.0950E-01  4.2516E-01  9.2932E-01  1.7768E+00  3.0217E-01
  6.1000E-01  6.1050E-01  4.2516E-01  9.2932E-01  1.7768E+00  3.0217E-01
  6.1100E-01  6.1150E-01  4.2515E-01  9.2932E-01  1.7768E+00  3.0217E-01
  6.1200E-01  6.1250E-01  4.2515E-01  9.2932E-01  1.7768E+00  3.0217E-01
  6.1300E-01  6.1350E-01  4.2515E-01  9.2932E-01  1.7768E+00  3.0217E-01
  6.1400E-01  6.1450E-01  4.2515E-01  9.2932E-01  1.7768E+00  3.0217E-01
  6.1500E-01  6.1550E-01  4.2515E-01  9.2932E-01  1.7768E+00  3.0217E-01
  6.1600E-01  6.1650E-01  4.2514E-01  9.2932E-01  1.7769E+00  3.0217E-01
  6.1700E-01  6.1750E-01  4.2514E-01  9.2932E-01  1.7769E+00  3.0217E-01
  6.1800E-01  6.1850E-01  4.2514E-01  9.2932E-01  1.7769E+00  3.0217E-01
  6.1900E-01  6.1950E-01  4.2514E-01  9.2932E-01  1.7769E+00  3.0217E-01
  6.2000E-01  6.2050E-01  4.2513E-01  9.2932E-01  1.7769E+00  3.0216E-01
  6.2100E-01  6.2150E-01  4.2513E-01  9.2932E-01  1.7769E+00  3.0216E-01
  6.2200E-01  6.2250E-01  4.2513E-01  9.2932E-01  1.7769E+00  3.0216E-01
  6.2300E-01  6.2350E-01  4.2513E-01  9.2932E-01  1.7769E+00  3.0216E-01
  6.2400E-01  6.2450E-01  4.2512E-01  9.2932E-01  1.7769E+00  3.0216E-01
  6.2500E-01  6.2550E-01  4.2512E-01  9.2932E-01  1.7769E+00  3.0216E-01
  6.2600E-01  6.2650E-01  4.2512E-01  9.2932E-01  1.7769E+00  3.0216E-01
  6.2700E-01  6.2750E-01  4.2512E-01  9.2932E-01  1.7769E+00  3.0216E-01
  6.2800E-01  6.2850E-01  4.2511E-01  9.2932E-01  1.7769E+00  3.0216E-01
  6.2900E-01  6.2950E-01  4.2511E-01  9.2932E-01  1.7769E+00  3.0216E-01
  6.3000E-01  6.3050E-01  4.2511E-01  9.2932E-01  1.7770E+00  3.0216E-01
  6.3100E-01  6.3150E-01  4.2511E-01  9.2932E-01  1.7770E+00  3.0216E-01
  6.3200E-01  6.3250E-01  4.2510E-01  9.2932E-01  1.7770E+00  3.0216E-01
  6.3300E-01  6.3350E-01  4.2510E-01  9.2932E-01  1.7770E+00  3.0216E-01
  6.3400E-01  6.3450E-01  4.2510E-01  9.2932E-01  1.7770E+00  3.0216E-01
  6.3500E-01  6.3550E-01  4.2509E-01  9.2932E-01  1.7770E+00  3.0216E-01
  6.3600E-01  6.3650E-01  4.2509E-01  9.2932E-01  1.7770E+00  3.0216E-01
  6.3700E-01  6.3750E-01  4.2509E-01  9.2932E-01  1.7770E+00  3.0216E-01
  6.3800E-01  6.3850E-01  4.2509E-01  9.2932E-01  1.7770E+00  3.0216E-01
  6.3900E-01  6.3950E-01  4.2508E-01  9.2932E-01  1.7770E+00  3.0215E-01
  6.4000E-01  6.4050E-01  4.2508E-01  9.2932E-01  1.7770E+00  3.0215E-01
  6.4100E-01  6.4150E-01  4.2508E-01  9.2932E-01  1.7771E+00  3.0215E-01
  6.4200E-01  6.4250E-01  4.2507E-01  9.2932E-01  1.7771E+00  3.0215E-01
  6.4300E-01  6.4350E-01  4.2507E-01  9.2932E-01  1.7771E+00  3.0215E-01
  6.4400E-01  6.4450E-01  4.2507E-01  9.2932E-01  1.7771E+00  3.0215E-01
  6.4500E-01  6.4550E-01  4.2506E-01  9.2932E-01  1.7771E+00  3.0215E-01
  6.4600E-01  6.4650E-01  4.2506E-01  9.2932E-01  1.7771E+00  3.0215E-01
  6.4700E-01  6.4750E-01  4.2505E-01  9.2932E-01  1.7771E+00  3.0215E-01
  6.4800E-01  6.4850E-01  4.2505E-01  9.2932E-01  1.7771E+00  3.0215E-01
  6.4900E-01  6.4950E-01  4.2505E-01  9.2932E-01  1.7772E+00  3.0215E-01
  6.5000E-01  6.5050E-01  4.2504E-01  9.2932E-01  1.7772E+00  3.0215E-01
  6.5100E-01  6.5150E-01  4.2504E-01  9.2932E-01  1.7772E+00  3.0215E-01
  6.5200E-01  6.5250E-01  4.2503E-01  9.2932E-01  1.7772E+00  3.0215E-01
  6.5300E-01  6.5350E-01  4.2503E-01  9.2932E-01  1.7772E+00  3.0215E-01
  6.5400E-01  6.5450E-01  4.2503E-01  9.2932E-01  1.7772E+00  3.0215E-01
  6.5500E-01  6.5550E-01  4.2502E-01  9.2932E-01  1.7772E+00  3.0215E-01
  6.5600E-01  6.5650E-01  4.2502E-01  9.2932E-01  1.7773E+00  3.0215E-01
  6.5700E-01  6.5750E-01  4.2501E-01  9.2932E-01  1.7773E+00  3.0215E-01
  6.5800E-01  6.5850E-01  4.2501E-01  9.2932E-01  1.7773E+00  3.0215E-01
  6.5900E-01  6.5950E-01  4.2500E-01  9.2932E-01  1.7773E+00  3.0215E-01
  6.6000E-01  6.6050E-01  4.2500E-01  9.2932E-01  1.7773E+00  3.0214E-01
  6.6100E-01  6.6150E-01  4.2499E-01  9.2932E-01  1.7774E+00  3.0214E-01
  6.6200E-01  6.6250E-01  4.2499E-01  9.2932E-01  1.7774E+00  3.0214E-01
  6.6300E-01  6.6350E-01  4.2498E-01  9.2932E-01  1.7774E+00  3.0214E-01
  6.6400E-01  6.6450E-01  4.2498E-01  9.2932E-01  1.7774E+00  3.0214E-01
  6.6500E-01  6.6550E-01  4.2497E-01  9.2932E-01  1.7774E+00  3.0214E-01
  6.6600E-01  6.6650E-01  4.2496E-01  9.2932E-01  1.7775E+00  3.0214E-01
  6.6700E-01  6.6750E-01  4.2496E-01  9.2932E-01  1.7775E+00  3.0214E-01
  6.6800E-01  6.6850E-01  4.2495E-01  9.2932E-01  1.7775E+00  3.0214E-01
  6.6900E-01  6.6950E-01  4.2494E-01  9.2932E-01  1.7775E+00  3.0214E-01
  6.7000E-01  6.7050E-01  4.2494E-01  9.2932E-01  1.7776E+00  3.0214E-01
  6.7100E-01  6.7150E-01  4.2493E-01  9.2932E-01  1.7776E+00  3.0214E-01
  6.7200E-01  6.7250E-01  4.2492E-01  9.2932E-01  1.7776E+00  3.0214E-01
  6.7300E-01  6.7350E-01  4.2491E-01  9.2931E-01  1.7777E+00  3.0214E-01
  6.7400E-01  6.7450E-01  4.2490E-01  9.2931E-01  1.7777E+00  3.0214E-01
  6.7500E-01  6.7550E-01  4.2489E-01  9.2931E-01  1.7777E+00  3.0214E-01
  6.7600E-01  6.7650E-01  4.2488E-01  9.2931E-01  1.7778E+00  3.0214E-01
  6.7700E-01  6.7750E-01  4.2487E-01  9.2931E-01  1.7778E+00  3.0214E-01
  6.7800E-01  6.7850E-01  4.2486E-01  9.2931E-01  1.7779E+00  3.0214E-01
  6.7900E-01  6.7950E-01  4.2485E-01  9.2931E-01  1.7779E+00  3.0214E-01
  6.8000E-01  6.8050E-01  4.2483E-01  9.2931E-01  1.7780E+00  3.0214E-01
  6.8100E-01  6.8150E-01  4.2481E-01  9.2931E-01  1.7780E+00  3.0213E-01
  6.8200E-01  6.8250E-01  4.2479E-01  9.2931E-01  1.7781E+00  3.0213E-01
  6.8300E-01  6.8350E-01  4.2477E-01  9.2931E-01  1.7782E+00  3.0213E-01
  6.8400E-01  6.8450E-01  4.2474E-01  9.2931E-01  1.7783E+00  3.0213E-01
  6.8500E-01  6.8550E-01  4.2471E-01  9.2931E-01  1.7785E+00  3.0213E-01
  6.8600E-01  6.8650E-01  4.2467E-01  9.2931E-01  1.7786E+00  3.0213E-01
  6.8700E-01  6.8750E-01  4.2462E-01  9.2931E-01  1.7788E+00  3.0213E-01
  6.8800E-01  6.8850E-01  4.2457E-01  9.2931E-01  1.7791E+00  3.0213E-01
  6.8900E-01  6.8950E-01  4.2450E-01  9.2931E-01  1.7794E+00  3.0213E-01
  6.9000E-01  6.9050E-01  4.2441E-01  9.2931E-01  1.7797E+00  3.0213E-01
  6.9100E-01  6.9150E-01  4.2431E-01  9.2931E-01  1.7801E+00  3.0213E-01
  6.9200E-01  6.9250E-01  4.2419E-01  9.2931E-01  1.7806E+00  3.0213E-01
  6.9300E-01  6.9350E-01  4.2404E-01  9.2931E-01  1.7812E+00  3.0213E-01
  6.9400E-01  6.9450E-01  4.2387E-01  9.2931E-01  1.7820E+00  3.0213E-01
  6.9500E-01  6.9550E-01  4.2365E-01  9.2931E-01  1.7829E+00  3.0213E-01
  6.9600E-01  6.9650E-01  4.2340E-01  9.2930E-01  1.7839E+00  3.0213E-01
  6.9700E-01  6.9750E-01  4.2310E-01  9.2930E-01  1.7852E+00  3.0213E-01
  6.9800E-01  6.9850E-01  4.2274E-01  9.2930E-01  1.7867E+00  3.0213E-01
  6.9900E-01  6.9950E-01  4.2232E-01  9.2930E-01  1.7885E+00  3.0213E-01
  7.0000E-01  7.0050E-01  4.2182E-01  9.2930E-01  1.7906E+00  3.0213E-01
  7.0100E-01  7.0150E-01  4.2124E-01  9.2930E-01  1.7931E+00  3.0213E-01
  7.0200E-01  7.0250E-01  4.2057E-01  9.2930E-01  1.7959E+00  3.0212E-01
  7.0300E-01  7.0350E-01  4.1979E-01  9.2930E-01  1.7993E+00  3.0212E-01
  7.0400E-01  7.0450E-01  4.1889E-01  9.2930E-01  1.8031E+00  3.0212E-01
  7.0500E-01  7.0550E-01  4.1787E-01  9.2930E-01  1.8075E+00  3.0212E-01
  7.0600E-01  7.0650E-01  4.1671E-01  9.2930E-01  1.8125E+00  3.0212E-01
  7.0700E-01  7.0750E-01  4.1540E-01  9.2930E-01  1.8183E+00  3.0212E-01
  7.0800E-01  7.0850E-01  4.1392E-01  9.2930E-01  1.8248E+00  3.0212E-01
  7.0900E-01  7.0950E-01  4.1227E-01  9.2930E-01  1.8321E+00  3.0212E-01
  7.1000E-01  7.1050E-01  4.1044E-01  9.2930E-01  1.8402E+00  3.0212E-01
  7.1100E-01  7.1150E-01  4.0841E-01  9.2930E-01  1.8494E+00  3.0212E-01
  7.1200E-01  7.1250E-01  4.0619E-01  9.2930E-01  1.8595E+00  3.0212E-01
  7.1300E-01  7.1350E-01  4.0375E-01  9.2929E-01  1.8707E+00  3.0212E-01
  7.1400E-01  7.1450E-01  4.0111E-01  9.2929E-01  1.8830E+00  3.0212E-01
  7.1500E-01  7.1550E-01  3.9826E-01  9.2929E-01  1.8965E+00  3.0212E-01
  7.1600E-01  7.1650E-01  3.9519E-01  9.2929E-01  1.9112E+00  3.0212E-01
  7.1700E-01  7.1750E-01  3.9192E-01  9.2929E-01  1.9272E+00  3.0212E-01
  7.1800E-01  7.1850E-01  3.8844E-01  9.2929E-01  1.9444E+00  3.0212E-01
  7.1900E-01  7.1950E-01  3.8477E-01  9.2929E-01  1.9630E+00  3.0212E-01
  7.2000E-01  7.2050E-01  3.8092E-01  9.2929E-01  1.9828E+00  3.0212E-01
  7.2100E-01  7.2150E-01  3.7690E-01  9.2929E-01  2.0040E+00  3.0212E-01
  7.2200E-01  7.2250E-01  3.7272E-01  9.2929E-01  2.0264E+00  3.0212E-01
  7.2300E-01  7.2350E-01  3.6841E-01  9.2929E-01  2.0501E+00  3.0211E-01
  7.2400E-01  7.2450E-01  3.6399E-01  9.2929E-01  2.0750E+00  3.0211E-01
  7.2500E-01  7.2550E-01  3.5948E-01  9.2929E-01  2.1011E+00  3.0211E-01
  7.2600E-01  7.2650E-01  3.5489E-01  9.2928E-01  2.1282E+00  3.0211E-01
  7.2700E-01  7.2750E-01  3.5027E-01  9.2928E-01  2.1563E+00  3.0211E-01
  7.2800E-01  7.2850E-01  3.4563E-01  9.2928E-01  2.1852E+00  3.0211E-01
  7.2900E-01  7.2950E-01  3.4100E-01  9.2928E-01  2.2149E+00  3.0211E-01
  7.3000E-01  7.3050E-01  3.3640E-01  9.2928E-01  2.2452E+00  3.0211E-01
  7.3100E-01  7.3150E-01  3.3186E-01  9.2928E-01  2.2759E+00  3.0211E-01
  7.3200E-01  7.3250E-01  3.2740E-01  9.2928E-01  2.3069E+00  3.0211E-01
  7.3300E-01  7.3350E-01  3.2305E-01  9.2928E-01  2.3379E+00  3.0211E-01
  7.3400E-01  7.3450E-01  3.1883E-01  9.2928E-01  2.3689E+00  3.0211E-01
  7.3500E-01  7.3550E-01  3.1475E-01  9.2928E-01  2.3996E+00  3.0211E-01
  7.3600E-01  7.3650E-01  3.1083E-01  9.2928E-01  2.4299E+00  3.0211E-01
  7.3700E-01  7.3750E-01  3.0709E-01  9.2928E-01  2.4595E+00  3.0211E-01
  7.3800E-01  7.3850E-01  3.0353E-01  9.2927E-01  2.4883E+00  3.0211E-01
  7.3900E-01  7.3950E-01  3.0017E-01  9.2927E-01  2.5161E+00  3.0211E-01
  7.4000E-01  7.4050E-01  2.9701E-01  9.2927E-01  2.5429E+00  3.0211E-01
  7.4100E-01  7.4150E-01  2.9406E-01  9.2927E-01  2.5684E+00  3.0211E-01
  7.4200E-01  7.4250E-01  2.9132E-01  9.2927E-01  2.5926E+00  3.0211E-01
  7.4300E-01  7.4350E-01  2.8878E-01  9.2927E-01  2.6154E+00  3.0211E-01
  7.4400E-01  7.4450E-01  2.8645E-01  9.2927E-01  2.6367E+00  3.0211E-01
  7.4500E-01  7.4550E-01  2.8431E-01  9.2927E-01  2.6565E+00  3.0211E-01
  7.4600E-01  7.4650E-01  2.8237E-01  9.2927E-01  2.6748E+00  3.0210E-01
  7.4700E-01  7.4750E-01  2.8061E-01  9.2927E-01  2.6915E+00  3.0210E-01
  7.4800E-01  7.4850E-01  2.7902E-01  9.2927E-01  2.7068E+00  3.0210E-01
  7.4900E-01  7.4950E-01  2.7760E-01  9.2926E-01  2.7207E+00  3.0210E-01
  7.5000E-01  7.5050E-01  2.7633E-01  9.2926E-01  2.7331E+00  3.0210E-01
  7.5100E-01  7.5150E-01  2.7521E-01  9.2926E-01  2.7443E+00  3.0210E-01
  7.5200E-01  7.5250E-01  2.7422E-01  9.2926E-01  2.7542E+00  3.0210E-01
  7.5300E-01  7.5350E-01  2.7335E-01  9.2926E-01  2.7629E+00  3.0210E-01
  7.5400E-01  7.5450E-01  2.7259E-01  9.2926E-01  2.7706E+00  3.0210E-01
  7.5500E-01  7.5550E-01  2.7193E-01  9.2926E-01  2.7773E+00  3.0210E-01
  7.5600E-01  7.5650E-01  2.7137E-01  9.2926E-01  2.7832E+00  3.0210E-01
  7.5700E-01  7.5750E-01  2.7088E-01  9.2926E-01  2.7882E+00  3.0210E-01
  7.5800E-01  7.5850E-01  2.7046E-01  9.2926E-01  2.7925E+00  3.0210E-01
  7.5900E-01  7.5950E-01  2.7010E-01  9.2925E-01  2.7962E+00  3.0210E-01
  7.6000E-01  7.6050E-01  2.6980E-01  9.2925E-01  2.7993E+00  3.0210E-01
  7.6100E-01  7.6150E-01  2.6955E-01  9.2925E-01  2.8019E+00  3.0210E-01
  7.6200E-01  7.6250E-01  2.6933E-01  9.2925E-01  2.8041E+00  3.0210E-01
  7.6300E-01  7.6350E-01  2.6916E-01  9.2925E-01  2.8060E+00  3.0210E-01
  7.6400E-01  7.6450E-01  2.6901E-01  9.2925E-01  2.8075E+00  3.0210E-01
  7.6500E-01  7.6550E-01  2.6889E-01  9.2925E-01  2.8088E+00  3.0210E-01
  7.6600E-01  7.6650E-01  2.6879E-01  9.2925E-01  2.8098E+00  3.0210E-01
  7.6700E-01  7.6750E-01  2.6870E-01  9.2925E-01  2.8107E+00  3.0210E-01
  7.6800E-01  7.6850E-01  2.6864E-01  9.2924E-01  2.8114E+00  3.0210E-01
  7.6900E-01  7.6950E-01  2.6858E-01  9.2924E-01  2.8120E+00  3.0210E-01
  7.7000E-01  7.7050E-01  2.6854E-01  9.2924E-01  2.8124E+00  3.0209E-01
  7.7100E-01  7.7150E-01  2.6850E-01  9.2924E-01  2.8128E+00  3.0209E-01
  7.7200E-01  7.7250E-01  2.6847E-01  9.2924E-01  2.8131E+00  3.0209E-01
  7.7300E-01  7.7350E-01  2.6845E-01  9.2924E-01  2.8133E+00  3.0209E-01
  7.7400E-01  7.7450E-01  2.6843E-01  9.2924E-01  2.8135E+00  3.0209E-01
  7.7500E-01  7.7550E-01  2.6842E-01  9.2924E-01  2.8137E+00  3.0209E-01
  7.7600E-01  7.7650E-01  2.6840E-01  9.2924E-01  2.8138E+00  3.0209E-01
  7.7700E-01  7.7750E-01  2.6839E-01  9.2923E-01  2.8139E+00  3.0209E-01
  7.7800E-01  7.7850E-01  2.6839E-01  9.2923E-01  2.8139E+00  3.0209E-01
  7.7900E-01  7.7950E-01  2.6838E-01  9.2923E-01  2.8140E+00  3.0209E-01
  7.8000E-01  7.8050E-01  2.6838E-01  9.2923E-01  2.8141E+00  3.0209E-01
  7.8100E-01  7.8150E-01  2.6837E-01  9.2923E-01  2.8141E+00  3.0209E-01
  7.8200E-01  7.8250E-01  2.6837E-01  9.2923E-01  2.8141E+00  3.0209E-01
  7.8300E-01  7.8350E-01  2.6837E-01  9.2923E-01  2.8141E+00  3.0209E-01
  7.8400E-01  7.8450E-01  2.6836E-01  9.2923E-01  2.8142E+00  3.0209E-01
  7.8500E-01  7.8550E-01  2.6836E-01  9.2922E-01  2.8142E+00  3.0209E-01
  7.8600E-01  7.8650E-01  2.6836E-01  9.2922E-01  2.8142E+00  3.0209E-01
  7.8700E-01  7.8750E-01  2.6836E-01  9.2922E-01  2.8142E+00  3.0209E-01
  7.8800E-01  7.8850E-01  2.6836E-01  9.2922E-01  2.8142E+00  3.0209E-01
  7.8900E-01  7.8950E-01  2.6836E-01  9.2922E-01  2.8142E+00  3.0209E-01
  7.9000E-01  7.9050E-01  2.6835E-01  9.2922E-01  2.8142E+00  3.0209E-01
  7.9100E-01  7.9150E-01  2.6835E-01  9.2922E-01  2.8142E+00  3.0208E-01
  7.9200E-01  7.9250E-01  2.6835E-01  9.2921E-01  2.8143E+00  3.0208E-01
  7.9300E-01  7.9350E-01  2.6835E-01  9.2921E-01  2.8143E+00  3.0208E-01
  7.9400E-01  7.9450E-01  2.6835E-01  9.2921E-01  2.8143E+00  3.0208E-01
  7.9500E-01  7.9550E-01  2.6835E-01  9.2921E-01  2.8143E+00  3.0208E-01
  7.9600E-01  7.9650E-01  2.6835E-01  9.2921E-01  2.8143E+00  3.0208E-01
  7.9700E-01  7.9750E-01  2.6835E-01  9.2921E-01  2.8143E+00  3.0208E-01
  7.9800E-01  7.9850E-01  2.6835E-01  9.2921E-01  2.8143E+00  3.0208E-01
  7.9900E-01  7.9950E-01  2.6835E-01  9.2921E-01  2.8143E+00  3.0208E-01
  8.0000E-01  8.0050E-01  2.6835E-01  9.2920E-01  2.8143E+00  3.0208E-01
  8.0100E-01  8.0150E-01  2.6834E-01  9.2920E-01  2.8143E+00  3.0208E-01
  8.0200E-01  8.0250E-01  2.6834E-01  9.2920E-01  2.8143E+00  3.0208E-01
  8.0300E-01  8.0350E-01  2.6834E-01  9.2920E-01  2.8143E+00  3.0208E-01
  8.0400E-01  8.0450E-01  2.6834E-01  9.2920E-01  2.8143E+00  3.0208E-01
  8.0500E-01  8.0550E-01  2.6834E-01  9.2920E-01  2.8143E+00  3.0208E-01
  8.0600E-01  8.0650E-01  2.6834E-01  9.2919E-01  2.8143E+00  3.0208E-01
  8.0700E-01  8.0750E-01  2.6834E-01  9.2919E-01  2.8143E+00  3.0208E-01
  8.0800E-01  8.0850E-01  2.6834E-01  9.2919E-01  2.8143E+00  3.0208E-01
  8.0900E-01  8.0950E-01  2.6834E-01  9.2919E-01  2.8143E+00  3.0208E-01
  8.1000E-01  8.1050E-01  2.6834E-01  9.2919E-01  2.8143E+00  3.0207E-01
  8.1100E-01  8.1150E-01  2.6834E-01  9.2919E-01  2.8143E+00  3.0207E-01
  8.1200E-01  8.1250E-01  2.6834E-01  9.2919E-01  2.8143E+00  3.0207E-01
  8.1300E-01  8.1350E-01  2.6833E-01  9.2918E-01  2.8143E+00  3.0207E-01
  8.1400E-01  8.1450E-01  2.6833E-01  9.2918E-01  2.8143E+00  3.0207E-01
  8.1500E-01  8.1550E-01  2.6833E-01  9.2918E-01  2.8143E+00  3.0207E-01
  8.1600E-01  8.1650E-01  2.6833E-01  9.2918E-01  2.8143E+00  3.0207E-01
  8.1700E-01  8.1750E-01  2.6833E-01  9.2918E-01  2.8143E+00  3.0207E-01
  8.1800E-01  8.1850E-01  2.6833E-01  9.2918E-01  2.8143E+00  3.0207E-01
  8.1900E-01  8.1950E-01  2.6833E-01  9.2917E-01  2.8143E+00  3.0207E-01
  8.2000E-01  8.2050E-01  2.6833E-01  9.2917E-01  2.8143E+00  3.0207E-01
  8.2100E-01  8.2150E-01  2.6833E-01  9.2917E-01  2.8143E+00  3.0207E-01
  8.2200E-01  8.2250E-01  2.6833E-01  9.2917E-01  2.8143E+00  3.0207E-01
  8.2300E-01  8.2350E-01  2.6833E-01  9.2917E-01  2.8143E+00  3.0207E-01
  8.2400E-01  8.2450E-01  2.6833E-01  9.2916E-01  2.8143E+00  3.0207E-01
  8.2500E-01  8.2550E-01  2.6833E-01  9.2916E-01  2.8143E+00  3.0207E-01
  8.2600E-01  8.2650E-01  2.6833E-01  9.2916E-01  2.8143E+00  3.0206E-01
  8.2700E-01  8.2750E-01  2.6832E-01  9.2916E-01  2.8143E+00  3.0206E-01
  8.2800E-01  8.2850E-01  2.6832E-01  9.2916E-01  2.8144E+00  3.0206E-01
  8.2900E-01  8.2950E-01  2.6832E-01  9.2916E-01  2.8144E+00  3.0206E-01
  8.3000E-01  8.3050E-01  2.6832E-01  9.2915E-01  2.8144E+00  3.0206E-01
  8.3100E-01  8.3150E-01  2.6832E-01  9.2915E-01  2.8144E+00  3.0206E-01
  8.3200E-01  8.3250E-01  2.6832E-01  9.2915E-01  2.8144E+00  3.0206E-01
  8.3300E-01  8.3350E-01  2.6832E-01  9.2915E-01  2.8144E+00  3.0206E-01
  8.3400E-01  8.3450E-01  2.6832E-01  9.2915E-01  2.8144E+00  3.0206E-01
  8.3500E-01  8.3550E-01  2.6832E-01  9.2914E-01  2.8144E+00  3.0206E-01
  8.3600E-01  8.3650E-01  2.6832E-01  9.2914E-01  2.8144E+00  3.0206E-01
  8.3700E-01  8.3750E-01  2.6832E-01  9.2914E-01  2.8144E+00  3.0206E-01
  8.3800E-01  8.3850E-01  2.6832E-01  9.2914E-01  2.8144E+00  3.0206E-01
  8.3900E-01  8.3950E-01  2.6832E-01  9.2914E-01  2.8144E+00  3.0206E-01
  8.4000E-01  8.4050E-01  2.6832E-01  9.2913E-01  2.8144E+00  3.0205E-01
  8.4100E-01  8.4150E-01  2.6832E-01  9.2913E-01  2.8144E+00  3.0205E-01
  8.4200E-01  8.4250E-01  2.6831E-01  9.2913E-01  2.8144E+00  3.0205E-01
  8.4300E-01  8.4350E-01  2.6831E-01  9.2913E-01  2.8144E+00  3.0205E-01
  8.4400E-01  8.4450E-01  2.6831E-01  9.2912E-01  2.8144E+00  3.0205E-01
  8.4500E-01  8.4550E-01  2.6831E-01  9.2912E-01  2.8144E+00  3.0205E-01
  8.4600E-01  8.4650E-01  2.6831E-01  9.2912E-01  2.8144E+00  3.0205E-01
  8.4700E-01  8.4750E-01  2.6831E-01  9.2912E-01  2.8144E+00  3.0205E-01
  8.4800E-01  8.4850E-01  2.6831E-01  9.2912E-01  2.8144E+00  3.0205E-01
  8.4900E-01  8.4950E-01  2.6831E-01  9.2911E-01  2.8144E+00  3.0205E-01
  8.5000E-01  8.5050E-01  2.6831E-01  9.2911E-01  2.8144E+00  3.0205E-01
  8.5100E-01  8.5150E-01  2.6831E-01  9.2911E-01  2.8144E+00  3.0205E-01
  8.5200E-01  8.5250E-01  2.6831E-01  9.2911E-01  2.8144E+00  3.0204E-01
  8.5300E-01  8.5350E-01  2.6831E-01  9.2910E-01  2.8144E+00  3.0204E-01
  8.5400E-01  8.5450E-01  2.6831E-01  9.2910E-01  2.8144E+00  3.0204E-01
  8.5500E-01  8.5550E-01  2.6831E-01  9.2910E-01  2.8144E+00  3.0204E-01
  8.5600E-01  8.5650E-01  2.6830E-01  9.2910E-01  2.8144E+00  3.0204E-01
  8.5700E-01  8.5750E-01  2.6830E-01  9.2909E-01  2.8144E+00  3.0204E-01
  8.5800E-01  8.5850E-01  2.6830E-01  9.2909E-01  2.8144E+00  3.0204E-01
  8.5900E-01  8.5950E-01  2.6830E-01  9.2909E-01  2.8144E+00  3.0204E-01
  8.6000E-01  8.6050E-01  2.6830E-01  9.2909E-01  2.8144E+00  3.0204E-01
  8.6100E-01  8.6150E-01  2.6830E-01  9.2908E-01  2.8144E+00  3.0204E-01
  8.6200E-01  8.6250E-01  2.6830E-01  9.2908E-01  2.8144E+00  3.0204E-01
  8.6300E-01  8.6350E-01  2.6830E-01  9.2908E-01  2.8143E+00  3.0204E-01
  8.6400E-01  8.6450E-01  2.6830E-01  9.2908E-01  2.8143E+00  3.0203E-01
  8.6500E-01  8.6550E-01  2.6830E-01  9.2907E-01  2.8143E+00  3.0203E-01
  8.6600E-01  8.6650E-01  2.6830E-01  9.2907E-01  2.8143E+00  3.0203E-01
  8.6700E-01  8.6750E-01  2.6830E-01  9.2907E-01  2.8143E+00  3.0203E-01
  8.6800E-01  8.6850E-01  2.6830E-01  9.2907E-01  2.8143E+00  3.0203E-01
  8.6900E-01  8.6950E-01  2.6830E-01  9.2906E-01  2.8143E+00  3.0203E-01
  8.7000E-01  8.7050E-01  2.6829E-01  9.2906E-01  2.8143E+00  3.0203E-01
  8.7100E-01  8.7150E-01  2.6829E-01  9.2906E-01  2.8143E+00  3.0203E-01
  8.7200E-01  8.7250E-01  2.6829E-01  9.2905E-01  2.8143E+00  3.0203E-01
  8.7300E-01  8.7350E-01  2.6829E-01  9.2905E-01  2.8143E+00  3.0203E-01
  8.7400E-01  8.7450E-01  2.6829E-01  9.2905E-01  2.8143E+00  3.0202E-01
  8.7500E-01  8.7550E-01  2.6829E-01  9.2904E-01  2.8143E+00  3.0202E-01
  8.7600E-01  8.7650E-01  2.6829E-01  9.2904E-01  2.8143E+00  3.0202E-01
  8.7700E-01  8.7750E-01  2.6829E-01  9.2904E-01  2.8143E+00  3.0202E-01
  8.7800E-01  8.7850E-01  2.6829E-01  9.2904E-01  2.8143E+00  3.0202E-01
  8.7900E-01  8.7950E-01  2.6829E-01  9.2903E-01  2.8143E+00  3.0202E-01
  8.8000E-01  8.8050E-01  2.6829E-01  9.2903E-01  2.8143E+00  3.0202E-01
  8.8100E-01  8.8150E-01  2.6829E-01  9.2903E-01  2.8143E+00  3.0202E-01
  8.8200E-01  8.8250E-01  2.6828E-01  9.2902E-01  2.8143E+00  3.0202E-01
  8.8300E-01  8.8350E-01  2.6828E-01  9.2902E-01  2.8143E+00  3.0201E-01
  8.8400E-01  8.8450E-01  2.6828E-01  9.2902E-01  2.8143E+00  3.0201E-01
  8.8500E-01  8.8550E-01  2.6828E-01  9.2901E-01  2.8143E+00  3.0201E-01
  8.8600E-01  8.8650E-01  2.6828E-01  9.2901E-01  2.8143E+00  3.0201E-01
  8.8700E-01  8.8750E-01  2.6828E-01  9.2901E-01  2.8143E+00  3.0201E-01
  8.8800E-01  8.8850E-01  2.6828E-01  9.2900E-01  2.8143E+00  3.0201E-01
  8.8900E-01  8.8950E-01  2.6828E-01  9.2900E-01  2.8143E+00  3.0201E-01
  8.9000E-01  8.9050E-01  2.6828E-01  9.2899E-01  2.8143E+00  3.0201E-01
  8.9100E-01  8.9150E-01  2.6828E-01  9.2899E-01  2.8143E+00  3.0200E-01
  8.9200E-01  8.9250E-01  2.6828E-01  9.2899E-01  2.8143E+00  3.0200E-01
  8.9300E-01  8.9350E-01  2.6827E-01  9.2898E-01  2.8143E+00  3.0200E-01
  8.9400E-01  8.9450E-01  2.6827E-01  9.2898E-01  2.8143E+00  3.0200E-01
  8.9500E-01  8.9550E-01  2.6827E-01  9.2898E-01  2.8143E+00  3.0200E-01
  8.9600E-01  8.9650E-01  2.6827E-01  9.2897E-01  2.8143E+00  3.0200E-01
  8.9700E-01  8.9750E-01  2.6827E-01  9.2897E-01  2.8143E+00  3.0200E-01
  8.9800E-01  8.9850E-01  2.6827E-01  9.2896E-01  2.8143E+00  3.0199E-01
  8.9900E-01  8.9950E-01  2.6827E-01  9.2896E-01  2.8143E+00  3.0199E-01
  9.0000E-01  9.0050E-01  2.6827E-01  9.2895E-01  2.8143E+00  3.0199E-01
  9.0100E-01  9.0150E-01  2.6827E-01  9.2895E-01  2.8143E+00  3.0199E-01
  9.0200E-01  9.0250E-01  2.6827E-01  9.2895E-01  2.8143E+00  3.0199E-01
  9.0300E-01  9.0350E-01  2.6826E-01  9.2894E-01  2.8143E+00  3.0199E-01
  9.0400E-01  9.0450E-01  2.6826E-01  9.2894E-01  2.8143E+00  3.0199E-01
  9.0500E-01  9.0550E-01  2.6826E-01  9.2893E-01  2.8143E+00  3.0198E-01
  9.0600E-01  9.0650E-01  2.6826E-01  9.2893E-01  2.8143E+00  3.0198E-01
  9.0700E-01  9.0750E-01  2.6826E-01  9.2892E-01  2.8143E+00  3.0198E-01
  9.0800E-01  9.0850E-01  2.6826E-01  9.2892E-01  2.8143E+00  3.0198E-01
  9.0900E-01  9.0950E-01  2.6826E-01  9.2891E-01  2.8143E+00  3.0198E-01
  9.1000E-01  9.1050E-01  2.6826E-01  9.2891E-01  2.8142E+00  3.0198E-01
  9.1100E-01  9.1150E-01  2.6826E-01  9.2890E-01  2.8142E+00  3.0197E-01
  9.1200E-01  9.1250E-01  2.6825E-01  9.2890E-01  2.8142E+00  3.0197E-01
  9.1300E-01  9.1350E-01  2.6825E-01  9.2889E-01  2.8142E+00  3.0197E-01
  9.1400E-01  9.1450E-01  2.6825E-01  9.2889E-01  2.8142E+00  3.0197E-01
  9.1500E-01  9.1550E-01  2.6825E-01  9.2888E-01  2.8142E+00  3.0197E-01
  9.1600E-01  9.1650E-01  2.6825E-01  9.2888E-01  2.8142E+00  3.0197E-01
  9.1700E-01  9.1750E-01  2.6825E-01  9.2887E-01  2.8142E+00  3.0196E-01
  9.1800E-01  9.1850E-01  2.6825E-01  9.2887E-01  2.8142E+00  3.0196E-01
  9.1900E-01  9.1950E-01  2.6825E-01  9.2887E-01  2.8142E+00  3.0196E-01
  9.2000E-01  9.2050E-01  2.6824E-01  9.2887E-01  2.8142E+00  3.0195E-01
  9.2100E-01  9.2150E-01  2.6821E-01  9.2879E-01  2.8141E+00  3.0190E-01
  9.2200E-01  9.2250E-01  2.6827E-01  9.2875E-01  2.8143E+00  3.0220E-01
  9.2300E-01  9.2350E-01  2.6873E-01  9.2998E-01  2.8158E+00  3.0273E-01
  9.2400E-01  9.2450E-01  2.6730E-01  9.2967E-01  2.8115E+00  2.9611E-01
  9.2500E-01  9.2550E-01  2.5462E-01  9.0232E-01  2.7667E+00  2.6665E-01
  9.2600E-01  9.2650E-01  2.2431E-01  8.0814E-01  2.6375E+00  2.1433E-01
  9.2700E-01  9.2750E-01  1.8644E-01  6.3525E-01  2.4291E+00  1.6158E-01
  9.2800E-01  9.2850E-01  1.5500E-01  4.1022E-01  2.2145E+00  1.2498E-01
  9.2900E-01  9.2950E-01  1.3488E-01  1.8636E-01  2.0675E+00  1.0589E-01
  9.3000E-01  9.3050E-01  1.2634E-01  3.5658E-02  2.0088E+00  1.0048E-01
  9.3100E-01  9.3150E-01  1.2505E-01  1.6296E-03  2.0004E+00  1.0001E-01
  9.3200E-01  9.3250E-01  1.2500E-01  3.1839E-05  2.0000E+00  1.0000E-01
  9.3300E-01  9.3350E-01  1.2500E-01  5.6992E-07  2.0000E+00  1.0000E-01
  9.3400E-01  9.3450E-01  1.2500E-01  1.0202E-08  2.0000E+00  1.0000E-01
  9.3500E-01  9.3550E-01  1.2500E-01  1.8262E-10  2.0000E+00  1.0000E-01
  9.3600E-01  9.3650E-01  1.2500E-01  3.2696E-12  2.0000E+00  1.0000E-01
  9.3700E-01  9.3750E-01  1.2500E-01  5.8800E-14  2.0000E+00  1.0000E-01
  9.3800E-01  9.3850E-01  1.2500E-01  9.3937E-16  2.0000E+00  1.0000E-01
  9.3900E-01  9.3950E-01  1.2500E-01  7.1914E-31  2.0000E+00  1.0000E-01
  9.4000E-01  9.4050E-01  1.2500E-01  4.3831E-62  2.0000E+00  1.0000E-01
  9.4100E-01  9.4150E-01  1.2500E-01  2.0152E-129  2.0000E+00  1.0000E-01
  9.4200E-01  9.4250E-01  1.2500E-01  2.0640E-261  2.0000E+00  1.0000E-01
  9.4300E-01  9.4350E-01  1.2500E-01  0.0000E+00  2.0000E+00  1.0000E-01
  9.4400E-01  9.4450E-01  1.2500E-01  0.0000E+00  2.0000E+00  1.0000E-01
  9.4500E-01  9.4550E-01  1.2500E-01  0.0000E+00  2.0000E+00  1.0000E-01
  9.4600E-01  9.4650E-01  1.2500E-01  0.0000E+00  2.0000E+00  1.0000E-01
  9.4700E-01  9.4750E-01  1.2500E-01  0.0000E+00  2.0000E+00  1.0000E-01
  9.4800E-01  9.4850E-01  1.2500E-01  0.0000E+00  2.0000E+00  1.0000E-01
  9.4900E-01  9.4950E-01  1.2500E-01  0.0000E+00  2.0000E+00  1.0000E-01
  9.5000E-01  9.5050E-01  1.2500E-01  0.0000E+00  2.0000E+00  1.0000E-01
  9.5100E-01  9.5150E-01  1.2500E-01  0.0000E+00  2.0000E+00  1.0000E-01
  9.5200E-01  9.5250E-01  1.2500E-01  0.0000E+00  2.0000E+00  1.0000E-01
  9.5300E-01  9.5350E-01  1.2500E-01  0.0000E+00  2.0000E+00  1.0000E-01
  9.5400E-01  9.5450E-01  1.2500E-01  0.0000E+00  2.0000E+00  1.0000E-01
  9.5500E-01  9.5550E-01  1.2500E-01  0.0000E+00  2.0000E+00  1.0000E-01
  9.5600E-01  9.5650E-01  1.2500E-01  0.0000E+00  2.0000E+00  1.0000E-01
  9.5700E-01  9.5750E-01  1.2500E-01  0.0000E+00  2.0000E+00  1.0000E-01
  9.5800E-01  9.5850E-01  1.2500E-01  0.0000E+00  2.0000E+00  1.0000E-01
  9.5900E-01  9.5950E-01  1.2500E-01  0.0000E+00  2.0000E+00  1.0000E-01
  9.6000E-01  9.6050E-01  1.2500E-01  0.0000E+00  2.0000E+00  1.0000E-01
  9.6100E-01  9.6150E-01  1.2500E-01  0.0000E+00  2.0000E+00  1.0000E-01
  9.6200E-01  9.6250E-01  1.2500E-01  0.0000E+00  2.0000E+00  1.0000E-01
  9.6300E-01  9.6350E-01  1.2500E-01  0.0000E+00  2.0000E+00  1.0000E-01
  9.6400E-01  9.6450E-01  1.2500E-01  0.0000E+00  2.0000E+00  1.0000E-01
  9.6500E-01  9.6550E-01  1.2500E-01  0.0000E+00  2.0000E+00  1.0000E-01
  9.6600E-01  9.6650E-01  1.2500E-01  0.0000E+00  2.0000E+00  1.0000E-01
  9.6700E-01  9.6750E-01  1.2500E-01  0.0000E+00  2.0000E+00  1.0000E-01
  9.6800E-01  9.6850E-01  1.2500E-01  0.0000E+00  2.0000E+00  1.0000E-01
  9.6900E-01  9.6950E-01  1.2500E-01  0.0000E+00  2.0000E+00  1.0000E-01
  9.7000E-01  9.7050E-01  1.2500E-01  0.0000E+00  2.0000E+00  1.0000E-01
  9.7100E-01  9.7150E-01  1.2500E-01  0.0000E+00  2.0000E+00  1.0000E-01
  9.7200E-01  9.7250E-01  1.2500E-01  0.0000E+00  2.0000E+00  1.0000E-01
  9.7300E-01  9.7350E-01  1.2500E-01  0.0000E+00  2.0000E+00  1.0000E-01
  9.7400E-01  9.7450E-01  1.2500E-01  0.0000E+00  2.0000E+00  1.0000E-01
  9.7500E-01  9.7550E-01  1.2500E-01  0.0000E+00  2.0000E+00  1.0000E-01
  9.7600E-01  9.7650E-01  1.2500E-01  0.0000E+00  2.0000E+00  1.0000E-01
  9.7700E-01  9.7750E-01  1.2500E-01  0.0000E+00  2.0000E+00  1.0000E-01
  9.7800E-01  9.7850E-01  1.2500E-01  0.0000E+00  2.0000E+00  1.0000E-01
  9.7900E-01  9.7950E-01  1.2500E-01  0.0000E+00  2.0000E+00  1.0000E-01
  9.8000E-01  9.8050E-01  1.2500E-01  0.0000E+00  2.0000E+00  1.0000E-01
  9.8100E-01  9.8150E-01  1.2500E-01  0.0000E+00  2.0000E+00  1.0000E-01
  9.8200E-01  9.8250E-01  1.2500E-01  0.0000E+00  2.0000E+00  1.0000E-01
  9.8300E-01  9.8350E-01  1.2500E-01  0.0000E+00  2.0000E+00  1.0000E-01
  9.8400E-01  9.8450E-01  1.2500E-01  0.0000E+00  2.0000E+00  1.0000E-01
  9.8500E-01  9.8550E-01  1.2500E-01  0.0000E+00  2.0000E+00  1.0000E-01
  9.8600E-01  9.8650E-01  1.2500E-01  0.0000E+00  2.0000E+00  1.0000E-01
  9.8700E-01  9.8750E-01  1.2500E-01  0.0000E+00  2.0000E+00  1.0000E-01
  9.8800E-01  9.8850E-01  1.2500E-01  0.0000E+00  2.0000E+00  1.0000E-01
  9.8900E-01  9.8950E-01  1.2500E-01  0.0000E+00  2.0000E+00  1.0000E-01
  9.9000E-01  9.9050E-01  1.2500E-01  0.0000E+00  2.0000E+00  1.0000E-01
  9.9100E-01  9.9150E-01  1.2500E-01  0.0000E+00  2.0000E+00  1.0000E-01
  9.9200E-01  9.9250E-01  1.2500E-01  0.0000E+00  2.0000E+00  1.0000E-01
  9.9300E-01  9.9350E-01  1.2500E-01  0.0000E+00  2.0000E+00  1.0000E-01
  9.9400E-01  9.9450E-01  1.2500E-01  0.0000E+00  2.0000E+00  1.0000E-01
  9.9500E-01  9.9550E-01  1.2500E-01  0.0000E+00  2.0000E+00  1.0000E-01
  9.9600E-01  9.9650E-01  1.2500E-01  0.0000E+00  2.0000E+00  1.0000E-01
  9.9700E-01  9.9750E-01  1.2500E-01  0.0000E+00  2.0000E+00  1.0000E-01
  9.9800E-01  9.9850E-01  1.2500E-01  0.0000E+00  2.0000E+00  1.0000E-01
  9.9900E-01  9.9950E-01  1.2500E-01  0.0000E+00  2.0000E+00  1.0000E-01
  1.0000E+00  1.0005E+00  1.2500E-01  0.0000E+00  2.0000E+00  1.0000E-01
