    0.0000000000E+00    0.1000000000E-01    0.1000000000E+01    0.0000000000E+00    0.2500000149E+01    0.1000000000E+01
    0.2000000000E-01    0.3000000000E-01    0.1000000000E+01    0.0000000000E+00    0.2500000149E+01    0.1000000000E+01
    0.4000000000E-01    0.5000000000E-01    0.1000000000E+01    0.1646983056E-13    0.2500000149E+01    0.1000000000E+01
    0.6000000000E-01    0.7000000000E-01    0.1000000000E+01    0.1315617826E-12    0.2500000149E+01    0.1000000000E+01
    0.8000000000E-01    0.9000000000E-01    0.1000000000E+01    0.1064246014E-11    0.2500000149E+01    0.1000000000E+01
    0.1000000000E+00    0.1100000000E+00    0.1000000000E+01    0.8439070511E-11    0.2500000149E+01    0.1000000000E+01
    0.1200000000E+00    0.1300000000E+00    0.9999999998E+00    0.6450877824E-10    0.2500000149E+01    0.9999999998E+00
    0.1400000000E+00    0.1500000000E+00    0.9999999984E+00    0.4702969147E-09    0.2500000147E+01    0.9999999989E+00
    0.1600000000E+00    0.1700000000E+00    0.9999999893E+00    0.3244065795E-08    0.2500000138E+01    0.9999999925E+00
    0.1800000000E+00    0.1900000000E+00    0.9999999345E+00    0.2103786123E-07    0.2500000083E+01    0.9999999522E+00
    0.2000000000E+00    0.2100000000E+00    0.9999996250E+00    0.1275502897E-06    0.2499999774E+01    0.9999997169E+00
    0.2200000000E+00    0.2300000000E+00    0.9999980089E+00    0.7191637006E-06    0.2499998158E+01    0.9999984425E+00
    0.2400000000E+00    0.2500000000E+00    0.9999902441E+00    0.3750625292E-05    0.2499990393E+01    0.9999920868E+00
    0.2600000000E+00    0.2700000000E+00    0.9999561725E+00    0.1798844212E-04    0.2499956321E+01    0.9999630912E+00
    0.2800000000E+00    0.2900000000E+00    0.9998208099E+00    0.7882175661E-04    0.2499820955E+01    0.9998430674E+00
    0.3000000000E+00    0.3100000000E+00    0.9993391873E+00    0.3130956843E-03    0.2499339274E+01    0.9993968115E+00
    0.3200000000E+00    0.3300000000E+00    0.9978264383E+00    0.1116642746E-02    0.2497825865E+01    0.9979261700E+00
    0.3400000000E+00    0.3500000000E+00    0.9937119479E+00    0.3532824747E-02    0.2493705619E+01    0.9937071637E+00
    0.3600000000E+00    0.3700000000E+00    0.9842572818E+00    0.9770436012E-02    0.2484213609E+01    0.9834202482E+00
    0.3800000000E+00    0.3900000000E+00    0.9663898308E+00    0.2324869521E-01    0.2466172655E+01    0.9627000272E+00
    0.4000000000E+00    0.4100000000E+00    0.9391212122E+00    0.4703041194E-01    0.2438340276E+01    0.9290459421E+00
    0.4200000000E+00    0.4300000000E+00    0.9051729781E+00    0.8094606992E-01    0.2403095143E+01    0.8850290635E+00
    0.4400000000E+00    0.4500000000E+00    0.8688478936E+00    0.1209853800E+00    0.2364528978E+01    0.8367520434E+00
    0.4600000000E+00    0.4700000000E+00    0.8328544173E+00    0.1626877426E+00    0.2325353398E+01    0.7889172667E+00
    0.4800000000E+00    0.4900000000E+00    0.7980698427E+00    0.2038448086E+00    0.2286532839E+01    0.7432629938E+00
    0.5000000000E+00    0.5100000000E+00    0.7646948760E+00    0.2438935560E+00    0.2248344201E+01    0.7001389892E+00
    0.5200000000E+00    0.5300000000E+00    0.7327630532E+00    0.2827594377E+00    0.2210883399E+01    0.6595543254E+00
    0.5400000000E+00    0.5500000000E+00    0.7022455103E+00    0.3204874092E+00    0.2174177764E+01    0.6214139789E+00
    0.5600000000E+00    0.5700000000E+00    0.6730896379E+00    0.3571597082E+00    0.2138225783E+01    0.5855868583E+00
    0.5800000000E+00    0.5900000000E+00    0.6452345194E+00    0.3928650365E+00    0.2103013344E+01    0.5519332002E+00
    0.6000000000E+00    0.6100000000E+00    0.6186176612E+00    0.4276878989E+00    0.2068521177E+01    0.5203153148E+00
    0.6200000000E+00    0.6300000000E+00    0.5931781075E+00    0.4617047431E+00    0.2034728553E+01    0.4906021647E+00
    0.6400000000E+00    0.6500000000E+00    0.5688579316E+00    0.4949829037E+00    0.2001615215E+01    0.4626711619E+00
    0.6600000000E+00    0.6700000000E+00    0.5456029518E+00    0.5275806466E+00    0.1969162478E+01    0.4364087154E+00
    0.6800000000E+00    0.6900000000E+00    0.5233630175E+00    0.5595475895E+00    0.1937353899E+01    0.4117101172E+00
    0.7000000000E+00    0.7100000000E+00    0.5020920105E+00    0.5909250598E+00    0.1906175648E+01    0.3884790717E+00
    0.7200000000E+00    0.7300000000E+00    0.4817477242E+00    0.6217462159E+00    0.1875616755E+01    0.3666271355E+00
    0.7400000000E+00    0.7500000000E+00    0.4622917878E+00    0.6520360013E+00    0.1845669398E+01    0.3460732561E+00
    0.7600000000E+00    0.7700000000E+00    0.4436897071E+00    0.6818110223E+00    0.1816329387E+01    0.3267434369E+00
    0.7800000000E+00    0.7900000000E+00    0.4259109985E+00    0.7110792897E+00    0.1787596836E+01    0.3085704802E+00
    0.8000000000E+00    0.8100000000E+00    0.4089293842E+00    0.7398396602E+00    0.1759476998E+01    0.2914937759E+00
    0.8200000000E+00    0.8300000000E+00    0.3927230580E+00    0.7680808186E+00    0.1731981297E+01    0.2754591592E+00
    0.8400000000E+00    0.8500000000E+00    0.3772750679E+00    0.7957796801E+00    0.1705128625E+01    0.2604188823E+00
    0.8600000000E+00    0.8700000000E+00    0.3625738749E+00    0.8228990990E+00    0.1678947047E+01    0.2463317463E+00
    0.8800000000E+00    0.8900000000E+00    0.3486141504E+00    0.8493847234E+00    0.1653476052E+01    0.2331634335E+00
    0.9000000000E+00    0.9100000000E+00    0.3353978762E+00    0.8751607715E+00    0.1628769544E+01    0.2208870823E+00
    0.9200000000E+00    0.9300000000E+00    0.3229358137E+00    0.9001244319E+00    0.1604899757E+01    0.2094841484E+00
    0.9400000000E+00    0.9500000000E+00    0.3112494082E+00    0.9241385494E+00    0.1581962328E+01    0.1989455989E+00
    0.9600000000E+00    0.9700000000E+00    0.3003731612E+00    0.9470222659E+00    0.1560082702E+01    0.1892734667E+00
    0.9800000000E+00    0.9900000000E+00    0.2903574232E+00    0.9685394449E+00    0.1539423912E+01    0.1804827421E+00
    0.1000000000E+01    0.1010000000E+01    0.2812713663E+00    0.9883851519E+00    0.1520195400E+01    0.1726034495E+00
    0.1020000000E+01    0.1030000000E+01    0.2732055251E+00    0.1006171478E+01    0.1502661711E+01    0.1656825124E+00
    0.1040000000E+01    0.1050000000E+01    0.2662726605E+00    0.1021415953E+01    0.1487148389E+01    0.1597845713E+00
    0.1060000000E+01    0.1070000000E+01    0.2606047945E+00    0.1033539081E+01    0.1474039982E+01    0.1549902682E+00
    0.1080000000E+01    0.1090000000E+01    0.2563433055E+00    0.1041882065E+01    0.1463762053E+01    0.1513897662E+00
    0.1100000000E+01    0.1110000000E+01    0.2536126136E+00    0.1045759881E+01    0.1456727120E+01    0.1490640114E+00
    0.1120000000E+01    0.1130000000E+01    0.2524535144E+00    0.1044579203E+01    0.1453195843E+01    0.1480354300E+00
    0.1140000000E+01    0.1150000000E+01    0.2528199072E+00    0.1038096039E+01    0.1453209982E+01    0.1482642476E+00
    0.1160000000E+01    0.1170000000E+01    0.2545716071E+00    0.1026514265E+01    0.1456562242E+01    0.1496425759E+00
    0.1180000000E+01    0.1190000000E+01    0.2574780321E+00    0.1010481556E+01    0.1462799104E+01    0.1519947014E+00
    0.1200000000E+01    0.1210000000E+01    0.2612401246E+00    0.9910092899E+00    0.1471291425E+01    0.1550922028E+00
    0.1220000000E+01    0.1230000000E+01    0.2655237637E+00    0.9693049347E+00    0.1481379933E+01    0.1586829736E+00
    0.1240000000E+01    0.1250000000E+01    0.2699895828E+00    0.9465660622E+00    0.1492582187E+01    0.1625265722E+00
    0.1260000000E+01    0.1270000000E+01    0.2743014008E+00    0.9238044977E+00    0.1504837694E+01    0.1664243950E+00
    0.1280000000E+01    0.1290000000E+01    0.2781046217E+00    0.9017483427E+00    0.1518757602E+01    0.1702352453E+00
    0.1300000000E+01    0.1310000000E+01    0.2809869145E+00    0.8808309161E+00    0.1535820621E+01    0.1738741010E+00
    0.1320000000E+01    0.1330000000E+01    0.2824558841E+00    0.8612424393E+00    0.1558424201E+01    0.1772991571E+00
    0.1340000000E+01    0.1350000000E+01    0.2819754543E+00    0.8430073563E+00    0.1589696260E+01    0.1804951213E+00
    0.1360000000E+01    0.1370000000E+01    0.2790815184E+00    0.8260568955E+00    0.1633022311E+01    0.1834591534E+00
    0.1380000000E+01    0.1390000000E+01    0.2735515871E+00    0.8102819164E+00    0.1691318536E+01    0.1861923944E+00
    0.1400000000E+01    0.1410000000E+01    0.2655571408E+00    0.7955644766E+00    0.1766138528E+01    0.1886970653E+00
    0.1420000000E+01    0.1430000000E+01    0.2557146376E+00    0.7817933503E+00    0.1856754276E+01    0.1909773830E+00
    0.1440000000E+01    0.1450000000E+01    0.2449887518E+00    0.7688698978E+00    0.1959467535E+01    0.1930419575E+00
    0.1460000000E+01    0.1470000000E+01    0.2344721501E+00    0.7567091010E+00    0.2067576871E+01    0.1949056070E+00
    0.1480000000E+01    0.1490000000E+01    0.2251271534E+00    0.7452385277E+00    0.2172433544E+01    0.1965893917E+00
    0.1500000000E+01    0.1510000000E+01    0.2175888082E+00    0.7343965643E+00    0.2265569550E+01    0.1981187286E+00
    0.1520000000E+01    0.1530000000E+01    0.2120914102E+00    0.7241305952E+00    0.2341073235E+01    0.1995203331E+00
    0.1540000000E+01    0.1550000000E+01    0.2085191251E+00    0.7143954510E+00    0.2396966864E+01    0.2008191371E+00
    0.1560000000E+01    0.1570000000E+01    0.2065328689E+00    0.7051521246E+00    0.2434926136E+01    0.2020361485E+00
    0.1580000000E+01    0.1590000000E+01    0.2057110066E+00    0.6963666092E+00    0.2458792288E+01    0.2031876352E+00
    0.1600000000E+01    0.1610000000E+01    0.2056574028E+00    0.6880088064E+00    0.2472898888E+01    0.2042853932E+00
    0.1620000000E+01    0.1630000000E+01    0.2060589304E+00    0.6800512151E+00    0.2480951793E+01    0.2053374919E+00
    0.1640000000E+01    0.1650000000E+01    0.2066989683E+00    0.6724676274E+00    0.2485610469E+01    0.2063501980E+00
    0.1660000000E+01    0.1670000000E+01    0.2074454849E+00    0.6652380041E+00    0.2488552840E+01    0.2073299632E+00
    0.1680000000E+01    0.1690000000E+01    0.2082213395E+00    0.6583424502E+00    0.2490704889E+01    0.2082652730E+00
    0.1700000000E+01    0.1710000000E+01    0.2089663501E+00    0.6516741718E+00    0.2492438475E+01    0.2091390512E+00
    0.1720000000E+01    0.1730000000E+01    0.2097469810E+00    0.6452723670E+00    0.2494265386E+01    0.2102070849E+00
    0.1740000000E+01    0.1750000000E+01    0.2108335061E+00    0.6403699786E+00    0.2497412313E+01    0.2115134934E+00
    0.1760000000E+01    0.1770000000E+01    0.2108042005E+00    0.6349487212E+00    0.2496469241E+01    0.2091004678E+00
    0.1780000000E+01    0.1790000000E+01    0.2042318525E+00    0.6100040651E+00    0.2468123214E+01    0.1949278529E+00
    0.1800000000E+01    0.1810000000E+01    0.1874959858E+00    0.5385354157E+00    0.2387962167E+01    0.1683342353E+00
    0.1820000000E+01    0.1830000000E+01    0.1653508654E+00    0.4150993088E+00    0.2263738772E+01    0.1392630101E+00
    0.1840000000E+01    0.1850000000E+01    0.1454000289E+00    0.2609222292E+00    0.2136164860E+01    0.1168818295E+00
    0.1860000000E+01    0.1870000000E+01    0.1318466720E+00    0.1141796051E+00    0.2045197747E+01    0.1042967060E+00
    0.1880000000E+01    0.1890000000E+01    0.1260735697E+00    0.2321865901E-01    0.2006984450E+01    0.1004673754E+00
    0.1900000000E+01    0.1910000000E+01    0.1250703401E+00    0.1668853587E-02    0.2000452112E+01    0.1000239089E+00
    0.1920000000E+01    0.1930000000E+01    0.1250028879E+00    0.6818536276E-04    0.2000018637E+01    0.1000009138E+00
    0.1940000000E+01    0.1950000000E+01    0.1250001057E+00    0.2501829438E-05    0.2000000825E+01    0.1000000341E+00
    0.1960000000E+01    0.1970000000E+01    0.1250000037E+00    0.8887670512E-07    0.2000000173E+01    0.1000000026E+00
    0.1980000000E+01    0.1990000000E+01    0.1250000000E+00    0.3172341516E-08    0.2000000149E+01    0.1000000015E+00
    0.2000000000E+01    0.2010000000E+01    0.1250000000E+00    0.3172341516E-08    0.2000000149E+01    0.1000000015E+00
