  2.5000E-02  2.4687E-20
  7.5180E-02  7.9196E-21
  1.2572E-01  4.5696E-21
  1.7663E-01  3.1389E-21
  2.2790E-01  2.3481E-21
  2.7954E-01  1.8480E-21
  3.3155E-01  1.5044E-21
  3.8394E-01  1.2545E-21
  4.3670E-01  1.0653E-21
  4.8985E-01  9.1739E-22
  5.4337E-01  7.9899E-22
  5.9729E-01  7.0235E-22
  6.5159E-01  6.2219E-22
  7.0628E-01  5.5480E-22
  7.6136E-01  4.9751E-22
  8.1685E-01  4.4833E-22
  8.7273E-01  4.0575E-22
  9.2901E-01  3.6862E-22
  9.8570E-01  3.3602E-22
  1.0428E+00  3.0725E-22
  1.1003E+00  2.8171E-22
  1.1582E+00  2.5894E-22
  1.2166E+00  2.3856E-22
  1.2753E+00  2.2024E-22
  1.3345E+00  2.0373E-22
  1.3941E+00  1.8878E-22
  1.4542E+00  1.7523E-22
  1.5146E+00  1.6289E-22
  1.5755E+00  1.5165E-22
  1.6369E+00  1.4136E-22
  1.6987E+00  1.3194E-22
  1.7609E+00  1.2330E-22
  1.8236E+00  1.1535E-22
  1.8867E+00  1.0802E-22
  1.9503E+00  1.0126E-22
  2.0143E+00  9.5015E-23
  2.0788E+00  8.9232E-23
  2.1438E+00  8.3873E-23
  2.2092E+00  7.8899E-23
  2.2751E+00  7.4277E-23
  2.3415E+00  6.9977E-23
  2.4084E+00  6.5973E-23
  2.4757E+00  6.2239E-23
  2.5435E+00  5.8754E-23
  2.6119E+00  5.5499E-23
  2.6807E+00  5.2455E-23
  2.7500E+00  4.9606E-23
  2.8198E+00  4.6937E-23
  2.8901E+00  4.4436E-23
  2.9609E+00  4.2089E-23
  3.0322E+00  3.9885E-23
  3.1040E+00  3.7815E-23
  3.1764E+00  3.5869E-23
  3.2492E+00  3.4037E-23
  3.3226E+00  3.2313E-23
  3.3966E+00  3.0689E-23
  3.4710E+00  2.9158E-23
  3.5460E+00  2.7715E-23
  3.6215E+00  2.6352E-23
  3.6976E+00  2.5066E-23
  3.7742E+00  2.3851E-23
  3.8514E+00  2.2703E-23
  3.9291E+00  2.1617E-23
  4.0074E+00  2.0589E-23
  4.0863E+00  1.9617E-23
  4.1657E+00  1.8697E-23
  4.2457E+00  1.7824E-23
  4.3263E+00  1.6998E-23
  4.4074E+00  1.6214E-23
  4.4891E+00  1.5471E-23
  4.5715E+00  1.4766E-23
  4.6544E+00  1.4097E-23
  4.7379E+00  1.3461E-23
  4.8220E+00  1.2858E-23
  4.9067E+00  1.2284E-23
  4.9921E+00  1.1739E-23
  5.0780E+00  1.1220E-23
  5.1646E+00  1.0727E-23
  5.2517E+00  1.0258E-23
  5.3396E+00  9.8119E-24
  5.4280E+00  9.3868E-24
  5.5171E+00  8.9821E-24
  5.6068E+00  8.5966E-24
  5.6972E+00  8.2293E-24
  5.7882E+00  7.8792E-24
  5.8799E+00  7.5454E-24
  5.9722E+00  7.2271E-24
  6.0652E+00  6.9236E-24
  6.1589E+00  6.6340E-24
  6.2532E+00  6.3576E-24
  6.3482E+00  6.0938E-24
  6.4439E+00  5.8419E-24
  6.5403E+00  5.6014E-24
  6.6374E+00  5.3717E-24
  6.7352E+00  5.1522E-24
  6.8337E+00  4.9424E-24
  6.9329E+00  4.7420E-24
  7.0328E+00  4.5503E-24
  7.1335E+00  4.3671E-24
  7.2348E+00  4.1918E-24
  7.3369E+00  4.0242E-24
  7.4398E+00  3.8638E-24
  7.5433E+00  3.7103E-24
  7.6476E+00  3.5635E-24
  7.7527E+00  3.4228E-24
  7.8585E+00  3.2882E-24
  7.9651E+00  3.1593E-24
  8.0724E+00  3.0358E-24
  8.1806E+00  2.9175E-24
  8.2895E+00  2.8042E-24
  8.3991E+00  2.6956E-24
  8.5096E+00  2.5915E-24
  8.6209E+00  2.4917E-24
  8.7330E+00  2.3961E-24
  8.8458E+00  2.3044E-24
  8.9595E+00  2.2164E-24
  9.0740E+00  2.1320E-24
  9.1894E+00  2.0511E-24
  9.3055E+00  1.9735E-24
  9.4225E+00  1.8990E-24
  9.5404E+00  1.8275E-24
  9.6591E+00  1.7588E-24
  9.7786E+00  1.6930E-24
  9.8990E+00  1.6297E-24
  1.0020E+01  1.5690E-24
  1.0142E+01  1.5107E-24
  1.0265E+01  1.4547E-24
  1.0389E+01  1.4009E-24
  1.0514E+01  1.3492E-24
  1.0640E+01  1.2995E-24
  1.0766E+01  1.2518E-24
  1.0894E+01  1.2059E-24
  1.1022E+01  1.1618E-24
  1.1152E+01  1.1195E-24
  1.1282E+01  1.0787E-24
  1.1413E+01  1.0396E-24
  1.1546E+01  1.0019E-24
  1.1679E+01  9.6569E-25
  1.1813E+01  9.3086E-25
  1.1948E+01  8.9736E-25
  1.2084E+01  8.6513E-25
  1.2221E+01  8.3412E-25
  1.2359E+01  8.0429E-25
  1.2498E+01  7.7558E-25
  1.2638E+01  7.4796E-25
  1.2779E+01  7.2137E-25
  1.2921E+01  6.9577E-25
  1.3064E+01  6.7114E-25
  1.3208E+01  6.4742E-25
  1.3353E+01  6.2458E-25
  1.3499E+01  6.0259E-25
  1.3646E+01  5.8142E-25
  1.3795E+01  5.6102E-25
  1.3944E+01  5.4138E-25
  1.4094E+01  5.2246E-25
  1.4246E+01  5.0424E-25
  1.4398E+01  4.8668E-25
  1.4552E+01  4.6976E-25
  1.4707E+01  4.5346E-25
  1.4863E+01  4.3776E-25
  1.5020E+01  4.2262E-25
  1.5178E+01  4.0803E-25
  1.5337E+01  3.9397E-25
  1.5497E+01  3.8041E-25
  1.5659E+01  3.6734E-25
  1.5822E+01  3.5475E-25
  1.5986E+01  3.4260E-25
  1.6151E+01  3.3089E-25
  1.6317E+01  3.1960E-25
  1.6485E+01  3.0871E-25
  1.6653E+01  2.9820E-25
  1.6823E+01  2.8807E-25
  1.6994E+01  2.7830E-25
  1.7167E+01  2.6887E-25
  1.7340E+01  2.5978E-25
  1.7515E+01  2.5101E-25
  1.7691E+01  2.4255E-25
  1.7869E+01  2.3438E-25
  1.8047E+01  2.2650E-25
  1.8227E+01  2.1889E-25
  1.8408E+01  2.1156E-25
  1.8591E+01  2.0447E-25
  1.8775E+01  1.9764E-25
  1.8960E+01  1.9104E-25
  1.9147E+01  1.8467E-25
  1.9334E+01  1.7852E-25
  1.9524E+01  1.7258E-25
  1.9714E+01  1.6685E-25
  1.9906E+01  1.6132E-25
  2.0099E+01  1.5597E-25
  2.0294E+01  1.5081E-25
  2.0490E+01  1.4583E-25
  2.0688E+01  1.4102E-25
  2.0887E+01  1.3637E-25
  2.1087E+01  1.3188E-25
  2.1289E+01  1.2755E-25
  2.1492E+01  1.2336E-25
  2.1697E+01  1.1931E-25
  2.1903E+01  1.1540E-25
  2.2111E+01  1.1163E-25
  2.2320E+01  1.0798E-25
  2.2531E+01  1.0445E-25
  2.2743E+01  1.0105E-25
  2.2957E+01  9.7757E-26
  2.3172E+01  9.4577E-26
  2.3389E+01  9.1503E-26
  2.3607E+01  8.8533E-26
  2.3827E+01  8.5662E-26
  2.4049E+01  8.2888E-26
  2.4272E+01  8.0206E-26
  2.4497E+01  7.7614E-26
  2.4723E+01  7.5108E-26
  2.4951E+01  7.2685E-26
  2.5181E+01  7.0343E-26
  2.5412E+01  6.8079E-26
  2.5645E+01  6.5890E-26
  2.5880E+01  6.3774E-26
  2.6116E+01  6.1728E-26
  2.6354E+01  5.9749E-26
  2.6594E+01  5.7835E-26
  2.6835E+01  5.5985E-26
  2.7078E+01  5.4196E-26
  2.7323E+01  5.2465E-26
  2.7570E+01  5.0791E-26
  2.7819E+01  4.9173E-26
  2.8069E+01  4.7607E-26
  2.8321E+01  4.6092E-26
  2.8575E+01  4.4627E-26
  2.8831E+01  4.3210E-26
  2.9088E+01  4.1840E-26
  2.9348E+01  4.0513E-26
  2.9609E+01  3.9230E-26
  2.9872E+01  3.7989E-26
  3.0137E+01  3.6788E-26
  3.0404E+01  3.5626E-26
  3.0673E+01  3.4502E-26
  3.0944E+01  3.3414E-26
  3.1217E+01  3.2361E-26
  3.1492E+01  3.1343E-26
  3.1768E+01  3.0357E-26
  3.2047E+01  2.9403E-26
  3.2328E+01  2.8479E-26
  3.2611E+01  2.7586E-26
  3.2895E+01  2.6721E-26
  3.3182E+01  2.5884E-26
  3.3471E+01  2.5074E-26
  3.3762E+01  2.4290E-26
  3.4055E+01  2.3530E-26
  3.4350E+01  2.2796E-26
  3.4648E+01  2.2084E-26
  3.4947E+01  2.1396E-26
  3.5249E+01  2.0729E-26
  3.5553E+01  2.0084E-26
  3.5859E+01  1.9459E-26
  3.6167E+01  1.8854E-26
  3.6477E+01  1.8268E-26
  3.6790E+01  1.7701E-26
  3.7105E+01  1.7152E-26
  3.7422E+01  1.6620E-26
  3.7741E+01  1.6105E-26
  3.8063E+01  1.5607E-26
  3.8387E+01  1.5124E-26
  3.8713E+01  1.4656E-26
  3.9042E+01  1.4204E-26
  3.9373E+01  1.3765E-26
  3.9707E+01  1.3340E-26
  4.0043E+01  1.2929E-26
  4.0381E+01  1.2531E-26
  4.0722E+01  1.2145E-26
  4.1065E+01  1.1771E-26
  4.1411E+01  1.1409E-26
  4.1759E+01  1.1059E-26
  4.2109E+01  1.0719E-26
  4.2463E+01  1.0390E-26
  4.2818E+01  1.0071E-26
  4.3177E+01  9.7626E-27
  4.3538E+01  9.4635E-27
  4.3901E+01  9.1737E-27
  4.4267E+01  8.8930E-27
  4.4636E+01  8.6210E-27
  4.5007E+01  8.3576E-27
  4.5381E+01  8.1023E-27
  4.5758E+01  7.8549E-27
  4.6137E+01  7.6153E-27
  4.6520E+01  7.3831E-27
  4.6905E+01  7.1581E-27
  4.7292E+01  6.9400E-27
  4.7683E+01  6.7288E-27
  4.8076E+01  6.5241E-27
  4.8472E+01  6.3257E-27
  4.8871E+01  6.1334E-27
  4.9273E+01  5.9471E-27
  4.9678E+01  5.7666E-27
  5.0086E+01  5.5916E-27
  5.0496E+01  5.4220E-27
  5.0910E+01  5.2577E-27
  5.1326E+01  5.0984E-27
  5.1746E+01  4.9440E-27
  5.2168E+01  4.7944E-27
  5.2594E+01  4.6494E-27
  5.3023E+01  4.5088E-27
  5.3454E+01  4.3726E-27
  5.3889E+01  4.2405E-27
  5.4327E+01  4.1125E-27
  5.4769E+01  3.9884E-27
  5.5213E+01  3.8681E-27
  5.5660E+01  3.7515E-27
  5.6111E+01  3.6385E-27
  5.6565E+01  3.5289E-27
  5.7022E+01  3.4227E-27
  5.7483E+01  3.3197E-27
  5.7947E+01  3.2199E-27
  5.8414E+01  3.1231E-27
  5.8885E+01  3.0293E-27
  5.9359E+01  2.9383E-27
  5.9836E+01  2.8501E-27
  6.0317E+01  2.7646E-27
  6.0801E+01  2.6816E-27
  6.1289E+01  2.6012E-27
  6.1780E+01  2.5233E-27
  6.2275E+01  2.4477E-27
  6.2773E+01  2.3744E-27
  6.3275E+01  2.3034E-27
  6.3781E+01  2.2345E-27
  6.4290E+01  2.1676E-27
  6.4803E+01  2.1028E-27
  6.5320E+01  2.0400E-27
  6.5840E+01  1.9791E-27
  6.6364E+01  1.9200E-27
  6.6892E+01  1.8627E-27
  6.7423E+01  1.8071E-27
  6.7959E+01  1.7533E-27
  6.8498E+01  1.7010E-27
  6.9041E+01  1.6503E-27
  6.9588E+01  1.6012E-27
  7.0139E+01  1.5535E-27
  7.0694E+01  1.5073E-27
  7.1253E+01  1.4624E-27
  7.1816E+01  1.4189E-27
  7.2384E+01  1.3767E-27
  7.2955E+01  1.3358E-27
  7.3530E+01  1.2961E-27
  7.4109E+01  1.2577E-27
  7.4693E+01  1.2203E-27
  7.5281E+01  1.1841E-27
  7.5873E+01  1.1490E-27
  7.6469E+01  1.1149E-27
  7.7070E+01  1.0819E-27
  7.7675E+01  1.0498E-27
  7.8284E+01  1.0187E-27
  7.8897E+01  9.8854E-28
  7.9516E+01  9.5928E-28
  8.0138E+01  9.3089E-28
  8.0765E+01  9.0335E-28
  8.1397E+01  8.7664E-28
  8.2033E+01  8.5072E-28
  8.2673E+01  8.2558E-28
  8.3318E+01  8.0119E-28
  8.3968E+01  7.7753E-28
  8.4623E+01  7.5457E-28
  8.5282E+01  7.3230E-28
  8.5946E+01  7.1069E-28
  8.6615E+01  6.8973E-28
  8.7289E+01  6.6939E-28
  8.7967E+01  6.4965E-28
  8.8651E+01  6.3051E-28
  8.9339E+01  6.1193E-28
  9.0032E+01  5.9391E-28
  9.0730E+01  5.7642E-28
  9.1434E+01  5.5946E-28
  9.2142E+01  5.4299E-28
  9.2855E+01  5.2702E-28
  9.3574E+01  5.1152E-28
  9.4298E+01  4.9648E-28
  9.5027E+01  4.8189E-28
  9.5761E+01  4.6773E-28
  9.6500E+01  4.5399E-28
  9.7245E+01  4.4065E-28
  9.7995E+01  4.2772E-28
  9.8751E+01  4.1516E-28
  9.9512E+01  4.0298E-28
  1.0028E+02  3.9116E-28
  1.0105E+02  3.7969E-28
  1.0183E+02  3.6855E-28
  1.0261E+02  3.5775E-28
  1.0340E+02  3.4727E-28
  1.0419E+02  3.3709E-28
  1.0499E+02  3.2722E-28
  1.0580E+02  3.1764E-28
  1.0661E+02  3.0834E-28
  1.0743E+02  2.9931E-28
  1.0825E+02  2.9055E-28
  1.0908E+02  2.8205E-28
  1.0992E+02  2.7381E-28
  1.1076E+02  2.6580E-28
  1.1161E+02  2.5803E-28
  1.1246E+02  2.5049E-28
  1.1332E+02  2.4317E-28
  1.1419E+02  2.3607E-28
  1.1506E+02  2.2917E-28
  1.1594E+02  2.2248E-28
  1.1682E+02  2.1599E-28
  1.1771E+02  2.0968E-28
  1.1861E+02  2.0357E-28
  1.1951E+02  1.9763E-28
  1.2042E+02  1.9186E-28
  1.2134E+02  1.8627E-28
  1.2227E+02  1.8084E-28
  1.2320E+02  1.7557E-28
  1.2413E+02  1.7045E-28
  1.2508E+02  1.6549E-28
  1.2603E+02  1.6067E-28
  1.2698E+02  1.5599E-28
  1.2795E+02  1.5145E-28
  1.2892E+02  1.4704E-28
  1.2990E+02  1.4276E-28
  1.3088E+02  1.3861E-28
  1.3188E+02  1.3457E-28
  1.3288E+02  1.3066E-28
  1.3388E+02  1.2686E-28
  1.3490E+02  1.2317E-28
  1.3592E+02  1.1959E-28
  1.3695E+02  1.1612E-28
  1.3798E+02  1.1274E-28
  1.3903E+02  1.0947E-28
  1.4008E+02  1.0629E-28
  1.4113E+02  1.0320E-28
  1.4220E+02  1.0021E-28
  1.4327E+02  9.7298E-29
  1.4436E+02  9.4474E-29
  1.4545E+02  9.1733E-29
  1.4654E+02  8.9071E-29
  1.4765E+02  8.6488E-29
  1.4876E+02  8.3980E-29
  1.4988E+02  8.1545E-29
  1.5101E+02  7.9181E-29
  1.5215E+02  7.6886E-29
  1.5329E+02  7.4658E-29
  1.5445E+02  7.2495E-29
  1.5561E+02  7.0394E-29
  1.5678E+02  6.8356E-29
  1.5796E+02  6.6376E-29
  1.5915E+02  6.4454E-29
  1.6034E+02  6.2588E-29
  1.6155E+02  6.0777E-29
  1.6276E+02  5.9018E-29
  1.6398E+02  5.7310E-29
  1.6521E+02  5.5652E-29
  1.6645E+02  5.4042E-29
  1.6770E+02  5.2479E-29
  1.6896E+02  5.0962E-29
  1.7022E+02  4.9488E-29
  1.7150E+02  4.8058E-29
  1.7278E+02  4.6669E-29
  1.7408E+02  4.5320E-29
  1.7538E+02  4.4011E-29
  1.7669E+02  4.2739E-29
  1.7802E+02  4.1505E-29
  1.7935E+02  4.0306E-29
  1.8069E+02  3.9142E-29
  1.8204E+02  3.8012E-29
  1.8340E+02  3.6915E-29
  1.8477E+02  3.5849E-29
  1.8615E+02  3.4815E-29
  1.8754E+02  3.3810E-29
  1.8894E+02  3.2835E-29
  1.9035E+02  3.1888E-29
  1.9177E+02  3.0968E-29
  1.9320E+02  3.0075E-29
  1.9465E+02  2.9208E-29
  1.9610E+02  2.8366E-29
  1.9756E+02  2.7548E-29
  1.9903E+02  2.6754E-29
  2.0051E+02  2.5983E-29
  2.0201E+02  2.5234E-29
  2.0351E+02  2.4507E-29
  2.0503E+02  2.3801E-29
  2.0655E+02  2.3116E-29
  2.0809E+02  2.2450E-29
  2.0964E+02  2.1804E-29
  2.1120E+02  2.1176E-29
  2.1277E+02  2.0566E-29
  2.1435E+02  1.9974E-29
  2.1595E+02  1.9399E-29
  2.1755E+02  1.8841E-29
  2.1917E+02  1.8299E-29
  2.2079E+02  1.7772E-29
  2.2243E+02  1.7261E-29
  2.2409E+02  1.6765E-29
  2.2575E+02  1.6282E-29
  2.2742E+02  1.5814E-29
  2.2911E+02  1.5360E-29
  2.3081E+02  1.4918E-29
  2.3252E+02  1.4489E-29
  2.3425E+02  1.4073E-29
  2.3598E+02  1.3668E-29
  2.3773E+02  1.3275E-29
  2.3949E+02  1.2894E-29
  2.4127E+02  1.2524E-29
  2.4306E+02  1.2164E-29
  2.4486E+02  1.1814E-29
  2.4667E+02  1.1475E-29
  2.4850E+02  1.1146E-29
  2.5033E+02  1.0826E-29
  2.5219E+02  1.0515E-29
  2.5405E+02  1.0213E-29
  2.5593E+02  9.9197E-30
  2.5782E+02  9.6350E-30
  2.5973E+02  9.3585E-30
  2.6165E+02  9.0899E-30
  2.6358E+02  8.8291E-30
  2.6553E+02  8.5758E-30
  2.6749E+02  8.3298E-30
  2.6947E+02  8.0909E-30
  2.7146E+02  7.8588E-30
  2.7347E+02  7.6334E-30
  2.7548E+02  7.4145E-30
  2.7752E+02  7.2019E-30
  2.7957E+02  6.9955E-30
  2.8163E+02  6.7949E-30
  2.8371E+02  6.6001E-30
  2.8580E+02  6.4110E-30
  2.8791E+02  6.2272E-30
  2.9003E+02  6.0488E-30
  2.9217E+02  5.8755E-30
  2.9432E+02  5.7071E-30
  2.9649E+02  5.5436E-30
  2.9868E+02  5.3848E-30
  3.0088E+02  5.2306E-30
  3.0309E+02  5.0808E-30
  3.0532E+02  4.9353E-30
  3.0757E+02  4.7939E-30
  3.0984E+02  4.6567E-30
  3.1212E+02  4.5234E-30
  3.1442E+02  4.3939E-30
  3.1673E+02  4.2681E-30
  3.1906E+02  4.1459E-30
  3.2141E+02  4.0273E-30
  3.2377E+02  3.9120E-30
  3.2615E+02  3.8001E-30
  3.2855E+02  3.6913E-30
  3.3097E+02  3.5857E-30
  3.3340E+02  3.4831E-30
  3.3585E+02  3.3835E-30
  3.3832E+02  3.2867E-30
  3.4080E+02  3.1927E-30
  3.4331E+02  3.1014E-30
  3.4583E+02  3.0127E-30
  3.4837E+02  2.9265E-30
  3.5093E+02  2.8429E-30
  3.5350E+02  2.7616E-30
  3.5610E+02  2.6826E-30
  3.5871E+02  2.6060E-30
  3.6135E+02  2.5315E-30
  3.6400E+02  2.4591E-30
  3.6667E+02  2.3888E-30
  3.6936E+02  2.3206E-30
  3.7207E+02  2.2542E-30
  3.7480E+02  2.1898E-30
  3.7755E+02  2.1273E-30
  3.8031E+02  2.0665E-30
  3.8310E+02  2.0075E-30
  3.8591E+02  1.9501E-30
  3.8874E+02  1.8944E-30
  3.9159E+02  1.8403E-30
  3.9446E+02  1.7877E-30
  3.9735E+02  1.7367E-30
  4.0026E+02  1.6871E-30
  4.0319E+02  1.6389E-30
  4.0614E+02  1.5921E-30
  4.0912E+02  1.5467E-30
  4.1211E+02  1.5025E-30
  4.1513E+02  1.4596E-30
  4.1817E+02  1.4180E-30
  4.2123E+02  1.3775E-30
  4.2431E+02  1.3382E-30
  4.2742E+02  1.3000E-30
  4.3054E+02  1.2629E-30
  4.3369E+02  1.2269E-30
  4.3687E+02  1.1918E-30
  4.4006E+02  1.1578E-30
  4.4328E+02  1.1248E-30
  4.4652E+02  1.0927E-30
  4.4979E+02  1.0615E-30
  4.5308E+02  1.0313E-30
  4.5639E+02  1.0019E-30
  4.5972E+02  9.7328E-31
  4.6308E+02  9.4552E-31
  4.6647E+02  9.1856E-31
  4.6988E+02  8.9236E-31
  4.7331E+02  8.6692E-31
  4.7677E+02  8.4220E-31
  4.8025E+02  8.1819E-31
  4.8376E+02  7.9486E-31
  4.8729E+02  7.7220E-31
  4.9085E+02  7.5019E-31
  4.9443E+02  7.2880E-31
  4.9804E+02  7.0803E-31
  5.0168E+02  6.8785E-31
  5.0534E+02  6.6824E-31
  5.0903E+02  6.4920E-31
  5.1275E+02  6.3070E-31
  5.1649E+02  6.1273E-31
  5.2026E+02  5.9527E-31
  5.2405E+02  5.7831E-31
  5.2788E+02  5.6183E-31
  5.3173E+02  5.4582E-31
  5.3560E+02  5.3027E-31
  5.3951E+02  5.1517E-31
  5.4345E+02  5.0049E-31
  5.4741E+02  4.8624E-31
  5.5140E+02  4.7239E-31
  5.5542E+02  4.5893E-31
  5.5947E+02  4.4586E-31
  5.6355E+02  4.3316E-31
  5.6765E+02  4.2083E-31
  5.7179E+02  4.0885E-31
  5.7596E+02  3.9720E-31
  5.8016E+02  3.8589E-31
  5.8438E+02  3.7491E-31
  5.8864E+02  3.6423E-31
  5.9293E+02  3.5386E-31
  5.9725E+02  3.4379E-31
  6.0160E+02  3.3400E-31
  6.0598E+02  3.2450E-31
  6.1039E+02  3.1526E-31
  6.1484E+02  3.0629E-31
  6.1931E+02  2.9757E-31
  6.2382E+02  2.8910E-31
  6.2836E+02  2.8087E-31
  6.3294E+02  2.7288E-31
  6.3755E+02  2.6511E-31
  6.4219E+02  2.5757E-31
  6.4686E+02  2.5024E-31
  6.5157E+02  2.4312E-31
  6.5631E+02  2.3620E-31
  6.6108E+02  2.2948E-31
  6.6589E+02  2.2295E-31
  6.7074E+02  2.1661E-31
  6.7562E+02  2.1045E-31
  6.8053E+02  2.0446E-31
  6.8548E+02  1.9865E-31
  6.9047E+02  1.9300E-31
  6.9549E+02  1.8751E-31
  7.0055E+02  1.8217E-31
  7.0564E+02  1.7699E-31
  7.1077E+02  1.7196E-31
  7.1594E+02  1.6707E-31
  7.2114E+02  1.6232E-31
  7.2639E+02  1.5770E-31
  7.3167E+02  1.5322E-31
  7.3698E+02  1.4886E-31
  7.4234E+02  1.4463E-31
  7.4773E+02  1.4052E-31
  7.5317E+02  1.3652E-31
  7.5864E+02  1.3264E-31
  7.6415E+02  1.2887E-31
  7.6970E+02  1.2521E-31
  7.7530E+02  1.2165E-31
  7.8093E+02  1.1819E-31
  7.8660E+02  1.1483E-31
  7.9231E+02  1.1157E-31
  7.9807E+02  1.0839E-31
  8.0387E+02  1.0531E-31
  8.0970E+02  1.0232E-31
  8.1558E+02  9.9412E-32
  8.2151E+02  9.6587E-32
  8.2747E+02  9.3842E-32
  8.3348E+02  9.1175E-32
  8.3953E+02  8.8585E-32
  8.4562E+02  8.6067E-32
  8.5176E+02  8.3622E-32
  8.5795E+02  8.1246E-32
  8.6417E+02  7.8937E-32
  8.7044E+02  7.6695E-32
  8.7676E+02  7.4516E-32
  8.8312E+02  7.2399E-32
  8.8953E+02  7.0342E-32
  8.9599E+02  6.8343E-32
  9.0249E+02  6.6402E-32
  9.0904E+02  6.4516E-32
  9.1563E+02  6.2683E-32
  9.2227E+02  6.0903E-32
  9.2896E+02  5.9173E-32
  9.3570E+02  5.7492E-32
  9.4249E+02  5.5859E-32
  9.4933E+02  5.4273E-32
  9.5621E+02  5.2731E-32
  9.6315E+02  5.1234E-32
  9.7013E+02  4.9779E-32
  9.7717E+02  4.8365E-32
  9.8425E+02  4.6991E-32
  9.9139E+02  4.5657E-32
  9.9858E+02  4.4361E-32
  1.0058E+03  4.3101E-32
  1.0131E+03  4.1877E-32
  1.0205E+03  4.0688E-32
  1.0278E+03  3.9533E-32
  1.0353E+03  3.8410E-32
  1.0428E+03  3.7320E-32
  1.0504E+03  3.6260E-32
  1.0580E+03  3.5231E-32
  1.0656E+03  3.4231E-32
  1.0734E+03  3.3259E-32
  1.0811E+03  3.2315E-32
  1.0890E+03  3.1397E-32
  1.0969E+03  3.0506E-32
  1.1048E+03  2.9640E-32
  1.1128E+03  2.8799E-32
  1.1209E+03  2.7981E-32
  1.1290E+03  2.7187E-32
  1.1372E+03  2.6415E-32
  1.1454E+03  2.5666E-32
  1.1537E+03  2.4937E-32
  1.1621E+03  2.4230E-32
  1.1705E+03  2.3542E-32
  1.1790E+03  2.2874E-32
  1.1875E+03  2.2225E-32
  1.1961E+03  2.1594E-32
  1.2048E+03  2.0981E-32
  1.2135E+03  2.0386E-32
  1.2223E+03  1.9807E-32
  1.2311E+03  1.9245E-32
  1.2400E+03  1.8699E-32
  1.2490E+03  1.8169E-32
  1.2581E+03  1.7653E-32
  1.2672E+03  1.7152E-32
  1.2763E+03  1.6665E-32
  1.2856E+03  1.6193E-32
  1.2949E+03  1.5733E-32
  1.3043E+03  1.5287E-32
  1.3137E+03  1.4853E-32
  1.3232E+03  1.4432E-32
  1.3328E+03  1.4022E-32
  1.3424E+03  1.3625E-32
  1.3522E+03  1.3238E-32
  1.3619E+03  1.2863E-32
  1.3718E+03  1.2498E-32
  1.3817E+03  1.2143E-32
  1.3917E+03  1.1799E-32
  1.4018E+03  1.1464E-32
  1.4119E+03  1.1139E-32
  1.4222E+03  1.0823E-32
  1.4324E+03  1.0516E-32
  1.4428E+03  1.0218E-32
  1.4532E+03  9.9278E-33
  1.4638E+03  9.6463E-33
  1.4743E+03  9.3727E-33
  1.4850E+03  9.1069E-33
  1.4958E+03  8.8486E-33
  1.5066E+03  8.5976E-33
  1.5175E+03  8.3538E-33
  1.5284E+03  8.1169E-33
  1.5395E+03  7.8867E-33
  1.5506E+03  7.6631E-33
  1.5618E+03  7.4458E-33
  1.5731E+03  7.2346E-33
  1.5845E+03  7.0295E-33
  1.5960E+03  6.8301E-33
  1.6075E+03  6.6365E-33
  1.6191E+03  6.4483E-33
  1.6309E+03  6.2654E-33
  1.6426E+03  6.0878E-33
  1.6545E+03  5.9152E-33
  1.6665E+03  5.7475E-33
  1.6785E+03  5.5845E-33
  1.6907E+03  5.4262E-33
  1.7029E+03  5.2723E-33
  1.7152E+03  5.1229E-33
  1.7276E+03  4.9776E-33
  1.7401E+03  4.8365E-33
  1.7527E+03  4.6994E-33
  1.7653E+03  4.5662E-33
  1.7781E+03  4.4367E-33
  1.7909E+03  4.3109E-33
  1.8039E+03  4.1887E-33
  1.8169E+03  4.0700E-33
  1.8301E+03  3.9546E-33
  1.8433E+03  3.8425E-33
  1.8566E+03  3.7336E-33
  1.8700E+03  3.6277E-33
  1.8835E+03  3.5249E-33
  1.8972E+03  3.4250E-33
  1.9109E+03  3.3279E-33
  1.9247E+03  3.2336E-33
  1.9386E+03  3.1419E-33
  1.9526E+03  3.0529E-33
  1.9667E+03  2.9664E-33
  1.9809E+03  2.8823E-33
  1.9952E+03  2.8006E-33
  2.0096E+03  2.7212E-33
  2.0242E+03  2.6441E-33
  2.0388E+03  2.5691E-33
  2.0535E+03  2.4963E-33
  2.0683E+03  2.4256E-33
  2.0833E+03  2.3568E-33
  2.0983E+03  2.2901E-33
  2.1135E+03  2.2252E-33
  2.1288E+03  2.1621E-33
  2.1441E+03  2.1008E-33
  2.1596E+03  2.0413E-33
  2.1752E+03  1.9834E-33
  2.1909E+03  1.9272E-33
  2.2068E+03  1.8726E-33
  2.2227E+03  1.8196E-33
  2.2388E+03  1.7680E-33
  2.2549E+03  1.7179E-33
  2.2712E+03  1.6692E-33
  2.2876E+03  1.6219E-33
  2.3041E+03  1.5760E-33
  2.3208E+03  1.5313E-33
  2.3375E+03  1.4879E-33
  2.3544E+03  1.4458E-33
  2.3714E+03  1.4048E-33
  2.3885E+03  1.3650E-33
  2.4058E+03  1.3263E-33
  2.4232E+03  1.2887E-33
  2.4407E+03  1.2522E-33
  2.4583E+03  1.2167E-33
  2.4760E+03  1.1823E-33
  2.4939E+03  1.1488E-33
  2.5119E+03  1.1162E-33
  2.5300E+03  1.0846E-33
  2.5483E+03  1.0539E-33
  2.5667E+03  1.0240E-33
  2.5852E+03  9.9501E-34
  2.6039E+03  9.6682E-34
  2.6227E+03  9.3943E-34
  2.6416E+03  9.1281E-34
  2.6607E+03  8.8695E-34
  2.6799E+03  8.6183E-34
  2.6993E+03  8.3741E-34
  2.7187E+03  8.1369E-34
  2.7384E+03  7.9064E-34
  2.7581E+03  7.6824E-34
  2.7780E+03  7.4648E-34
  2.7981E+03  7.2534E-34
  2.8183E+03  7.0479E-34
  2.8386E+03  6.8482E-34
  2.8591E+03  6.6543E-34
  2.8798E+03  6.4658E-34
  2.9005E+03  6.2826E-34
  2.9215E+03  6.1047E-34
  2.9426E+03  5.9317E-34
  2.9638E+03  5.7637E-34
  2.9852E+03  5.6005E-34
  3.0067E+03  5.4418E-34
  3.0284E+03  5.2877E-34
  3.0503E+03  5.1379E-34
  3.0723E+03  4.9924E-34
  3.0945E+03  4.8510E-34
  3.1168E+03  4.7136E-34
  3.1393E+03  4.5801E-34
  3.1619E+03  4.4504E-34
  3.1848E+03  4.3243E-34
  3.2077E+03  4.2019E-34
  3.2309E+03  4.0828E-34
  3.2542E+03  3.9672E-34
  3.2777E+03  3.8549E-34
  3.3013E+03  3.7457E-34
  3.3251E+03  3.6396E-34
  3.3491E+03  3.5365E-34
  3.3733E+03  3.4364E-34
  3.3976E+03  3.3390E-34
  3.4221E+03  3.2445E-34
  3.4468E+03  3.1526E-34
  3.4717E+03  3.0633E-34
  3.4967E+03  2.9766E-34
  3.5220E+03  2.8923E-34
  3.5474E+03  2.8104E-34
  3.5730E+03  2.7308E-34
  3.5987E+03  2.6534E-34
  3.6247E+03  2.5783E-34
  3.6509E+03  2.5053E-34
  3.6772E+03  2.4343E-34
  3.7037E+03  2.3654E-34
  3.7304E+03  2.2984E-34
  3.7573E+03  2.2333E-34
  3.7844E+03  2.1701E-34
  3.8117E+03  2.1086E-34
  3.8392E+03  2.0489E-34
  3.8669E+03  1.9909E-34
  3.8948E+03  1.9345E-34
  3.9229E+03  1.8798E-34
  3.9512E+03  1.8265E-34
  3.9797E+03  1.7748E-34
  4.0084E+03  1.7246E-34
  4.0373E+03  1.6757E-34
  4.0664E+03  1.6283E-34
  4.0958E+03  1.5822E-34
  4.1253E+03  1.5374E-34
  4.1551E+03  1.4938E-34
  4.1850E+03  1.4515E-34
  4.2152E+03  1.4104E-34
  4.2456E+03  1.3705E-34
  4.2762E+03  1.3317E-34
  4.3071E+03  1.2940E-34
  4.3381E+03  1.2574E-34
  4.3694E+03  1.2218E-34
  4.4009E+03  1.1872E-34
  4.4327E+03  1.1536E-34
  4.4646E+03  1.1209E-34
  4.4968E+03  1.0892E-34
  4.5292E+03  1.0583E-34
  4.5619E+03  1.0284E-34
  4.5948E+03  9.9924E-35
  4.6279E+03  9.7095E-35
  4.6613E+03  9.4346E-35
  4.6949E+03  9.1675E-35
  4.7288E+03  8.9080E-35
  4.7629E+03  8.6558E-35
  4.7972E+03  8.4107E-35
  4.8318E+03  8.1726E-35
  4.8666E+03  7.9412E-35
  4.9017E+03  7.7164E-35
  4.9371E+03  7.4979E-35
  4.9727E+03  7.2857E-35
  5.0085E+03  7.0794E-35
  5.0446E+03  6.8790E-35
  5.0810E+03  6.6842E-35
  5.1176E+03  6.4950E-35
  5.1545E+03  6.3111E-35
  5.1917E+03  6.1325E-35
  5.2291E+03  5.9589E-35
  5.2668E+03  5.7902E-35
  5.3048E+03  5.6263E-35
  5.3430E+03  5.4670E-35
  5.3816E+03  5.3122E-35
  5.4204E+03  5.1618E-35
  5.4594E+03  5.0157E-35
  5.4988E+03  4.8737E-35
  5.5384E+03  4.7358E-35
  5.5784E+03  4.6017E-35
  5.6186E+03  4.4714E-35
  5.6591E+03  4.3449E-35
  5.6999E+03  4.2219E-35
  5.7410E+03  4.1024E-35
  5.7824E+03  3.9862E-35
  5.8240E+03  3.8734E-35
  5.8660E+03  3.7637E-35
  5.9083E+03  3.6572E-35
  5.9509E+03  3.5537E-35
  5.9938E+03  3.4531E-35
  6.0370E+03  3.3553E-35
  6.0805E+03  3.2604E-35
  6.1243E+03  3.1681E-35
  6.1685E+03  3.0784E-35
  6.2130E+03  2.9913E-35
  6.2577E+03  2.9066E-35
  6.3028E+03  2.8243E-35
  6.3483E+03  2.7444E-35
  6.3940E+03  2.6667E-35
  6.4401E+03  2.5912E-35
  6.4865E+03  2.5179E-35
  6.5333E+03  2.4466E-35
  6.5804E+03  2.3773E-35
  6.6278E+03  2.3100E-35
  6.6756E+03  2.2447E-35
  6.7237E+03  2.1811E-35
  6.7722E+03  2.1194E-35
  6.8210E+03  2.0594E-35
  6.8701E+03  2.0011E-35
  6.9196E+03  1.9445E-35
  6.9695E+03  1.8894E-35
  7.0197E+03  1.8360E-35
  7.0703E+03  1.7840E-35
  7.1213E+03  1.7335E-35
  7.1726E+03  1.6844E-35
  7.2243E+03  1.6368E-35
  7.2764E+03  1.5904E-35
  7.3288E+03  1.5454E-35
  7.3816E+03  1.5017E-35
  7.4348E+03  1.4592E-35
  7.4884E+03  1.4179E-35
  7.5424E+03  1.3777E-35
  7.5967E+03  1.3387E-35
  7.6515E+03  1.3009E-35
  7.7066E+03  1.2640E-35
  7.7622E+03  1.2283E-35
  7.8181E+03  1.1935E-35
  7.8744E+03  1.1597E-35
  7.9312E+03  1.1269E-35
  7.9883E+03  1.0950E-35
  8.0459E+03  1.0640E-35
  8.1039E+03  1.0339E-35
  8.1623E+03  1.0046E-35
  8.2211E+03  9.7620E-36
  8.2803E+03  9.4857E-36
  8.3400E+03  9.2173E-36
  8.4001E+03  8.9564E-36
  8.4606E+03  8.7029E-36
  8.5216E+03  8.4566E-36
  8.5830E+03  8.2173E-36
  8.6449E+03  7.9847E-36
  8.7071E+03  7.7587E-36
  8.7699E+03  7.5392E-36
  8.8331E+03  7.3258E-36
  8.8967E+03  7.1185E-36
  8.9608E+03  6.9170E-36
  9.0249E+03  6.7226E-36
