    0.0000000000E+00    5.0000000000E-03    1.0000000000E+02    0.0000000000E+00    1.0050000849E-02    6.7000001669E-01    0.0000000000E+00
    1.0000000000E-02    1.5000000000E-02    1.0000000000E+02    0.0000000000E+00    1.0050000849E-02    6.7000001669E-01    0.0000000000E+00
    2.0000000000E-02    2.5000000000E-02    1.0000000000E+02    0.0000000000E+00    1.0050000849E-02    6.7000001669E-01    0.0000000000E+00
    3.0000000000E-02    3.5000000000E-02    1.0000000000E+02    0.0000000000E+00    1.0050000849E-02    6.7000001669E-01    0.0000000000E+00
    4.0000000000E-02    4.5000000000E-02    1.0000000000E+02    0.0000000000E+00    1.0050000849E-02    6.7000001669E-01    0.0000000000E+00
    5.0000000000E-02    5.5000000000E-02    1.0000000000E+02    0.0000000000E+00    1.0050000849E-02    6.7000001669E-01    0.0000000000E+00
    6.0000000000E-02    6.5000000000E-02    1.0000000000E+02    0.0000000000E+00    1.0050000849E-02    6.7000001669E-01    0.0000000000E+00
    7.0000000000E-02    7.5000000000E-02    1.0000000000E+02    0.0000000000E+00    1.0050000849E-02    6.7000001669E-01    0.0000000000E+00
    8.0000000000E-02    8.5000000000E-02    1.0000000000E+02    5.8783839884E-17    1.0050000849E-02    6.7000001669E-01    5.8783839884E-15
    9.0000000000E-02    9.5000000000E-02    1.0000000000E+02    6.8066220985E-16    1.0050000849E-02    6.7000001669E-01    6.8066220985E-14
    1.0000000000E-01    1.0500000000E-01    1.0000000000E+02    7.7048885339E-15    1.0050000849E-02    6.7000001669E-01    7.7048885339E-13
    1.1000000000E-01    1.1500000000E-01    1.0000000000E+02    8.1511085387E-14    1.0050000849E-02    6.7000001669E-01    8.1511085387E-12
    1.2000000000E-01    1.2500000000E-01    9.9999999997E+01    8.0327336598E-13    1.0050000849E-02    6.7000001667E-01    8.0327336597E-11
    1.3000000000E-01    1.3500000000E-01    9.9999999973E+01    7.3469120169E-12    1.0050000848E-02    6.7000001652E-01    7.3469120158E-10
    1.4000000000E-01    1.4500000000E-01    9.9999999785E+01    6.2206274537E-11    1.0050000835E-02    6.7000001525E-01    6.2206274462E-09
    1.5000000000E-01    1.5500000000E-01    9.9999998411E+01    4.8612359360E-10    1.0050000743E-02    6.7000000578E-01    4.8612358922E-08
    1.6000000000E-01    1.6500000000E-01    9.9999989214E+01    3.4942050855E-09    1.0050000127E-02    6.6999994058E-01    3.4942048693E-07
    1.7000000000E-01    1.7500000000E-01    9.9999933074E+01    2.3010022935E-08    1.0049996365E-02    6.6999953102E-01    2.3010013995E-06
    1.8000000000E-01    1.8500000000E-01    9.9999622455E+01    1.3817954224E-07    1.0049975554E-02    6.6999719672E-01    1.3817923516E-05
    1.9000000000E-01    1.9500000000E-01    9.9998075394E+01    7.5257670254E-07    1.0049871901E-02    6.6998520599E-01    7.5256803981E-05
    2.0000000000E-01    2.0500000000E-01    9.9991199978E+01    3.6929631221E-06    1.0049411246E-02    6.6993015706E-01    3.6927650938E-04
    2.1000000000E-01    2.1500000000E-01    9.9964241455E+01    1.6195813141E-05    1.0047604985E-02    6.6970669987E-01    1.6192204830E-03
    2.2000000000E-01    2.2500000000E-01    9.9872356986E+01    6.2842782889E-05    1.0041448151E-02    6.6891600891E-01    6.2791439845E-03
    2.3000000000E-01    2.3500000000E-01    9.9605399944E+01    2.1305261228E-04    1.0023555866E-02    6.6652313951E-01    2.1249628603E-02
    2.4000000000E-01    2.4500000000E-01    9.8960180696E+01    6.2178250875E-04    9.9802788580E-03    6.6048033884E-01    6.1732302440E-02
    2.5000000000E-01    2.5500000000E-01    9.7695809433E+01    1.5385666425E-03    9.8953150606E-03    6.4809595238E-01    1.5128417323E-01
    2.6000000000E-01    2.6500000000E-01    9.5719429588E+01    3.1960220554E-03    9.7619972767E-03    6.2793361378E-01    3.0907968488E-01
    2.7000000000E-01    2.7500000000E-01    9.3226056776E+01    5.5960433921E-03    9.5927215984E-03    6.0175828889E-01    5.2867357022E-01
    2.8000000000E-01    2.8500000000E-01    9.0545659431E+01    8.4594003119E-03    9.4091417387E-03    5.7335800824E-01    7.7729925670E-01
    2.9000000000E-01    2.9500000000E-01    8.7884358861E+01    1.1471372453E-02    9.2250831668E-03    5.4543105669E-01    1.0234185983E+00
    3.0000000000E-01    3.0500000000E-01    8.5293900863E+01    1.4484259409E-02    9.0442230311E-03    5.1876314778E-01    1.2541794189E+00
    3.1000000000E-01    3.1500000000E-01    8.2773351686E+01    1.7472342702E-02    8.8666333292E-03    4.9335254499E-01    1.4682643168E+00
    3.2000000000E-01    3.2500000000E-01    8.0317704111E+01    2.0438366070E-02    8.6920443520E-03    4.6910969898E-01    1.6666573506E+00
    3.3000000000E-01    3.3500000000E-01    7.7922674812E+01    2.3386087109E-02    8.5202197928E-03    4.4595664292E-01    1.8503116428E+00
    3.4000000000E-01    3.4500000000E-01    7.5584553695E+01    2.6318884154E-02    8.3509561685E-03    4.2382486209E-01    2.0200694820E+00
    3.5000000000E-01    3.5500000000E-01    7.3300244763E+01    2.9239656615E-02    8.1840867890E-03    4.0265513241E-01    2.1766701910E+00
    3.6000000000E-01    3.6500000000E-01    7.1067163123E+01    3.2150816748E-02    8.0194764310E-03    3.8239592803E-01    2.3207650377E+00
    3.7000000000E-01    3.7500000000E-01    6.8883141662E+01    3.5054359315E-02    7.8570160188E-03    3.6300196655E-01    2.4529341351E+00
    3.8000000000E-01    3.8500000000E-01    6.6746350578E+01    3.7951932661E-02    7.6966178940E-03    3.4443300112E-01    2.5737006782E+00
    3.9000000000E-01    3.9500000000E-01    6.4655232498E+01    4.0844904119E-02    7.5382119612E-03    3.2665285775E-01    2.6835425310E+00
    4.0000000000E-01    4.0500000000E-01    6.2608449776E+01    4.3734414567E-02    7.3817425622E-03    3.0962866875E-01    2.7829013200E+00
    4.1000000000E-01    4.1500000000E-01    6.0604841003E+01    4.6621420802E-02    7.2271658862E-03    2.9333025902E-01    2.8721893389E+00
    4.2000000000E-01    4.2500000000E-01    5.8643386052E+01    4.9506727233E-02    7.0744478764E-03    2.7772966580E-01    2.9517947249E+00
    4.3000000000E-01    4.3500000000E-01    5.6723179541E+01    5.2391010713E-02    6.9235626550E-03    2.6280077356E-01    3.0220854870E+00
    4.4000000000E-01    4.4500000000E-01    5.4843411213E+01    5.5274841064E-02    6.7744914056E-03    2.4851903694E-01    3.0834127860E+00
    4.5000000000E-01    4.5500000000E-01    5.3003351131E+01    5.8158697719E-02    6.6272215899E-03    2.3486126471E-01    3.1361136256E+00
    4.6000000000E-01    4.6500000000E-01    5.1202338000E+01    6.1042982081E-02    6.4817463924E-03    2.2180544678E-01    3.1805130072E+00
    4.7000000000E-01    4.7500000000E-01    4.9439769843E+01    6.3928025593E-02    6.3380643444E-03    2.0933061454E-01    3.2169256229E+00
    4.8000000000E-01    4.8500000000E-01    4.7715096754E+01    6.6814094035E-02    6.1961791192E-03    1.9741672933E-01    3.2456571964E+00
    4.9000000000E-01    4.9500000000E-01    4.6027815504E+01    6.9701388647E-02    6.0560995052E-03    1.8604459425E-01    3.2670055801E+00
    5.0000000000E-01    5.0500000000E-01    4.4377465757E+01    7.2590044389E-02    5.9178395685E-03    1.7519578522E-01    3.2812616899E+00
    5.1000000000E-01    5.1500000000E-01    4.2763627577E+01    7.5480125410E-02    5.7814190318E-03    1.6485259790E-01    3.2887103266E+00
    5.2000000000E-01    5.2500000000E-01    4.1185919814E+01    7.8371617595E-02    5.6468639254E-03    1.5499800759E-01    3.2896309127E+00
    5.3000000000E-01    5.3500000000E-01    3.9643998875E+01    8.1264417859E-02    5.5142075917E-03    1.4561564001E-01    3.2842981439E+00
    5.4000000000E-01    5.4500000000E-01    3.8137557401E+01    8.4158319613E-02    5.3834921501E-03    1.3668975115E-01    3.2729825366E+00
    5.5000000000E-01    5.5500000000E-01    3.6666322594E+01    8.7052993569E-02    5.2547705195E-03    1.2820521524E-01    3.2559508421E+00
    5.6000000000E-01    5.6500000000E-01    3.5230054555E+01    8.9947962832E-02    5.1281090565E-03    1.2014752040E-01    3.2334663298E+00
    5.7000000000E-01    5.7500000000E-01    3.3828545692E+01    9.2842570935E-02    5.0035907918E-03    1.1250277221E-01    3.2057889961E+00
    5.8000000000E-01    5.8500000000E-01    3.2461623056E+01    9.5735941179E-02    4.8813191524E-03    1.0525770548E-01    3.1731758480E+00
    5.9000000000E-01    5.9500000000E-01    3.1129155933E+01    9.8626925177E-02    4.7614219861E-03    9.8399704781E-02    3.1358815006E+00
    6.0000000000E-01    6.0500000000E-01    2.9831071043E+01    1.0151403799E-01    4.6440556786E-03    9.1916833835E-02    3.0941593986E+00
    6.1000000000E-01    6.1500000000E-01    2.8567377146E+01    1.0439537657E-01    4.5294092052E-03    8.5797873733E-02    3.0482639948E+00
    6.2000000000E-01    6.2500000000E-01    2.7338199670E+01    1.0726851745E-01    4.4177080934E-03    8.0032369519E-02    2.9984541713E+00
    6.3000000000E-01    6.3500000000E-01    2.6143824461E+01    1.1013038906E-01    4.3092184839E-03    7.4610684262E-02    2.9449980625E+00
    6.4000000000E-01    6.4500000000E-01    2.4984747845E+01    1.1297711305E-01    4.2042517308E-03    6.9524059173E-02    2.8881792467E+00
    6.5000000000E-01    6.5500000000E-01    2.3861728214E+01    1.1580380953E-01    4.1031702636E-03    6.4764677326E-02    2.8283040048E+00
    6.6000000000E-01    6.6500000000E-01    2.2775832103E+01    1.1860436116E-01    4.0063956992E-03    6.0325726676E-02    2.7657090237E+00
    6.7000000000E-01    6.7500000000E-01    2.1728465235E+01    1.2137113408E-01    3.9144204289E-03    5.6201454805E-02    2.7007685198E+00
    6.8000000000E-01    6.8500000000E-01    2.0721375780E+01    1.2409465890E-01    3.8278240883E-03    5.2387202489E-02    2.6338992706E+00
    6.9000000000E-01    6.9500000000E-01    1.9756613025E+01    1.2676328541E-01    3.7472964245E-03    4.8879395176E-02    2.5655614239E+00
    7.0000000000E-01    7.0500000000E-01    1.8836419546E+01    1.2936284265E-01    3.6736680587E-03    4.5675460429E-02    2.4962522000E+00
    7.1000000000E-01    7.1500000000E-01    1.7963029817E+01    1.3187636333E-01    3.6079504186E-03    4.2773626244E-02    2.4264887773E+00
    7.2000000000E-01    7.2500000000E-01    1.7138345311E+01    1.3428397053E-01    3.5513855571E-03    4.0172542817E-02    2.3567760116E+00
    7.3000000000E-01    7.3500000000E-01    1.6363460800E+01    1.3656307015E-01    3.5055055332E-03    3.7870665596E-02    2.2875547491E+00
    7.4000000000E-01    7.4500000000E-01    1.5638037002E+01    1.3868903281E-01    3.4721994355E-03    3.5865351351E-02    2.2191283893E+00
    7.5000000000E-01    7.5500000000E-01    1.4959560780E+01    1.4063655376E-01    3.4537841479E-03    3.4151665704E-02    2.1515703528E+00
    7.6000000000E-01    7.6500000000E-01    1.4322611418E+01    1.4238180723E-01    3.4530731608E-03    3.2720990224E-02    2.0846242986E+00
    7.7000000000E-01    7.7500000000E-01    1.3718350315E+01    1.4390531829E-01    3.4734370212E-03    3.1559643955E-02    2.0176217617E+00
    7.8000000000E-01    7.8500000000E-01    1.3134535052E+01    1.4519516340E-01    3.5188498520E-03    3.0647862243E-02    1.9494545394E+00
    7.9000000000E-01    7.9500000000E-01    1.2556362397E+01    1.4624977124E-01    3.5939174881E-03    2.9959537160E-02    1.8786439375E+00
    8.0000000000E-01    8.0500000000E-01    1.1968302061E+01    1.4707942361E-01    3.7038798807E-03    2.9463043009E-02    1.8035367564E+00
    8.1000000000E-01    8.1500000000E-01    1.1356778819E+01    1.4770574823E-01    3.8545668263E-03    2.9123214972E-02    1.7226242620E+00
    8.2000000000E-01    8.2500000000E-01    1.0713179927E+01    1.4815907899E-01    4.0522559214E-03    2.8904179550E-02    1.6349323805E+00
    8.3000000000E-01    8.3500000000E-01    1.0036382481E+01    1.4847429469E-01    4.3033348975E-03    2.8772405882E-02    1.5403883218E+00
    8.4000000000E-01    8.4500000000E-01    9.3339855737E+00    1.4868625259E-01    4.6136186199E-03    2.8699229424E-02    1.4400537187E+00
    8.5000000000E-01    8.5500000000E-01    8.6217490015E+00    1.4882595539E-01    4.9871445762E-03    2.8662272425E-02    1.3361396765E+00
    8.6000000000E-01    8.6500000000E-01    7.9212678874E+00    1.4891817214E-01    5.4243293272E-03    2.8645569389E-02    1.2317779184E+00
    8.7000000000E-01    8.7500000000E-01    7.2564295157E+00    1.4898063178E-01    5.9195998977E-03    2.8638597031E-02    1.1305914741E+00
    8.8000000000E-01    8.8500000000E-01    6.6495057838E+00    1.4902437571E-01    6.4590807404E-03    2.8634576532E-02    1.0361616633E+00
    8.9000000000E-01    8.9500000000E-01    6.1177322510E+00    1.4905441582E-01    7.0194971982E-03    2.8627907469E-02    9.5150660345E-01
    9.0000000000E-01    9.0500000000E-01    5.6707157106E+00    1.4906825195E-01    7.5695264233E-03    2.8604615776E-02    8.7864166544E-01
    9.1000000000E-01    9.1500000000E-01    5.3059017009E+00    1.4903215064E-01    8.0719184374E-03    2.8471109195E-02    8.1793444980E-01
    9.2000000000E-01    9.2500000000E-01    4.9856526924E+00    1.4868949411E-01    8.4697981775E-03    2.7698502467E-02    7.6512300820E-01
    9.3000000000E-01    9.3500000000E-01    4.5731786210E+00    1.4677090418E-01    8.6149982740E-03    2.4668705221E-02    7.0147915740E-01
    9.4000000000E-01    9.4500000000E-01    3.8402002345E+00    1.3988070565E-01    8.1503058147E-03    1.7695514572E-02    5.8843468560E-01
    9.5000000000E-01    9.5500000000E-01    2.7952631749E+00    1.2351819581E-01    6.5316806643E-03    8.8245155777E-03    4.0980023434E-01
    9.6000000000E-01    9.6500000000E-01    1.8693150298E+00    9.5637865793E-02    3.6699283345E-03    2.6904864594E-03    2.2305515216E-01
    9.7000000000E-01    9.7500000000E-01    1.3285671614E+00    5.8917017248E-02    1.0447525197E-03    3.6447700758E-04    9.4204840109E-02
    9.8000000000E-01    9.8500000000E-01    1.0712701774E+00    2.2328584644E-02    5.3586586955E-05    4.7468060102E-06    2.6792485576E-02
    9.9000000000E-01    9.9500000000E-01    1.0000000000E+00    1.3381889464E-03    1.0050000898E-07    6.7000001991E-08    1.3858754282E-03
    1.0000000000E+00    1.0050000000E+00    1.0000000000E+00    1.3381889464E-03    1.0050000898E-07    6.7000001991E-08    1.3858754282E-03
